target_id	length	eff_length	est_counts	tpm
lcl|NW_015386077.1_cds_XP_029143084.1_1	1203	1193.14	22	1.71724
lcl|NW_015386077.1_cds_XP_015680198.1_2	4665	4537.29	100	2.0526
lcl|NW_015386077.1_cds_XP_015687298.1_3	696	659.052	44.1472	6.23857
lcl|NW_015386077.1_cds_XP_015665765.1_4	2061	1980.03	2	0.094072
lcl|NW_015386078.1_cds_XP_015666892.1_5	597	577.442	5	0.806423
lcl|NW_015386079.1_cds_XP_029139238.1_6	1026	987.949	0	0
lcl|NW_015386079.1_cds_XP_015672503.1_7	2103	1991.89	434.829	20.3308
lcl|NW_015386079.1_cds_XP_015674734.1_8	3069	3003.15	768	23.8169
lcl|NW_015386079.1_cds_XP_015673617.1_9	360	329.681	58	16.3846
lcl|NW_015386079.1_cds_XP_015675845.1_10	1059	955.412	168	16.3765
lcl|NW_015386079.1_cds_XP_015676935.1_11	972	970.944	333.205	31.9609
lcl|NW_015386079.1_cds_XP_015678366.1_12	972	970.944	333.205	31.9609
lcl|NW_015386079.1_cds_XP_015677654.1_13	864	868.956	884.589	94.808
lcl|NW_015386079.1_cds_XP_015679465.1_14	2586	2531.95	93.8042	3.45039
lcl|NW_015386079.1_cds_XP_015680546.1_15	420	390.617	256	61.0366
lcl|NW_015386079.1_cds_XP_029141162.1_16	1881	1830.96	135	6.86683
lcl|NW_015386079.1_cds_XP_015669140.1_17	573	565.246	19	3.13053
lcl|NW_015386079.1_cds_XP_029142589.1_18	13848	14084	14	0.0925771
lcl|NW_015386079.1_cds_XP_015683337.1_19	1833	1786.15	0.00442938	0.000230955
lcl|NW_015386079.1_cds_XP_015682634.1_20	1836	1788.17	167.996	8.74966
lcl|NW_015386079.1_cds_XP_015685037.1_21	2289	2295.61	127	5.15237
lcl|NW_015386079.1_cds_XP_015684353.1_22	2340	2344.61	0	0
lcl|NW_015386079.1_cds_XP_015686033.1_23	261	236.369	519	204.493
lcl|NW_015386080.1_cds_XP_015686929.1_24	2136	2165.87	15	0.644999
lcl|NW_015386080.1_cds_XP_015687480.1_25	1008	929.776	266	26.6443
lcl|NW_015386080.1_cds_XP_015687593.1_26	672	653.699	41	5.84127
lcl|NW_015386080.1_cds_XP_015687037.1_27	1671	1652.5	45.0982	2.54167
lcl|NW_015386080.1_cds_XP_015687703.1_28	1362	1269.34	234	17.1688
lcl|NW_015386080.1_cds_XP_015687147.1_29	1422	1421.65	155	10.1541
lcl|NW_015386080.1_cds_XP_029143147.1_30	1566	1556.61	3	0.179491
lcl|NW_015386080.1_cds_XP_015687929.1_31	2682	2773.28	473	15.8843
lcl|NW_015386080.1_cds_XP_015665398.1_32	954	894.248	362.973	37.8022
lcl|NW_015386080.1_cds_XP_015665473.1_33	954	894.248	362.973	37.8022
lcl|NW_015386080.1_cds_XP_015665546.1_34	933	876.04	89.0543	9.46743
lcl|NW_015386080.1_cds_XP_015667036.1_35	654	615.949	0	0
lcl|NW_015386080.1_cds_XP_015665655.1_36	801	735.827	6	0.759411
lcl|NW_015386080.1_cds_XP_015665766.1_37	1875	1886.43	180	8.88654
lcl|NW_015386080.1_cds_XP_015665881.1_38	1098	1102.71	282	23.8171
lcl|NW_015386080.1_cds_XP_015665994.1_39	1599	1503.64	78	4.83117
lcl|NW_015386080.1_cds_XP_015666064.1_40	1254	1154.67	0	0
lcl|NW_015386080.1_cds_XP_015666249.1_41	930	842.858	886.897	97.9987
lcl|NW_015386080.1_cds_XP_015666179.1_42	930	849.096	868.103	95.2173
lcl|NW_015386080.1_cds_XP_015687256.1_43	1083	1093.46	14	1.19241
lcl|NW_015386080.1_cds_XP_015667143.1_44	354	321.523	1646	476.781
lcl|NW_015386080.1_cds_XP_015666359.1_45	450	388.638	1056	253.058
lcl|NW_015386080.1_cds_XP_015666470.1_46	1506	1495.12	475	29.5883
lcl|NW_015386080.1_cds_XP_015687374.1_47	2010	2035.84	5	0.228733
lcl|NW_015386080.1_cds_XP_015666585.1_48	3540	3688.92	107	2.70138
lcl|NW_015386080.1_cds_XP_015666813.1_49	912	876.006	300	31.8945
lcl|NW_015386080.1_cds_XP_015666700.1_50	933	946.52	707	69.5651
lcl|NW_015386080.1_cds_XP_015666930.1_51	624	603.968	887	136.776
lcl|NW_015386081.1_cds_XP_015667260.1_52	783	745.366	1	0.124949
lcl|NW_015386081.1_cds_XP_015667488.1_53	1464	1430.97	16	1.04134
lcl|NW_015386081.1_cds_XP_015668016.1_54	2667	2628.95	0	0
lcl|NW_015386081.1_cds_XP_015667600.1_55	2226	2165.89	272	11.6959
lcl|NW_015386081.1_cds_XP_015667716.1_56	471	432.949	0	0
lcl|NW_015386081.1_cds_XP_015667830.1_57	1641	1582.06	6.41699	0.377754
lcl|NW_015386081.1_cds_XP_015667904.1_58	1392	1335.52	23.583	1.64456
lcl|NW_015386081.1_cds_XP_029139139.1_59	3744	3746.51	483.81	12.0268
lcl|NW_015386082.1_cds_XP_015668246.1_60	1128	1098.34	527.367	44.7175
lcl|NW_015386082.1_cds_XP_015668361.1_61	2613	2549.63	1901.02	69.4403
lcl|NW_015386082.1_cds_XP_015669141.1_62	1797	1719.59	117	6.33668
lcl|NW_015386082.1_cds_XP_029139423.1_63	2127	2017.15	3	0.138511
lcl|NW_015386082.1_cds_XP_015669253.1_64	1080	1055.36	350.102	30.8954
lcl|NW_015386082.1_cds_XP_015669330.1_65	1062	1032.2	497.898	44.9239
lcl|NW_015386082.1_cds_XP_015668584.1_66	1857	1536.75	8	0.484829
lcl|NW_015386082.1_cds_XP_015668691.1_67	1176	1137.95	0	0
lcl|NW_015386082.1_cds_XP_015671126.1_68	1158	1119.95	0	0
lcl|NW_015386082.1_cds_XP_015669447.1_69	2778	2679.96	321	11.1552
lcl|NW_015386082.1_cds_XP_015668804.1_70	1383	1375.56	2	0.13541
lcl|NW_015386082.1_cds_XP_015668918.2_71	684	628.183	21	3.1134
lcl|NW_015386082.1_cds_XP_015671244.1_72	699	672.485	59	8.17091
lcl|NW_015386082.1_cds_XP_015669564.1_73	2109	2072.15	254	11.416
lcl|NW_015386082.1_cds_XP_015669781.1_74	876	828.009	80	8.99821
lcl|NW_015386082.1_cds_XP_015669671.1_75	1338	1292.01	21.0604	1.51811
lcl|NW_015386082.1_cds_XP_015669891.1_76	1338	1286.75	109.94	7.95722
lcl|NW_015386082.1_cds_XP_015671357.1_77	420	328.444	37	10.4916
lcl|NW_015386082.1_cds_XP_015670158.1_78	1977	1923.1	22.9999	1.11385
lcl|NW_015386082.1_cds_XP_015670086.1_79	2001	1949.74	0.000100058	4.77943e-06
lcl|NW_015386082.1_cds_XP_015670379.1_80	696	635.269	4	0.586413
lcl|NW_015386082.1_cds_XP_015670492.2_81	3033	2927.42	301	9.57598
lcl|NW_015386082.1_cds_XP_029139499.1_82	1353	1274.87	7	0.511369
lcl|NW_015386082.1_cds_XP_015670790.1_83	753	710.312	2	0.26223
lcl|NW_015386082.1_cds_XP_015670603.1_84	1203	1143.61	67	5.45628
lcl|NW_015386082.1_cds_XP_015670680.1_85	1203	1143.61	67	5.45628
lcl|NW_015386082.1_cds_XP_029139857.1_86	1482	1453.73	21.6282	1.3856
lcl|NW_015386082.1_cds_XP_015671471.1_87	1338	1258.75	16	1.18381
lcl|NW_015386082.1_cds_XP_015670900.1_88	1785	1693.23	287	15.7859
lcl|NW_015386082.1_cds_XP_015671013.1_89	1944	1839.92	59	2.98645
lcl|NW_015386083.1_cds_XP_029139962.1_90	2536	2497.95	0	0
lcl|NW_015386083.1_cds_XP_029140141.1_91	1002	963.949	0	0
lcl|NW_015386083.1_cds_XP_015671651.1_92	909	819.656	51.7381	5.87868
lcl|NW_015386083.1_cds_XP_015671724.1_93	909	819.656	51.7381	5.87868
lcl|NW_015386083.1_cds_XP_015671799.1_94	909	819.656	51.7381	5.87868
lcl|NW_015386083.1_cds_XP_015671876.1_95	909	819.656	51.7381	5.87868
lcl|NW_015386083.1_cds_XP_015671951.1_96	870	775.567	114.048	13.6952
lcl|NW_015386083.1_cds_XP_015672393.1_97	312	273.949	0	0
lcl|NW_015386083.1_cds_XP_015672062.1_98	381	293.265	0	0
lcl|NW_015386083.1_cds_XP_015672174.1_99	381	293.332	0	0
lcl|NW_015386083.1_cds_XP_015672282.1_100	312	230.926	6	2.4198
lcl|NW_015386084.1_cds_XP_015673057.1_101	501	405.725	4	0.918184
lcl|NW_015386084.1_cds_XP_015672832.1_102	3459	3250.19	50.0186	1.43326
lcl|NW_015386084.1_cds_XP_015673167.1_103	1341	1274.98	33	2.41053
lcl|NW_015386084.1_cds_XP_015673279.1_104	609	511.758	28	5.09559
lcl|NW_015386084.1_cds_XP_015672945.1_105	1050	982.996	11	1.04218
lcl|NW_015386084.1_cds_XP_015672724.1_106	300	226.618	30	12.329
lcl|NW_015386085.1_cds_XP_015674175.1_107	1325	1344.65	72.6667	5.03299
lcl|NW_015386085.1_cds_XP_015674246.1_108	1325	1344.65	72.6667	5.03299
lcl|NW_015386085.1_cds_XP_015674319.1_109	1325	1344.65	72.6667	5.03299
lcl|NW_015386085.1_cds_XP_029140317.1_110	1074	1087	8	0.685427
lcl|NW_015386085.1_cds_XP_029140492.1_111	2703	2696.31	17	0.587192
lcl|NW_015386085.1_cds_XP_015674547.1_112	1077	1076.77	11.5	0.994667
lcl|NW_015386085.1_cds_XP_015674621.1_113	1077	1076.77	11.5	0.994667
lcl|NW_015386085.1_cds_XP_015674735.1_114	675	631.116	9140	1348.77
lcl|NW_015386085.1_cds_XP_015674840.1_115	2187	2239.51	853	35.4729
lcl|NW_015386085.1_cds_XP_015673618.1_116	3030	2984.95	115	3.58808
lcl|NW_015386085.1_cds_XP_029140535.1_117	3012	3075.36	4	0.121134
lcl|NW_015386085.1_cds_XP_015673846.1_118	996	1030.08	14	1.26578
lcl|NW_015386085.1_cds_XP_015673955.1_119	2085	1984.95	235	11.026
lcl|NW_015386085.1_cds_XP_015674062.2_120	582	543.949	0	0
lcl|NW_015386085.1_cds_XP_029140609.1_121	690	612.676	1	0.152009
lcl|NW_015386085.1_cds_XP_015674950.1_122	3753	3850.21	15	0.362834
lcl|NW_015386085.1_cds_XP_015675064.1_123	1206	1232.28	52	3.93003
lcl|NW_015386086.1_cds_XP_029140660.1_124	1242	1188.58	18	1.41042
lcl|NW_015386086.1_cds_XP_029140683.1_125	2151	2192.12	2	0.0849704
lcl|NW_015386086.1_cds_XP_029140703.1_126	1833	1786.41	3	0.156401
lcl|NW_015386087.1_cds_XP_015676029.1_127	5769	5898.44	53	0.836835
lcl|NW_015386087.1_cds_XP_015676142.1_128	2781	2752.52	376	12.7221
lcl|NW_015386087.1_cds_XP_015678294.1_129	1044	1032.87	2.03273e-07	1.83289e-08
lcl|NW_015386087.1_cds_XP_015678224.1_130	1203	1209.83	31	2.38638
lcl|NW_015386087.1_cds_XP_015676254.1_131	3021	3094.9	247	7.43278
lcl|NW_015386087.1_cds_XP_029140750.1_132	1584	1545.95	0	0
lcl|NW_015386087.1_cds_XP_015676503.1_133	2571	2518.51	194	7.17396
lcl|NW_015386087.1_cds_XP_029140975.1_134	1545	1372.11	193	13.1
lcl|NW_015386087.1_cds_XP_015676684.1_135	891	879.622	98	10.376
lcl|NW_015386087.1_cds_XP_015676789.1_136	1569	1553.41	1656	99.2828
lcl|NW_015386087.1_cds_XP_015677004.1_137	1983	2022.63	230	10.5904
lcl|NW_015386087.1_cds_XP_015676896.1_138	3864	3973.76	60.0021	1.40626
lcl|NW_015386087.1_cds_XP_029141036.1_139	3879	3987.15	650.998	15.2061
lcl|NW_015386087.1_cds_XP_015677115.1_140	897	885.426	41	4.31254
lcl|NW_015386087.1_cds_XP_029140787.1_141	9558	9851.6	438.151	4.14208
lcl|NW_015386087.1_cds_XP_015677333.1_142	1638	1601.98	110	6.39496
lcl|NW_015386087.1_cds_XP_029140771.1_143	1521	1518.11	1	0.0613476
lcl|NW_015386087.1_cds_XP_015677447.1_144	2859	2881.73	912	29.4742
lcl|NW_015386087.1_cds_XP_015677548.1_145	954	936.441	592	58.8766
lcl|NW_015386087.1_cds_XP_015677655.1_146	3342	3406.1	22	0.601544
lcl|NW_015386087.1_cds_XP_015677912.1_147	1053	1074.25	283.601	24.5869
lcl|NW_015386087.1_cds_XP_015677838.1_148	1158	1189.57	139.138	10.8933
lcl|NW_015386087.1_cds_XP_015677766.1_149	1251	1285.06	37.2613	2.70045
lcl|NW_015386087.1_cds_XP_029140807.1_150	1926	1890.5	1	0.0492634
lcl|NW_015386087.1_cds_XP_029141301.1_151	1599	1469.61	0	0
lcl|NW_015386087.1_cds_XP_029141287.1_152	1602	1475.72	69	4.35459
lcl|NW_015386087.1_cds_XP_029140837.1_153	1221	1143.87	11	0.895611
lcl|NW_015386087.1_cds_XP_015678114.1_154	597	559.316	18	2.9972
lcl|NW_015386088.1_cds_XP_029141382.1_155	5773	5161.67	44.9294	0.810665
lcl|NW_015386089.1_cds_XP_029141531.1_156	444	405.949	0	0
lcl|NW_015386089.1_cds_XP_015678698.1_157	444	405.949	0	0
lcl|NW_015386089.1_cds_XP_029141472.1_158	618	596.266	27	4.21721
lcl|NW_015386089.1_cds_XP_015679573.1_159	867	847.842	3	0.32954
lcl|NW_015386089.1_cds_XP_015679829.1_160	2067	2010.02	167.437	7.75803
lcl|NW_015386089.1_cds_XP_029141587.1_161	2361	2290.66	12.5631	0.510783
lcl|NW_015386089.1_cds_XP_015679940.1_162	1608	1499.5	93	5.77612
lcl|NW_015386089.1_cds_XP_029142032.1_163	864	825.949	0	0
lcl|NW_015386089.1_cds_XP_015682525.1_164	1713	1732.23	9	0.483881
lcl|NW_015386089.1_cds_XP_015680051.2_165	2007	2014.42	97	4.4846
lcl|NW_015386089.1_cds_XP_015680159.1_166	876	803.877	187	21.6647
lcl|NW_015386089.1_cds_XP_015680271.1_167	627	570.869	87	14.1933
lcl|NW_015386089.1_cds_XP_015682635.1_168	1122	1083.95	0	0
lcl|NW_015386089.1_cds_XP_015680368.1_169	915	891.975	18.0632	1.88601
lcl|NW_015386089.1_cds_XP_015680442.1_170	816	793.214	157.937	18.5436
lcl|NW_015386089.1_cds_XP_015680547.1_171	2826	2796.71	175	5.82763
lcl|NW_015386089.1_cds_XP_015680657.1_172	441	382.535	620	150.946
lcl|NW_015386089.1_cds_XP_015678809.1_173	1146	1107.95	0	0
lcl|NW_015386089.1_cds_XP_015680764.1_174	3180	3136.93	2553	75.7961
lcl|NW_015386089.1_cds_XP_015680859.1_175	582	580.06	69.6667	11.1854
lcl|NW_015386089.1_cds_XP_015680930.1_176	582	580.06	69.6667	11.1854
lcl|NW_015386089.1_cds_XP_015680999.1_177	582	580.06	69.6667	11.1854
lcl|NW_015386089.1_cds_XP_015678919.1_178	2616	2577.95	0	0
lcl|NW_015386089.1_cds_XP_015681243.1_179	1407	1393.3	32	2.13898
lcl|NW_015386089.1_cds_XP_015681353.1_180	2901	2938.63	22	0.697234
lcl|NW_015386089.1_cds_XP_015681439.1_181	762	677.274	29.1834	4.01303
lcl|NW_015386089.1_cds_XP_015681509.1_182	636	607.651	48.8166	7.48195
lcl|NW_015386089.1_cds_XP_015681615.1_183	474	447.941	27	5.61363
lcl|NW_015386089.1_cds_XP_015681689.1_184	474	447.941	27	5.61363
lcl|NW_015386089.1_cds_XP_015681760.1_185	474	447.941	27	5.61363
lcl|NW_015386089.1_cds_XP_015682738.1_186	1248	1222.08	5	0.381042
lcl|NW_015386089.1_cds_XP_029141450.1_187	2514	2502.85	9	0.334895
lcl|NW_015386089.1_cds_XP_015681861.1_188	1389	1373.08	42	2.84876
lcl|NW_015386089.1_cds_XP_029142182.1_189	1950	1911.95	0	0
lcl|NW_015386089.1_cds_XP_015682075.1_190	675	629.848	1979	292.625
lcl|NW_015386089.1_cds_XP_015682173.1_191	1899	1897.35	124	6.08662
lcl|NW_015386089.1_cds_XP_015682247.1_192	1899	1897.35	124	6.08662
lcl|NW_015386089.1_cds_XP_015682316.1_193	1899	1897.35	124	6.08662
lcl|NW_015386089.1_cds_XP_015679137.1_194	930	891.949	0	0
lcl|NW_015386089.1_cds_XP_015679245.1_195	930	891.949	0	0
lcl|NW_015386089.1_cds_XP_015679355.1_196	954	915.949	0	0
lcl|NW_015386089.1_cds_XP_015679466.1_197	936	897.949	0	0
lcl|NW_015386090.1_cds_XP_015683192.1_198	1536	1503.55	290.288	17.981
lcl|NW_015386090.1_cds_XP_015683264.1_199	1473	1441.19	326.712	21.1127
lcl|NW_015386091.1_cds_XP_015683370.1_200	1893	1856.17	7.9381	0.398291
lcl|NW_015386091.1_cds_XP_029142437.1_201	1626	1651.77	1	0.0563833
lcl|NW_015386091.1_cds_XP_029142423.1_202	1752	1776.77	0	0
lcl|NW_015386092.1_cds_XP_029142519.1_203	765	724.912	59.8684	7.69155
lcl|NW_015386092.1_cds_XP_029142500.1_204	768	727.614	112.494	14.3989
lcl|NW_015386092.1_cds_XP_029142485.1_205	774	742.519	24.6065	3.08634
lcl|NW_015386092.1_cds_XP_015683581.1_206	777	745.222	47.1135	5.88791
lcl|NW_015386092.1_cds_XP_029142548.1_207	3873	3774.63	9	0.22206
lcl|NW_015386094.1_cds_XP_015683769.1_208	2427	2388.95	0	0
lcl|NW_015386094.1_cds_XP_015685072.1_209	1602	1583.9	2	0.117599
lcl|NW_015386094.1_cds_XP_029142656.1_210	1656	1634.62	266.55	15.1867
lcl|NW_015386094.1_cds_XP_015685178.1_211	597	558.949	0	0
lcl|NW_015386094.1_cds_XP_015684184.1_212	222	185.293	10	5.02623
lcl|NW_015386094.1_cds_XP_015684284.1_213	435	391.438	15	3.56886
lcl|NW_015386094.1_cds_XP_015684389.1_214	1365	1196.8	141.228	10.9901
lcl|NW_015386094.1_cds_XP_015684457.1_215	1341	1174.13	109.532	8.68819
lcl|NW_015386094.1_cds_XP_015684552.1_216	453	396.417	168.24	39.5255
lcl|NW_015386094.1_cds_XP_029142859.1_217	2436	2397.95	0	0
lcl|NW_015386094.1_cds_XP_029142871.1_218	2535	2496.95	0	0
lcl|NW_015386094.1_cds_XP_015684655.1_219	978	990.337	129	12.1313
lcl|NW_015386094.1_cds_XP_029142809.1_220	1632	1617.01	107	6.16273
lcl|NW_015386094.1_cds_XP_029142883.1_221	2190	2222.49	28	1.17333
lcl|NW_015386094.1_cds_XP_015684866.1_222	534	555.6	21	3.52013
lcl|NW_015386094.1_cds_XP_029142902.1_223	2556	2517.95	0	0
lcl|NW_015386094.1_cds_XP_015684967.1_224	1695	1711.24	85	4.62603
lcl|NW_015386095.1_cds_XP_029142980.1_225	4125	4129.3	513	11.5702
lcl|NW_015386095.1_cds_XP_015685873.1_226	2649	2639.85	1858	65.5493
lcl|NW_015386095.1_cds_XP_015685276.1_227	1977	1995.54	1	0.0466703
lcl|NW_015386095.1_cds_XP_015685971.1_228	4017	3967.62	84.0527	1.97298
lcl|NW_015386095.1_cds_XP_015686065.1_229	5658	5647.46	970	15.9963
lcl|NW_015386095.1_cds_XP_015687094.1_230	930	891.949	0	0
lcl|NW_015386095.1_cds_XP_015686159.1_231	2817	2839.28	27	0.88564
lcl|NW_015386095.1_cds_XP_015686247.1_232	228	180.495	129	66.562
lcl|NW_015386095.1_cds_XP_015686343.1_233	780	777.165	61.75	7.39988
lcl|NW_015386095.1_cds_XP_015686407.1_234	780	777.165	61.75	7.39988
lcl|NW_015386095.1_cds_XP_015686474.1_235	780	777.165	61.75	7.39988
lcl|NW_015386095.1_cds_XP_015686533.1_236	780	777.165	61.75	7.39988
lcl|NW_015386095.1_cds_XP_015686619.1_237	1641	1590.87	479.009	28.042
lcl|NW_015386095.1_cds_XP_015686677.1_238	1422	1375.3	67.9908	4.6042
lcl|NW_015386095.1_cds_XP_015686771.1_239	2856	2811.11	86	2.8492
lcl|NW_015386095.1_cds_XP_015686860.1_240	2649	2588	142	5.11005
lcl|NW_015386095.1_cds_XP_015686930.1_241	1119	1079.4	59	5.0906
lcl|NW_015386095.1_cds_XP_015686939.1_242	723	659.459	97	13.6989
lcl|NW_015386095.1_cds_XP_015686945.1_243	474	430.123	250	54.1313
lcl|NW_015386095.1_cds_XP_015687106.1_244	639	587.458	38	6.02433
lcl|NW_015386095.1_cds_XP_015686956.1_245	681	615.346	226	34.205
lcl|NW_015386095.1_cds_XP_015686966.1_246	681	615.346	226	34.205
lcl|NW_015386095.1_cds_XP_015686977.1_247	3639	3518.16	5171	136.887
lcl|NW_015386095.1_cds_XP_015686990.1_248	3726	3735.75	604	15.0578
lcl|NW_015386095.1_cds_XP_015685476.1_249	753	770.093	2	0.241874
lcl|NW_015386095.1_cds_XP_015685572.1_250	492	453.949	0	0
lcl|NW_015386095.1_cds_XP_029142958.1_251	3768	3885.3	1	0.0239705
lcl|NW_015386095.1_cds_XP_015687001.1_252	3564	3618.92	78	2.00732
lcl|NW_015386095.1_cds_XP_015687011.1_253	2157	2147.66	132	5.72413
lcl|NW_015386095.1_cds_XP_015687022.1_254	1518	1463.36	5	0.318214
lcl|NW_015386095.1_cds_XP_029142971.1_255	1569	1512.86	2	0.123121
lcl|NW_015386095.1_cds_XP_015687041.1_256	5292	5380.69	193	3.34057
lcl|NW_015386095.1_cds_XP_015687051.1_257	669	611.7	42.6667	6.49608
lcl|NW_015386095.1_cds_XP_015687057.1_258	669	611.7	42.6667	6.49608
lcl|NW_015386095.1_cds_XP_015687064.1_259	669	611.7	42.6667	6.49608
lcl|NW_015386095.1_cds_XP_015685673.1_260	2283	2211.04	5	0.210608
lcl|NW_015386095.1_cds_XP_015687083.1_261	1125	1108.58	588.832	49.4681
lcl|NW_015386095.1_cds_XP_015687075.1_262	1128	1112.25	4119.17	344.911
lcl|NW_015386096.1_cds_XP_029143085.1_263	579	518.875	418.83	75.1755
lcl|NW_015386096.1_cds_XP_015687151.1_264	315	265.783	4	1.40163
lcl|NW_015386096.1_cds_XP_015687139.1_265	1896	1790.97	49.4725	2.57263
lcl|NW_015386098.1_cds_XP_015687205.1_266	1488	1437.76	188	12.1779
lcl|NW_015386098.1_cds_XP_015687216.1_267	1494	1510.44	247.363	15.2522
lcl|NW_015386098.1_cds_XP_015687223.1_268	1341	1351.57	7.63717	0.526254
lcl|NW_015386098.1_cds_XP_015687234.1_269	858	820.489	264	29.9663
lcl|NW_015386098.1_cds_XP_015687244.1_270	2205	2225.99	20	0.836773
lcl|NW_015386098.1_cds_XP_015687451.1_271	801	760.828	12	1.46891
lcl|NW_015386098.1_cds_XP_015687257.1_272	465	407.301	22	5.03047
lcl|NW_015386098.1_cds_XP_029143103.1_273	765	726.949	0	0
lcl|NW_015386098.1_cds_XP_015687268.1_274	1044	1064.89	50.2125	4.39147
lcl|NW_015386098.1_cds_XP_015687302.1_275	981	1005.45	80.4296	7.45001
lcl|NW_015386098.1_cds_XP_015687285.1_276	1077	1104.08	10.7384	0.905819
lcl|NW_015386098.1_cds_XP_015687293.1_277	1074	1101.07	43.4268	3.6732
lcl|NW_015386098.1_cds_XP_015687276.1_278	894	912.725	1.19279	0.12171
lcl|NW_015386098.1_cds_XP_015687322.1_279	5883	5723.74	2679	43.5907
lcl|NW_015386098.1_cds_XP_015687313.1_280	5946	5797.23	0.000195465	3.14015e-06
lcl|NW_015386098.1_cds_XP_015687333.1_281	525	502.273	85	15.7609
lcl|NW_015386098.1_cds_XP_015687341.1_282	519	490.392	0	0
lcl|NW_015386098.1_cds_XP_029143164.1_283	1194	1134.34	16.0556	1.31821
lcl|NW_015386098.1_cds_XP_029143106.1_284	1935	1885.8	49.9444	2.46656
lcl|NW_015386098.1_cds_XP_015687352.1_285	1644	1601.81	8498	494.09
lcl|NW_015386098.1_cds_XP_015687363.1_286	972	933.949	0	0
lcl|NW_015386098.1_cds_XP_015687375.1_287	561	528.654	74	13.0365
lcl|NW_015386098.1_cds_XP_029143109.1_288	570	531.949	0	0
lcl|NW_015386098.1_cds_XP_015687472.1_289	1035	1030.58	21	1.89775
lcl|NW_015386098.1_cds_XP_029143111.1_290	2610	2627.81	3	0.106323
lcl|NW_015386098.1_cds_XP_015687481.1_291	894	846.847	42	4.61897
lcl|NW_015386098.1_cds_XP_015687386.1_292	987	935.39	124.866	12.4323
lcl|NW_015386098.1_cds_XP_015687394.1_293	894	845.496	59.0448	6.50387
lcl|NW_015386098.1_cds_XP_015687402.1_294	894	845.496	59.0448	6.50387
lcl|NW_015386098.1_cds_XP_015687410.1_295	894	845.496	59.0448	6.50387
lcl|NW_015386098.1_cds_XP_015687420.1_296	825	805.157	12	1.38804
lcl|NW_015386098.1_cds_XP_029143158.1_297	2373	2334.95	0	0
lcl|NW_015386098.1_cds_XP_015687194.1_298	1608	1635.91	5	0.28465
lcl|NW_015386098.1_cds_XP_015687491.1_299	792	752.045	1	0.123839
lcl|NW_015386098.1_cds_XP_015687504.1_300	1239	1200.95	0	0
lcl|NW_015386098.1_cds_XP_015687431.1_301	579	588.54	19	3.00662
lcl|NW_015386098.1_cds_XP_015687442.1_302	1185	1140.68	7	0.571524
lcl|NW_015386098.1_cds_XP_015687515.1_303	2412	2493.57	4	0.149396
lcl|NW_015386099.1_cds_XP_015687525.1_304	288	249.949	0	0
lcl|NW_015386099.1_cds_XP_015687570.1_305	1845	1839.35	275.5	13.9495
lcl|NW_015386099.1_cds_XP_015687578.1_306	1845	1839.35	275.5	13.9495
lcl|NW_015386099.1_cds_XP_029143184.1_307	1002	943.947	1	0.0986629
lcl|NW_015386099.1_cds_XP_015687597.1_308	861	861.738	171	18.4809
lcl|NW_015386099.1_cds_XP_015687688.2_309	648	609.949	0	0
lcl|NW_015386099.1_cds_XP_015687699.1_310	645	581.944	11	1.76041
lcl|NW_015386099.1_cds_XP_015687609.1_311	639	589.506	109.492	17.2979
lcl|NW_015386099.1_cds_XP_015687617.1_312	486	433.369	63.5084	13.6482
lcl|NW_015386099.1_cds_XP_029143188.1_313	1569	1458.06	11	0.702616
lcl|NW_015386099.1_cds_XP_015687629.1_314	1680	1689.2	23	1.26809
lcl|NW_015386099.1_cds_XP_015687638.1_315	1743	1715.13	194	10.5343
lcl|NW_015386099.1_cds_XP_015687712.1_316	510	485.737	2	0.383469
lcl|NW_015386099.1_cds_XP_015687724.1_317	384	310.027	119	35.7478
lcl|NW_015386099.1_cds_XP_015687548.1_318	1527	1518.79	1	0.0613202
lcl|NW_015386099.1_cds_XP_015687559.2_319	1281	1242.95	0	0
lcl|NW_015386099.1_cds_XP_029143181.1_320	3006	2890.26	12	0.386675
lcl|NW_015386099.1_cds_XP_015687659.1_321	1242	1198.53	44	3.41905
lcl|NW_015386099.1_cds_XP_015687736.1_322	1092	1053.95	0	0
lcl|NW_015386100.1_cds_XP_015687747.1_323	450	407.778	696	158.96
lcl|NW_015386100.1_cds_XP_029143210.1_324	1449	1441.61	7	0.452222
lcl|NW_015386100.1_cds_XP_029143205.1_325	402	363.949	0	0
lcl|NW_015386100.1_cds_XP_015687769.1_326	1011	969.609	20	1.92103
lcl|NW_015386100.1_cds_XP_015687781.1_327	852	829.219	52	5.8403
lcl|NW_015386101.1_cds_XP_015687793.1_328	3366	3090.63	165	4.97208
lcl|NW_015386101.1_cds_XP_015687849.1_329	2928	2780.86	102	3.41604
lcl|NW_015386101.1_cds_XP_015687804.1_330	531	492.949	0	0
lcl|NW_015386101.1_cds_XP_029138771.1_331	483	444.895	75	15.7002
lcl|NW_015386101.1_cds_XP_015687871.1_332	1965	1953.49	84	4.00468
lcl|NW_015386101.1_cds_XP_029143214.1_333	1617	1516.15	6	0.368561
lcl|NW_015386101.1_cds_XP_015687910.2_334	906	862.062	1	0.108035
lcl|NW_015386101.1_cds_XP_015687921.1_335	696	624.471	19	2.83363
lcl|NW_015386101.1_cds_XP_015687882.1_336	1158	1107.94	881.857	74.128
lcl|NW_015386101.1_cds_XP_015687889.1_337	1155	1104.98	0.143437	0.0120896
lcl|NW_015386101.1_cds_XP_029138762.1_338	5127	5046.35	9	0.166099
lcl|NW_015386101.1_cds_XP_029138764.1_339	5124	5000.7	18	0.33523
lcl|NW_015386101.1_cds_XP_015687899.1_340	4428	4471	20	0.416607
lcl|NW_015386102.1_cds_XP_015687935.2_341	1437	1378.38	64.1455	4.33409
lcl|NW_015386103.1_cds_XP_015687946.1_342	1767	1784.1	114	5.95095
lcl|NW_015386104.1_cds_XP_029138794.1_343	1320	1281.95	0	0
lcl|NW_015386104.1_cds_XP_015687992.1_344	1281	1198.12	2.60098	0.202181
lcl|NW_015386104.1_cds_XP_029138795.1_345	1038	949.425	10	0.980936
lcl|NW_015386104.1_cds_XP_015687981.1_346	237	182.993	4	2.03576
lcl|NW_015386104.1_cds_XP_015687956.2_347	981	851.809	2.79085	0.305137
lcl|NW_015386105.1_cds_XP_015688014.2_348	1158	1134.06	1	0.0821232
lcl|NW_015386105.1_cds_XP_015688003.1_349	2319	2298.42	150	6.07804
lcl|NW_015386106.1_cds_XP_029138803.1_350	6259	6056.71	25.0037	0.384476
lcl|NW_015386107.1_cds_XP_015688038.1_351	1185	1136.28	81	6.63898
lcl|NW_015386108.1_cds_XP_015665403.1_352	1992	2042.65	105	4.78736
lcl|NW_015386109.1_cds_XP_015665489.1_353	3510	3597.72	30	0.776597
lcl|NW_015386109.1_cds_XP_015665420.1_354	2187	2063.89	818	36.912
lcl|NW_015386109.1_cds_XP_015665441.2_355	1809	1760.58	6	0.317393
lcl|NW_015386109.1_cds_XP_015665501.1_356	2754	2730.99	347.419	11.8477
lcl|NW_015386109.1_cds_XP_015665515.1_357	2607	2580.9	122.883	4.43425
lcl|NW_015386109.1_cds_XP_015665507.1_358	2688	2666.44	241.698	8.44197
lcl|NW_015386109.1_cds_XP_015665523.1_359	2256	2242.04	0	0
lcl|NW_015386109.1_cds_XP_015665453.1_360	1308	1269.95	0	0
lcl|NW_015386109.1_cds_XP_015665533.1_361	786	708.999	45	5.9111
lcl|NW_015386109.1_cds_XP_015665465.1_362	489	397.674	0	0
lcl|NW_015386110.1_cds_XP_015665550.1_363	2196	2094.93	142	6.31276
lcl|NW_015386111.1_cds_XP_015665561.1_364	1155	1116.95	0	0
lcl|NW_015386111.1_cds_XP_015665643.1_365	753	698.921	3	0.399755
lcl|NW_015386111.1_cds_XP_015665571.1_366	3336	3234.17	100.044	2.88091
lcl|NW_015386111.1_cds_XP_015665588.1_367	3297	3254.5	1459.5	41.7659
lcl|NW_015386111.1_cds_XP_015665580.1_368	3297	3254.5	1459.5	41.7659
lcl|NW_015386111.1_cds_XP_029138836.1_369	2940	2933.84	168	5.33303
lcl|NW_015386111.1_cds_XP_015665610.1_370	1299	1269.47	20	1.46727
lcl|NW_015386111.1_cds_XP_015665621.1_371	2136	2146.13	2638	114.477
lcl|NW_015386111.1_cds_XP_015665632.1_372	6270	6302.87	421	6.22078
lcl|NW_015386112.1_cds_XP_015665656.1_373	1785	1739.34	93	4.97965
lcl|NW_015386112.1_cds_XP_015665667.1_374	897	860.07	1331	144.127
lcl|NW_015386112.1_cds_XP_015665700.1_375	1212	1178.33	131	10.3539
lcl|NW_015386112.1_cds_XP_015665679.1_376	3597	3603.24	1560	40.3212
lcl|NW_015386112.1_cds_XP_015665690.1_377	2109	2043.56	1233	56.1923
lcl|NW_015386112.1_cds_XP_015665717.1_378	924	842.319	10	1.10567
lcl|NW_015386112.1_cds_XP_029138844.1_379	2700	2653.21	6	0.210611
lcl|NW_015386112.1_cds_XP_015665727.1_380	1293	1246.36	205	15.3183
lcl|NW_015386112.1_cds_XP_015665738.1_381	516	481.2	76.1137	14.7312
lcl|NW_015386112.1_cds_XP_015665746.1_382	456	425.449	10.8863	2.38306
lcl|NW_015386112.1_cds_XP_015665757.1_383	1041	1054.2	164	14.4885
lcl|NW_015386112.1_cds_XP_015665802.1_384	783	740.99	144.995	18.224
lcl|NW_015386112.1_cds_XP_015665771.1_385	5829	5571.45	4.43496	0.074135
lcl|NW_015386112.1_cds_XP_015665778.1_386	5826	5567.31	8.56504	0.14328
lcl|NW_015386112.1_cds_XP_029138891.1_387	5769	5730.95	0	0
lcl|NW_015386112.1_cds_XP_015665840.1_388	5820	5781.95	0	0
lcl|NW_015386112.1_cds_XP_015665854.1_389	5808	5769.95	0	0
lcl|NW_015386112.1_cds_XP_029138870.1_390	5814	5775.95	0	0
lcl|NW_015386112.1_cds_XP_015665846.1_391	5811	5772.95	0	0
lcl|NW_015386112.1_cds_XP_015665870.1_392	5799	5760.95	0	0
lcl|NW_015386112.1_cds_XP_015665826.1_393	5829	5790.95	0	0
lcl|NW_015386112.1_cds_XP_015665834.1_394	5823	5784.95	0	0
lcl|NW_015386112.1_cds_XP_015665863.1_395	5802	5763.95	0	0
lcl|NW_015386112.1_cds_XP_015665882.1_396	5847	5638.87	0.00129332	2.13607e-05
lcl|NW_015386112.1_cds_XP_015665898.1_397	5811	5599.27	0.719242	0.0119631
lcl|NW_015386112.1_cds_XP_015665890.1_398	5817	5605.16	0.279464	0.00464343
lcl|NW_015386113.1_cds_XP_015665909.1_399	225	186.949	0	0
lcl|NW_015386113.1_cds_XP_015665921.1_400	1113	1028	5	0.45298
lcl|NW_015386113.1_cds_XP_015665932.1_401	5181	5107.83	100	1.82333
lcl|NW_015386114.1_cds_XP_015665943.1_402	2028	2010.64	227	10.5146
lcl|NW_015386114.1_cds_XP_015665966.1_403	951	874.826	21	2.23563
lcl|NW_015386114.1_cds_XP_015665983.1_404	243	196.466	59	27.9682
lcl|NW_015386114.1_cds_XP_015665990.1_405	237	185.195	0	0
lcl|NW_015386114.1_cds_XP_015665977.1_406	267	213.04	0	0
lcl|NW_015386114.1_cds_XP_015665954.1_407	1527	1452.8	2	0.128211
lcl|NW_015386114.1_cds_XP_015666054.1_408	669	646.051	22	3.17145
lcl|NW_015386114.1_cds_XP_015666002.1_409	2844	2706.53	1556	53.5425
lcl|NW_015386114.1_cds_XP_015666065.1_410	1413	1309.18	34	2.4187
lcl|NW_015386114.1_cds_XP_015666012.1_411	429	383.545	33	8.01308
lcl|NW_015386114.1_cds_XP_015666078.1_412	1848	1750.87	9	0.47873
lcl|NW_015386114.1_cds_XP_015666023.1_413	2352	2318.44	429	17.2331
lcl|NW_015386114.1_cds_XP_015666034.1_414	1488	1501.04	60	3.72272
lcl|NW_015386114.1_cds_XP_015666090.1_415	1419	1380.95	0	0
lcl|NW_015386114.1_cds_XP_029138907.1_416	1383	1344.95	0	0
lcl|NW_015386114.1_cds_XP_015666044.1_417	918	848.498	12	1.31714
lcl|NW_015386115.1_cds_XP_015666146.1_418	2286	2274.77	2553.37	104.539
lcl|NW_015386115.1_cds_XP_029138924.1_419	3447	3138.38	25	0.741883
lcl|NW_015386115.1_cds_XP_015666112.1_420	717	602.568	19	2.93663
lcl|NW_015386115.1_cds_XP_015666186.1_421	2001	1865.09	0	0
lcl|NW_015386115.1_cds_XP_015666194.1_422	1878	1736.08	5	0.268226
lcl|NW_015386115.1_cds_XP_015666205.1_423	1320	1226.53	416	31.5876
lcl|NW_015386115.1_cds_XP_015666163.1_424	1860	1655.38	126.269	7.10398
lcl|NW_015386115.1_cds_XP_015666122.1_425	1206	1106.52	735.402	61.8966
lcl|NW_015386115.1_cds_XP_015666174.1_426	2190	2095.72	35.2316	1.56567
lcl|NW_015386115.1_cds_XP_015666135.1_427	7620	7504.07	4	0.0496437
lcl|NW_015386116.1_cds_XP_015666242.1_428	935	914.053	421.459	42.9423
lcl|NW_015386117.1_cds_XP_015666254.1_429	1050	1016.93	58	5.31174
lcl|NW_015386117.1_cds_XP_015666309.1_430	5538	5558.21	192	3.21712
lcl|NW_015386117.1_cds_XP_015666348.1_431	1314	1290.98	17	1.2264
lcl|NW_015386117.1_cds_XP_015666341.1_432	1410	1398.2	0	0
lcl|NW_015386117.1_cds_XP_015666264.1_433	489	485.348	13	2.49455
lcl|NW_015386117.1_cds_XP_029138952.1_434	4086	4106.34	18	0.408243
lcl|NW_015386117.1_cds_XP_015666297.1_435	1137	1119.84	18	1.49699
lcl|NW_015386117.1_cds_XP_015666320.1_436	4455	4413.18	148	3.12328
lcl|NW_015386117.1_cds_XP_015666331.1_437	1641	1653.18	73	4.11247
lcl|NW_015386119.1_cds_XP_015666371.1_438	891	841.208	20.4457	2.2636
lcl|NW_015386120.1_cds_XP_015666395.1_439	1056	1017.95	0	0
lcl|NW_015386120.1_cds_XP_029138969.1_440	3084	3045.95	0	0
lcl|NW_015386121.1_cds_XP_015666435.1_441	432	395.333	110	25.9138
lcl|NW_015386121.1_cds_XP_015666444.1_442	432	395.333	110	25.9138
lcl|NW_015386121.1_cds_XP_029138975.1_443	1647	1584.83	391	22.9771
lcl|NW_015386121.1_cds_XP_015666453.1_444	738	628.084	1080	160.143
lcl|NW_015386121.1_cds_XP_015666581.1_445	489	441.787	12	2.52971
lcl|NW_015386121.1_cds_XP_015666465.1_446	1074	1068.24	71	6.19002
lcl|NW_015386121.1_cds_XP_015666477.1_447	507	458.638	17.5	3.55361
lcl|NW_015386121.1_cds_XP_015666485.1_448	507	458.638	17.5	3.55361
lcl|NW_015386121.1_cds_XP_015666498.1_449	1686	1645.21	400.369	22.6642
lcl|NW_015386121.1_cds_XP_015666593.1_450	1191	1152.95	0	0
lcl|NW_015386121.1_cds_XP_015666415.1_451	1986	1963.57	2	0.0948602
lcl|NW_015386121.1_cds_XP_015666525.1_452	1923	1940.5	18	0.863895
lcl|NW_015386121.1_cds_XP_015666538.1_453	678	607.634	338.5	51.8821
lcl|NW_015386121.1_cds_XP_029138992.1_454	678	607.634	338.5	51.8821
lcl|NW_015386121.1_cds_XP_015666563.1_455	3984	3936.39	18.2611	0.432045
lcl|NW_015386121.1_cds_XP_015666571.1_456	3951	3907.78	514.06	12.2514
lcl|NW_015386121.1_cds_XP_015666548.1_457	5583	5492.24	23.2024	0.393445
lcl|NW_015386121.1_cds_XP_015666556.1_458	5550	5463.63	254.477	4.33778
lcl|NW_015386121.1_cds_XP_015666424.1_459	669	656.041	2	0.283923
lcl|NW_015386122.1_cds_XP_015666604.1_460	348	309.164	18	5.42232
lcl|NW_015386122.1_cds_XP_015666615.1_461	762	751.775	37	4.58369
lcl|NW_015386122.1_cds_XP_015666626.1_462	1776	1722.79	98	5.2978
lcl|NW_015386122.1_cds_XP_029139013.1_463	1131	1076.23	3.94815	0.341655
lcl|NW_015386122.1_cds_XP_015666645.1_464	1041	980.153	5.70034	0.541636
lcl|NW_015386122.1_cds_XP_015666638.1_465	1188	1108.32	236.352	19.8607
lcl|NW_015386122.1_cds_XP_015666655.1_466	1558	1524.39	1076.89	65.7925
lcl|NW_015386123.1_cds_XP_015666678.1_467	1077	1020.69	52.4659	4.78722
lcl|NW_015386123.1_cds_XP_015666667.1_468	693	631.956	26.5341	3.91039
lcl|NW_015386124.1_cds_XP_015666705.1_469	2925	2947.14	44	1.39044
lcl|NW_015386124.1_cds_XP_015666691.1_470	798	746.788	1	0.124711
lcl|NW_015386126.1_cds_XP_015666911.1_471	783	709.872	194	25.4521
lcl|NW_015386126.1_cds_XP_015666923.1_472	885	894.223	52	5.41575
lcl|NW_015386126.1_cds_XP_029139057.1_473	10086	10283.6	180.747	1.63692
lcl|NW_015386126.1_cds_XP_015666738.1_474	1725	1686.95	0	0
lcl|NW_015386126.1_cds_XP_015667029.1_475	519	435.026	15	3.21127
lcl|NW_015386126.1_cds_XP_029139032.1_476	351	270.712	0	0
lcl|NW_015386126.1_cds_XP_015666935.1_477	2169	2160.41	83	3.57802
lcl|NW_015386126.1_cds_XP_015666749.1_478	486	428.787	1	0.2172
lcl|NW_015386126.1_cds_XP_015666947.1_479	945	920.187	281	28.4401
lcl|NW_015386126.1_cds_XP_015666959.1_480	2637	2635.88	173	6.11253
lcl|NW_015386126.1_cds_XP_015666970.1_481	960	941.81	50	4.94434
lcl|NW_015386126.1_cds_XP_015666981.1_482	4257	4323.51	35	0.753933
lcl|NW_015386126.1_cds_XP_015666761.1_483	963	924.949	0	0
lcl|NW_015386126.1_cds_XP_015666771.1_484	495	456.949	0	0
lcl|NW_015386126.1_cds_XP_015667039.1_485	1245	1206.95	0	0
lcl|NW_015386126.1_cds_XP_015666782.1_486	2106	2029.92	9	0.412918
lcl|NW_015386126.1_cds_XP_015666792.1_487	1338	1285.09	3	0.217415
lcl|NW_015386126.1_cds_XP_015667050.1_488	786	745.055	148	18.5001
lcl|NW_015386126.1_cds_XP_015667059.1_489	360	312.551	162	48.272
lcl|NW_015386126.1_cds_XP_015666992.1_490	1950	1928.2	16	0.772806
lcl|NW_015386126.1_cds_XP_015667071.1_491	981	942.949	0	0
lcl|NW_015386126.1_cds_XP_029139083.1_492	750	711.949	0	0
lcl|NW_015386126.1_cds_XP_015666818.1_493	591	552.949	0	0
lcl|NW_015386126.1_cds_XP_015666830.1_494	1677	1638.95	0	0
lcl|NW_015386126.1_cds_XP_015666841.1_495	2121	2063.01	4	0.180576
lcl|NW_015386126.1_cds_XP_015667082.1_496	693	637.874	3	0.438014
lcl|NW_015386126.1_cds_XP_015667003.1_497	963	875.725	325	34.5634
lcl|NW_015386126.1_cds_XP_029139090.1_498	2355	2316.95	0	0
lcl|NW_015386126.1_cds_XP_015666866.1_499	1341	1269.83	6	0.440054
lcl|NW_015386126.1_cds_XP_015667092.1_500	393	354.949	0	0
lcl|NW_015386126.1_cds_XP_015666877.1_501	954	915.949	0	0
lcl|NW_015386126.1_cds_XP_015667103.1_502	1263	1236.59	8	0.60251
lcl|NW_015386126.1_cds_XP_015667112.1_503	717	647.458	2	0.287686
lcl|NW_015386126.1_cds_XP_015666888.1_504	1020	964.096	10	0.966009
lcl|NW_015386126.1_cds_XP_015667015.1_505	6408	6158.64	221	3.34202
lcl|NW_015386126.1_cds_XP_015667123.1_506	813	748.614	2	0.248813
lcl|NW_015386126.1_cds_XP_029139094.1_507	1551	1490.07	1	0.062502
lcl|NW_015386126.1_cds_XP_015667023.1_508	2178	2131.83	58	2.53383
lcl|NW_015386126.1_cds_XP_015667135.1_509	801	745.937	3	0.374559
lcl|NW_015386126.1_cds_XP_015666900.1_510	2067	1986.08	33	1.54746
lcl|NW_015386127.1_cds_XP_015667147.1_511	1935	1812.4	870	44.7062
lcl|NW_015386128.1_cds_XP_015667170.1_512	2700	2639.18	22	0.776347
lcl|NW_015386128.1_cds_XP_015667182.1_513	1314	1276.84	54	3.93875
lcl|NW_015386128.1_cds_XP_015667217.1_514	1809	1845.04	2370	119.631
lcl|NW_015386128.1_cds_XP_015667158.1_515	1086	1091.19	6	0.512095
lcl|NW_015386128.1_cds_XP_015667236.1_516	918	836.234	1172.33	130.564
lcl|NW_015386128.1_cds_XP_015667245.1_517	918	836.234	1172.33	130.564
lcl|NW_015386128.1_cds_XP_015667254.1_518	918	836.234	1172.33	130.564
lcl|NW_015386128.1_cds_XP_029139121.1_519	1767	1727.68	4	0.215624
lcl|NW_015386128.1_cds_XP_015667265.1_520	453	374.226	352	87.6011
lcl|NW_015386128.1_cds_XP_015667274.1_521	2580	2530.01	7	0.257678
lcl|NW_015386128.1_cds_XP_029139126.1_522	1515	1476.95	0	0
lcl|NW_015386128.1_cds_XP_029139131.1_523	498	459.949	0	0
lcl|NW_015386128.1_cds_XP_015667286.1_524	756	759.071	15	1.84039
lcl|NW_015386128.1_cds_XP_015667206.1_525	765	670.51	4.3966	0.61068
lcl|NW_015386129.1_cds_XP_015667298.1_526	975	932.372	117.5	11.7368
lcl|NW_015386129.1_cds_XP_015667303.1_527	975	932.372	117.5	11.7368
lcl|NW_015386129.1_cds_XP_015667315.1_528	3354	3290.35	22	0.622705
lcl|NW_015386130.1_cds_XP_015667327.1_529	2526	2539.82	15	0.550035
lcl|NW_015386132.1_cds_XP_015667349.1_530	1131	1092.95	0	0
lcl|NW_015386132.1_cds_XP_015667473.1_531	1698	1692.89	4	0.220056
lcl|NW_015386132.1_cds_XP_015667372.1_532	429	406.842	21	4.80723
lcl|NW_015386132.1_cds_XP_029139176.1_533	2214	2158.43	318	13.7211
lcl|NW_015386132.1_cds_XP_015667394.1_534	1014	964.818	1294.72	124.978
lcl|NW_015386132.1_cds_XP_015667415.1_535	660	604.181	138	21.2722
lcl|NW_015386132.1_cds_XP_015667484.1_536	423	384.949	0	0
lcl|NW_015386132.1_cds_XP_015667427.1_537	969	942.86	49	4.84005
lcl|NW_015386132.1_cds_XP_015667360.1_538	2673	2678.3	16	0.556369
lcl|NW_015386132.1_cds_XP_015667496.2_539	172	123.069	1110	839.99
lcl|NW_015386132.1_cds_XP_015667439.1_540	1443	1417.91	23	1.51071
lcl|NW_015386132.1_cds_XP_015667450.1_541	1242	1160.41	217	17.416
lcl|NW_015386132.1_cds_XP_015667462.1_542	756	776.45	401	48.0986
lcl|NW_015386133.1_cds_XP_015667563.1_543	1314	1340.24	100.168	6.96059
lcl|NW_015386133.1_cds_XP_029139224.1_544	1656	1697.64	344	18.8718
lcl|NW_015386133.1_cds_XP_015667574.1_545	1233	1225.68	4634	352.112
lcl|NW_015386133.1_cds_XP_015667517.1_546	3234	3186.11	5	0.146154
lcl|NW_015386133.1_cds_XP_015667651.1_547	588	527.742	24	4.23537
lcl|NW_015386133.1_cds_XP_015667585.1_548	1200	1196.49	362	28.1773
lcl|NW_015386133.1_cds_XP_015667595.1_549	2532	2536.72	36	1.32169
lcl|NW_015386133.1_cds_XP_015667617.1_550	1308	1253.49	1110.01	82.4721
lcl|NW_015386133.1_cds_XP_015667608.1_551	1311	1257.01	338.99	25.1158
lcl|NW_015386133.1_cds_XP_015667528.1_552	1062	936.859	1	0.0994093
lcl|NW_015386133.1_cds_XP_015667540.1_553	1743	1813.53	44	2.25959
lcl|NW_015386133.1_cds_XP_015667628.1_554	1248	1207.31	2701	208.356
lcl|NW_015386133.1_cds_XP_015667639.1_555	927	907.703	15477	1587.98
lcl|NW_015386133.1_cds_XP_015667552.1_556	2844	2805.83	101	3.35244
lcl|NW_015386133.1_cds_XP_015667662.1_557	1239	1200.95	0	0
lcl|NW_015386134.1_cds_XP_015667673.1_558	2715	2704.01	237.782	8.18977
lcl|NW_015386134.1_cds_XP_015667707.1_559	783	744.949	0	0
lcl|NW_015386134.1_cds_XP_015667685.1_560	1854	1825.27	58	2.95939
lcl|NW_015386134.1_cds_XP_015667696.1_561	2133	2188.3	519	22.0883
lcl|NW_015386135.1_cds_XP_015667720.1_562	372	315.897	11	3.24301
lcl|NW_015386135.1_cds_XP_015667732.1_563	873	841.419	56.2115	6.22177
lcl|NW_015386136.1_cds_XP_015667744.1_564	1674	1589.63	2	0.117175
lcl|NW_015386136.1_cds_XP_015667754.1_565	963	963.763	37	3.57547
lcl|NW_015386136.1_cds_XP_015667764.1_566	2619	2639	3766.06	132.907
lcl|NW_015386136.1_cds_XP_015667773.1_567	1755	1729.04	426.937	22.9964
lcl|NW_015386136.1_cds_XP_015667883.2_568	1095	1056.95	0	0
lcl|NW_015386136.1_cds_XP_015667782.1_569	516	482.318	65	12.5511
lcl|NW_015386136.1_cds_XP_015667793.1_570	1257	1263.5	47	3.46436
lcl|NW_015386136.1_cds_XP_015667805.1_571	2934	2975.14	312	9.7667
lcl|NW_015386136.1_cds_XP_015667816.1_572	1527	1556.12	368.389	22.0477
lcl|NW_015386136.1_cds_XP_015667825.1_573	1494	1518.11	646.611	39.6682
lcl|NW_015386136.1_cds_XP_015667838.1_574	1008	971.166	2544	243.964
lcl|NW_015386136.1_cds_XP_015667849.1_575	2136	2176.42	111	4.74986
lcl|NW_015386136.1_cds_XP_015667894.1_576	1086	1047.95	0	0
lcl|NW_015386136.1_cds_XP_015667861.1_577	3216	3184.11	52	1.52096
lcl|NW_015386136.1_cds_XP_015667905.1_578	681	639.279	59	8.59533
lcl|NW_015386136.1_cds_XP_015667873.1_579	1194	1182.24	122	9.61068
lcl|NW_015386137.1_cds_XP_015667914.1_580	442	354.651	4	1.05041
lcl|NW_015386137.1_cds_XP_029139265.1_581	891	810.442	2	0.229831
lcl|NW_015386137.1_cds_XP_029139277.1_582	513	474.949	0	0
lcl|NW_015386137.1_cds_XP_015667982.1_583	879	767.526	3	0.364023
lcl|NW_015386137.1_cds_XP_015667994.1_584	3414	3231.78	8	0.230542
lcl|NW_015386137.1_cds_XP_015667971.1_585	723	660.037	53	7.4784
lcl|NW_015386137.1_cds_XP_015667961.1_586	993	927.86	10	1.00373
lcl|NW_015386138.1_cds_XP_015668005.2_587	729	690.949	0	0
lcl|NW_015386138.1_cds_XP_015668017.1_588	1026	987.949	0	0
lcl|NW_015386138.1_cds_XP_015668028.1_589	1062	912.447	1	0.102069
lcl|NW_015386139.1_cds_XP_029139287.1_590	2784	2745.95	0	0
lcl|NW_015386139.1_cds_XP_015668052.1_591	543	478.38	25249	4915.55
lcl|NW_015386139.1_cds_XP_015668063.1_592	2787	2660.26	28	0.980247
lcl|NW_015386139.1_cds_XP_015668074.1_593	4479	4496.37	292	6.04814
lcl|NW_015386140.1_cds_XP_015668085.1_594	1110	1071.17	469	40.7769
lcl|NW_015386140.1_cds_XP_015668097.1_595	2283	2231.74	69	2.87944
lcl|NW_015386140.1_cds_XP_015668108.1_596	906	943.684	12	1.18428
lcl|NW_015386140.1_cds_XP_015668118.1_597	1071	1034.56	59	5.31128
lcl|NW_015386140.1_cds_XP_015668130.1_598	9582	9681.63	572	5.50236
lcl|NW_015386141.1_cds_XP_015668222.1_599	2343	2319.42	424.081	17.0283
lcl|NW_015386141.1_cds_XP_015668214.1_600	2349	2331.96	138.734	5.54069
lcl|NW_015386141.1_cds_XP_015668207.1_601	2355	2334.64	142.182	5.67187
lcl|NW_015386141.1_cds_XP_015668201.1_602	2361	2342.01	0.00287727	0.000114418
lcl|NW_015386141.1_cds_XP_015668233.1_603	4287	4288.96	198.131	4.30232
lcl|NW_015386141.1_cds_XP_015668247.1_604	1923	1988.67	392	18.3579
lcl|NW_015386141.1_cds_XP_015668258.1_605	441	446.117	881	183.92
lcl|NW_015386141.1_cds_XP_015668269.1_606	1497	1436.04	0	0
lcl|NW_015386141.1_cds_XP_015668278.1_607	1434	1392.75	9	0.601827
lcl|NW_015386141.1_cds_XP_015668288.1_608	2154	2084.07	13	0.580943
lcl|NW_015386141.1_cds_XP_029139311.1_609	4509	4326.14	7	0.150695
lcl|NW_015386141.1_cds_XP_015668299.1_610	600	547.203	77	13.1052
lcl|NW_015386141.1_cds_XP_015668409.1_611	591	580.564	1	0.160417
lcl|NW_015386141.1_cds_XP_015668311.1_612	423	383.091	912	221.715
lcl|NW_015386141.1_cds_XP_015668322.1_613	459	407.486	405	92.5644
lcl|NW_015386141.1_cds_XP_015668341.1_614	546	537.539	5.55668	0.962735
lcl|NW_015386141.1_cds_XP_015668333.1_615	549	539.171	16.4433	2.8403
lcl|NW_015386141.1_cds_XP_015668154.1_616	4104	3898.76	695	16.602
lcl|NW_015386141.1_cds_XP_015668353.1_617	1314	1299.24	24	1.72038
lcl|NW_015386141.1_cds_XP_015668166.1_618	906	964.192	30	2.89774
lcl|NW_015386141.1_cds_XP_015668365.1_619	513	493.235	1739	328.357
lcl|NW_015386141.1_cds_XP_015668376.1_620	1065	1013.7	375	34.4526
lcl|NW_015386141.1_cds_XP_015668387.1_621	1035	1031.87	169	15.2533
lcl|NW_015386141.1_cds_XP_029139310.1_622	1038	999.949	0	0
lcl|NW_015386141.1_cds_XP_029139360.1_623	903	864.949	0	0
lcl|NW_015386142.1_cds_XP_015668547.1_624	1938	1899.95	0	0
lcl|NW_015386142.1_cds_XP_015668420.1_625	2649	2560.54	217	7.89277
lcl|NW_015386142.1_cds_XP_015668489.1_626	5406	5279.98	406	7.16135
lcl|NW_015386142.1_cds_XP_015668431.2_627	651	612.949	0	0
lcl|NW_015386142.1_cds_XP_015668501.1_628	963	910.217	472	48.2946
lcl|NW_015386142.1_cds_XP_029139372.1_629	9123	9208.31	55	0.556268
lcl|NW_015386142.1_cds_XP_015668453.1_630	4272	4286.06	199	4.3241
lcl|NW_015386142.1_cds_XP_015668512.1_631	1152	1108.96	1274.58	107.042
lcl|NW_015386142.1_cds_XP_015668524.1_632	2343	2287.86	62	2.52385
lcl|NW_015386142.1_cds_XP_015668557.1_633	759	720.949	0	0
lcl|NW_015386142.1_cds_XP_015668464.1_634	1215	1185.6	38	2.98503
lcl|NW_015386142.1_cds_XP_015668536.1_635	96	62.1696	280	419.451
lcl|NW_015386142.1_cds_XP_015668577.1_636	981	942.949	0	0
lcl|NW_015386142.1_cds_XP_015668569.1_637	1005	966.949	0	0
lcl|NW_015386143.1_cds_XP_029139393.1_638	1233	1194.95	0	0
lcl|NW_015386143.1_cds_XP_029139396.1_639	1392	1353.95	0	0
lcl|NW_015386143.1_cds_XP_029139399.1_640	2538	2556.03	3.06825	0.111796
lcl|NW_015386143.1_cds_XP_015668608.1_641	1947	1908.95	0	0
lcl|NW_015386143.1_cds_XP_015668619.1_642	1776	1737.95	0	0
lcl|NW_015386143.1_cds_XP_029139397.1_643	1743	1704.95	0	0
lcl|NW_015386144.1_cds_XP_015668674.1_644	2121	2102.83	162	7.17484
lcl|NW_015386144.1_cds_XP_015668685.1_645	1728	1754.86	898	47.6581
lcl|NW_015386144.1_cds_XP_015668697.1_646	2625	2631.98	226.079	7.9998
lcl|NW_015386144.1_cds_XP_015668709.1_647	474	407.742	3992	911.813
lcl|NW_015386144.1_cds_XP_015668720.1_648	3153	3125.44	110	3.27781
lcl|NW_015386144.1_cds_XP_015668730.1_649	534	466.747	893	178.185
lcl|NW_015386144.1_cds_XP_015668741.1_650	1251	1184.34	39.5	3.10616
lcl|NW_015386144.1_cds_XP_015668748.1_651	1251	1184.34	39.5	3.10616
lcl|NW_015386144.1_cds_XP_015668782.1_652	450	397.353	79	18.5162
lcl|NW_015386144.1_cds_XP_015668759.1_653	1029	1004.22	83	7.69754
lcl|NW_015386144.1_cds_XP_029139437.1_654	3504	3429.03	89	2.41724
lcl|NW_015386144.1_cds_XP_029139416.1_655	3378	3502.43	1	0.0265908
lcl|NW_015386145.1_cds_XP_015668838.1_656	738	690.763	2824	380.747
lcl|NW_015386145.1_cds_XP_015668859.1_657	1911	1819.79	6810.82	348.561
lcl|NW_015386145.1_cds_XP_015668849.1_658	1902	1813.89	18254.2	937.244
lcl|NW_015386145.1_cds_XP_015669004.1_659	1311	1275.99	2	0.145977
lcl|NW_015386145.1_cds_XP_015668870.1_660	687	630.842	251	37.0556
lcl|NW_015386145.1_cds_XP_029139486.1_661	2313	2331	297.915	11.9029
lcl|NW_015386145.1_cds_XP_015668882.1_662	2874	2797.34	258	8.58965
lcl|NW_015386145.1_cds_XP_029139462.1_663	2874	2797.34	258	8.58965
lcl|NW_015386145.1_cds_XP_015668893.1_664	177	143.033	284	184.92
lcl|NW_015386145.1_cds_XP_015668805.1_665	2013	1974.95	0	0
lcl|NW_015386145.1_cds_XP_029139489.1_666	4017	3958.15	3	0.0705879
lcl|NW_015386145.1_cds_XP_029139466.1_667	231	167.752	506	280.921
lcl|NW_015386145.1_cds_XP_015668914.1_668	11985	12348.2	290	2.18724
lcl|NW_015386145.1_cds_XP_015669016.1_669	954	793.947	2	0.234606
lcl|NW_015386145.1_cds_XP_015669023.1_670	846	807.949	0	0
lcl|NW_015386145.1_cds_XP_029139469.1_671	1362	1365.92	86	5.86372
lcl|NW_015386145.1_cds_XP_015669034.1_672	1434	1395.95	0	0
lcl|NW_015386145.1_cds_XP_015668937.1_673	1101	1118.16	1040	86.6223
lcl|NW_015386145.1_cds_XP_015668949.1_674	2937	2918.53	36	1.14879
lcl|NW_015386145.1_cds_XP_015669045.1_675	423	385.385	137	33.1075
lcl|NW_015386145.1_cds_XP_015669056.1_676	720	685.668	14	1.90158
lcl|NW_015386145.1_cds_XP_015668960.1_677	348	334.064	4481	1249.24
lcl|NW_015386145.1_cds_XP_015668827.1_678	2676	2650.46	69	2.42454
lcl|NW_015386145.1_cds_XP_015669066.1_679	684	675.197	42	5.79322
lcl|NW_015386145.1_cds_XP_029139483.1_680	1824	1717.55	833.729	45.2083
lcl|NW_015386145.1_cds_XP_015668971.1_681	1923	1823.72	1536.27	78.4533
lcl|NW_015386145.1_cds_XP_015668981.1_682	1413	1393.75	291	19.445
lcl|NW_015386145.1_cds_XP_015668993.1_683	615	580.427	69	11.0714
lcl|NW_015386146.1_cds_XP_015669077.1_684	1542	1487.18	126	7.89058
lcl|NW_015386146.1_cds_XP_015669088.1_685	711	672.949	0	0
lcl|NW_015386146.1_cds_XP_015669099.1_686	2877	2859.78	40	1.30265
lcl|NW_015386146.1_cds_XP_015669157.1_687	2211	2075.19	11	0.493668
lcl|NW_015386146.1_cds_XP_015669132.1_688	384	314.228	19	5.63132
lcl|NW_015386146.1_cds_XP_015669109.1_689	2433	2220.48	3.92088	0.164452
lcl|NW_015386146.1_cds_XP_015669146.1_690	1959	1892.37	107	5.26598
lcl|NW_015386148.1_cds_XP_015669168.1_691	636	588.258	19.6061	3.10402
lcl|NW_015386148.1_cds_XP_015669177.1_692	579	536.749	376.394	65.309
lcl|NW_015386148.1_cds_XP_015669197.1_693	2010	1886.21	7	0.345629
lcl|NW_015386148.1_cds_XP_015669186.1_694	447	407.417	1487	339.917
lcl|NW_015386149.1_cds_XP_015669219.1_695	592	599.131	910	141.456
lcl|NW_015386149.1_cds_XP_015669242.1_696	558	497.163	1	0.187328
lcl|NW_015386149.1_cds_XP_015669231.1_697	2274	2357.89	14	0.552974
lcl|NW_015386149.1_cds_XP_029139525.1_698	3159	3053.15	88	2.68433
lcl|NW_015386150.1_cds_XP_015669273.1_699	2505	2474.08	33.7777	1.2715
lcl|NW_015386150.1_cds_XP_015669266.1_700	2565	2529.47	91.2223	3.35872
lcl|NW_015386150.1_cds_XP_015669285.1_701	3759	3701.56	570	14.3414
lcl|NW_015386150.1_cds_XP_015669254.1_702	454	411.657	69.9235	15.8194
lcl|NW_015386151.1_cds_XP_015669365.1_703	1326	1287.66	0.0180684	0.00130683
lcl|NW_015386151.1_cds_XP_015669374.1_704	1314	1282.39	0.981932	0.0713117
lcl|NW_015386151.1_cds_XP_015669357.1_705	1476	1435.47	0	0
lcl|NW_015386151.1_cds_XP_015669303.1_706	2058	1992.94	713	33.3193
lcl|NW_015386151.1_cds_XP_015669315.1_707	2280	2266.62	21	0.862863
lcl|NW_015386151.1_cds_XP_015669325.1_708	3693	3638.37	319	8.16554
lcl|NW_015386151.1_cds_XP_029139540.1_709	1329	1295.04	50.8687	3.65821
lcl|NW_015386151.1_cds_XP_015669338.1_710	1494	1468.67	22.1313	1.40341
lcl|NW_015386152.1_cds_XP_015669428.1_711	1515	1446.19	1	0.0643985
lcl|NW_015386152.1_cds_XP_015669439.1_712	1443	1333.38	1	0.0698468
lcl|NW_015386152.1_cds_XP_015669385.1_713	2460	2343.22	303	12.0429
lcl|NW_015386152.1_cds_XP_015669452.1_714	705	667.22	1	0.139583
lcl|NW_015386152.1_cds_XP_015669397.1_715	1494	1439.03	40	2.58876
lcl|NW_015386152.1_cds_XP_015669408.1_716	603	550.158	1196.75	202.589
lcl|NW_015386152.1_cds_XP_015669416.1_717	300	263.298	97.2542	34.4003
lcl|NW_015386153.1_cds_XP_015669463.1_718	1854	1805.27	1694	87.3922
lcl|NW_015386153.1_cds_XP_029139559.1_719	903	874.881	806	85.8
lcl|NW_015386153.1_cds_XP_029139566.1_720	3042	3081.08	5	0.151136
lcl|NW_015386154.1_cds_XP_015669511.1_721	309	283.588	5	1.64204
lcl|NW_015386154.1_cds_XP_015669522.1_722	4368	4424.12	53	1.11571
lcl|NW_015386154.1_cds_XP_015669498.1_723	318	281.331	11	3.64147
lcl|NW_015386154.1_cds_XP_015669533.1_724	441	414.997	15	3.36626
lcl|NW_015386155.1_cds_XP_015669552.1_725	1161	1067.28	677.718	59.1389
lcl|NW_015386155.1_cds_XP_015669544.1_726	1167	1084.33	59.9765	5.15134
lcl|NW_015386155.1_cds_XP_015669560.1_727	1131	1038.15	0.305761	0.0274299
lcl|NW_015386156.1_cds_XP_015669595.1_728	1332	1244.31	21	1.57178
lcl|NW_015386156.1_cds_XP_029139582.1_729	1023	1037.83	2	0.179475
lcl|NW_015386156.1_cds_XP_015669583.1_730	461	418.704	9	2.00188
lcl|NW_015386158.1_cds_XP_015669606.1_731	4806	4956.07	1	0.0187916
lcl|NW_015386158.1_cds_XP_015669613.1_732	870	862.461	21.8166	2.35585
lcl|NW_015386159.1_cds_XP_015669624.1_733	1308	1214.78	37.0349	2.83934
lcl|NW_015386159.1_cds_XP_029139600.1_734	501	427.815	48.6223	10.5848
lcl|NW_015386159.1_cds_XP_015669635.1_735	612	553.742	40.0825	6.74137
lcl|NW_015386159.1_cds_XP_015669643.1_736	597	536.347	283.295	49.192
lcl|NW_015386159.1_cds_XP_015669653.1_737	624	599.888	1912	296.838
lcl|NW_015386160.1_cds_XP_029139605.1_738	1173	1112.26	5.47919	0.458789
lcl|NW_015386160.1_cds_XP_029139607.1_739	2097	2058.95	0	0
lcl|NW_015386160.1_cds_XP_029139608.1_740	2322	2283.95	0	0
lcl|NW_015386160.1_cds_XP_029139609.1_741	2430	2399.39	3.32627	0.129109
lcl|NW_015386160.1_cds_XP_015669676.2_742	2397	2389.57	11.6737	0.454978
lcl|NW_015386160.1_cds_XP_029139614.1_743	2244	2205.95	0	0
lcl|NW_015386160.1_cds_XP_029139616.1_744	1965	1926.95	0	0
lcl|NW_015386160.1_cds_XP_029139619.1_745	1668	1629.95	0	0
lcl|NW_015386160.1_cds_XP_029139622.1_746	2355	2297.41	1	0.0405381
lcl|NW_015386160.1_cds_XP_015669706.1_747	2211	2179.04	2	0.0854802
lcl|NW_015386160.1_cds_XP_015669728.1_748	1407	1368.95	0	0
lcl|NW_015386160.1_cds_XP_015669740.1_749	2271	2232.95	0	0
lcl|NW_015386160.1_cds_XP_029139631.1_750	2571	2532.95	0	0
lcl|NW_015386160.1_cds_XP_029139635.1_751	2541	2502.95	0	0
lcl|NW_015386160.1_cds_XP_029139638.1_752	2211	2172.95	0	0
lcl|NW_015386160.1_cds_XP_029139639.1_753	993	954.949	0	0
lcl|NW_015386160.1_cds_XP_015669782.1_754	405	371.08	283.076	71.0457
lcl|NW_015386160.1_cds_XP_015669794.1_755	405	360.019	53.9236	13.9494
lcl|NW_015386160.1_cds_XP_029139658.1_756	507	493.536	1097	207.009
lcl|NW_015386160.1_cds_XP_015669751.1_757	1050	1017.07	81	7.41713
lcl|NW_015386160.1_cds_XP_015669759.1_758	1050	1017.07	81	7.41713
lcl|NW_015386160.1_cds_XP_015669808.1_759	1050	955.89	3	0.29229
lcl|NW_015386161.1_cds_XP_015669818.1_760	1584	1656.28	20	1.1246
lcl|NW_015386161.1_cds_XP_015669827.1_761	870	807.966	1950	224.772
lcl|NW_015386163.1_cds_XP_015669836.1_762	25512	25997.6	16096.6	57.6638
lcl|NW_015386163.1_cds_XP_015669848.1_763	392	361.109	33	8.51093
lcl|NW_015386163.1_cds_XP_015669858.1_764	1461	1428.68	36	2.34676
lcl|NW_015386163.1_cds_XP_015669869.1_765	1551	1555.8	570	34.1211
lcl|NW_015386164.1_cds_XP_029139689.1_766	1281	1306.14	51	3.63648
lcl|NW_015386164.1_cds_XP_015669927.1_767	2367	2317.6	54	2.16999
lcl|NW_015386164.1_cds_XP_015670042.1_768	228	158.07	87	51.2591
lcl|NW_015386164.1_cds_XP_029139688.1_769	1065	1042.07	5	0.446863
lcl|NW_015386164.1_cds_XP_015669880.1_770	1176	1137.95	0	0
lcl|NW_015386164.1_cds_XP_015669892.1_771	1884	1884.7	3	0.148245
lcl|NW_015386164.1_cds_XP_015669938.1_772	1278	1280.82	193	14.0337
lcl|NW_015386164.1_cds_XP_015669966.1_773	1143	1140.81	103.709	8.46652
lcl|NW_015386164.1_cds_XP_015669958.1_774	1140	1138.53	27.2909	2.23242
lcl|NW_015386164.1_cds_XP_015669985.1_775	1134	1081.98	0.00193372	0.000166447
lcl|NW_015386164.1_cds_XP_015669979.1_776	1116	1069.39	98.9981	8.62168
lcl|NW_015386164.1_cds_XP_015670004.1_777	2526	2561.81	1165.1	42.356
lcl|NW_015386164.1_cds_XP_015670020.1_778	2382	2411.73	1154.9	44.5984
lcl|NW_015386164.1_cds_XP_015670032.1_779	3741	3671.92	351	8.90257
lcl|NW_015386164.1_cds_XP_015669904.1_780	1173	1170.53	21	1.67085
lcl|NW_015386165.1_cds_XP_015670064.1_781	1023	989.093	50.1776	4.7247
lcl|NW_015386165.1_cds_XP_015670073.1_782	957	923.626	55.8224	5.62877
lcl|NW_015386165.1_cds_XP_015670087.1_783	756	672.179	36	4.98792
lcl|NW_015386166.1_cds_XP_015670121.1_784	699	660.949	0	0
lcl|NW_015386166.1_cds_XP_015670109.1_785	4056	4063.63	76	1.74181
lcl|NW_015386166.1_cds_XP_015670098.1_786	3750	3727.4	56.1774	1.40365
lcl|NW_015386167.1_cds_XP_015670150.1_787	504	450.32	181	37.4333
lcl|NW_015386167.1_cds_XP_015670163.1_788	1050	1007.44	45	4.16002
lcl|NW_015386167.1_cds_XP_015670174.1_789	1434	1406.32	384	25.43
lcl|NW_015386167.1_cds_XP_029139735.1_790	2127	2167.52	20	0.859346
lcl|NW_015386167.1_cds_XP_015670142.1_791	2778	2742.94	97	3.2935
lcl|NW_015386168.1_cds_XP_029139752.1_792	2496	2439.72	16	0.610774
lcl|NW_015386168.1_cds_XP_015670197.1_793	669	599.15	2	0.310882
lcl|NW_015386168.1_cds_XP_015670209.1_794	1599	1560.95	0	0
lcl|NW_015386169.1_cds_XP_015670221.1_795	267	246.144	6.17169	2.33515
lcl|NW_015386169.1_cds_XP_015670231.1_796	2232	2101.99	834.431	36.971
lcl|NW_015386169.1_cds_XP_015670238.1_797	2004	1883.08	74.569	3.688
lcl|NW_015386169.1_cds_XP_029139757.1_798	906	909.247	22	2.25342
lcl|NW_015386169.1_cds_XP_015670249.1_799	2406	2391.26	115	4.47891
lcl|NW_015386170.1_cds_XP_015670272.1_800	480	421.283	4	0.884275
lcl|NW_015386171.1_cds_XP_029139765.1_801	2367	2254.12	88	3.63586
lcl|NW_015386172.1_cds_XP_015670295.1_802	2793	2839.43	60	1.96798
lcl|NW_015386172.1_cds_XP_029139778.1_803	831	761.756	8	0.978083
lcl|NW_015386172.1_cds_XP_015670367.1_804	618	564.252	10	1.65055
lcl|NW_015386172.1_cds_XP_029139767.1_805	474	449.22	1	0.20732
lcl|NW_015386172.1_cds_XP_015670388.1_806	747	696.167	26.3671	3.52737
lcl|NW_015386172.1_cds_XP_015670380.1_807	795	746.961	309.633	38.6056
lcl|NW_015386172.1_cds_XP_015670339.1_808	1014	975.949	0	0
lcl|NW_015386172.1_cds_XP_029139775.1_809	345	306.949	0	0
lcl|NW_015386172.1_cds_XP_015670401.1_810	1620	1658.77	119	6.68133
lcl|NW_015386172.1_cds_XP_015670411.1_811	540	539.72	6.25288	1.07898
lcl|NW_015386172.1_cds_XP_029139784.1_812	2865	2968.95	50.197	1.57462
lcl|NW_015386173.1_cds_XP_015670441.2_813	10650	10508.5	4210	37.3115
lcl|NW_015386174.1_cds_XP_015670452.1_814	1020	928.67	29	2.90829
lcl|NW_015386174.1_cds_XP_015670496.1_815	1836	1597.39	68	3.96459
lcl|NW_015386174.1_cds_XP_015670462.1_816	465	395.076	2.22435	0.524352
lcl|NW_015386174.1_cds_XP_029139800.1_817	7086	6549.8	31	0.440794
lcl|NW_015386174.1_cds_XP_015670484.1_818	3162	2974.24	43	1.34646
lcl|NW_015386175.1_cds_XP_015670562.1_819	1746	1707.36	21.7546	1.18666
lcl|NW_015386175.1_cds_XP_029139828.1_820	996	957.949	0	0
lcl|NW_015386175.1_cds_XP_029139855.1_821	1545	1506.95	0	0
lcl|NW_015386175.1_cds_XP_015670572.1_822	4008	4055.33	8.58428	0.197142
lcl|NW_015386175.1_cds_XP_015670580.1_823	3534	3582.92	23.4157	0.608656
lcl|NW_015386175.1_cds_XP_015670592.1_824	603	530.176	156	27.4035
lcl|NW_015386175.1_cds_XP_015670604.1_825	1623	1605.96	57	3.30553
lcl|NW_015386175.1_cds_XP_029139808.1_826	4170	4273.25	4	0.0871773
lcl|NW_015386175.1_cds_XP_015670616.1_827	405	347.892	1883	504.088
lcl|NW_015386175.1_cds_XP_029139860.1_828	3099	2933.49	106	3.36529
lcl|NW_015386175.1_cds_XP_015670764.1_829	1767	1730.91	16	0.860889
lcl|NW_015386175.1_cds_XP_015670628.1_830	2049	1971.11	140	6.61483
lcl|NW_015386175.1_cds_XP_015670640.1_831	1071	995.239	67	6.26973
lcl|NW_015386175.1_cds_XP_029139840.1_832	7551	7276.08	24	0.307196
lcl|NW_015386175.1_cds_XP_015670662.1_833	1128	1183.96	20285	1595.65
lcl|NW_015386175.1_cds_XP_015670775.1_834	1473	1415.06	2	0.131631
lcl|NW_015386175.1_cds_XP_015670794.1_835	2619	2516.38	6	0.222063
lcl|NW_015386175.1_cds_XP_015670682.1_836	1830	1862.99	325	16.247
lcl|NW_015386175.1_cds_XP_029139861.1_837	936	891.504	1	0.104467
lcl|NW_015386175.1_cds_XP_015670817.1_838	264	234.757	1	0.396719
lcl|NW_015386175.1_cds_XP_015670828.1_839	516	474.772	52	10.2004
lcl|NW_015386175.1_cds_XP_029139847.1_840	804	711.589	11.9258	1.56084
lcl|NW_015386175.1_cds_XP_015670694.1_841	789	687.323	97.0742	13.1536
lcl|NW_015386175.1_cds_XP_015670705.1_842	1323	1265.55	5	0.367954
lcl|NW_015386175.1_cds_XP_029139825.1_843	990	951.949	0	0
lcl|NW_015386175.1_cds_XP_029139823.1_844	1452	1413.95	0	0
lcl|NW_015386175.1_cds_XP_029139818.1_845	3039	3027.18	4	0.123062
lcl|NW_015386175.1_cds_XP_015670724.1_846	1791	1738.99	92	4.92711
lcl|NW_015386175.1_cds_XP_015670716.1_847	1809	1760.26	5.77836e-08	3.05723e-09
lcl|NW_015386175.1_cds_XP_029139853.1_848	1608	1610.37	13	0.751829
lcl|NW_015386175.1_cds_XP_015670736.1_849	213	167.21	243.5	135.624
lcl|NW_015386175.1_cds_XP_015670743.1_850	213	167.21	243.5	135.624
lcl|NW_015386176.1_cds_XP_029139863.1_851	1359	1336.52	1	0.0696826
lcl|NW_015386176.1_cds_XP_029139866.1_852	1749	1613.15	1	0.0577335
lcl|NW_015386176.1_cds_XP_029139864.1_853	1953	1813.93	22	1.12955
lcl|NW_015386176.1_cds_XP_015670871.1_854	2088	1986.3	230	10.7841
lcl|NW_015386177.1_cds_XP_029139877.1_855	672	455.728	12	2.45232
lcl|NW_015386177.1_cds_XP_029139881.1_856	510	428.808	14	3.04065
lcl|NW_015386177.1_cds_XP_015670915.1_857	1248	1209.95	0	0
lcl|NW_015386177.1_cds_XP_015670926.1_858	366	311.273	23	6.88157
lcl|NW_015386177.1_cds_XP_015670948.1_859	2001	1843.33	5	0.252621
lcl|NW_015386177.1_cds_XP_015670960.1_860	504	443.375	1.64461	0.345457
lcl|NW_015386177.1_cds_XP_015670937.1_861	891	789.836	76	8.96145
lcl|NW_015386177.1_cds_XP_015670971.1_862	396	328.646	3	0.850148
lcl|NW_015386178.1_cds_XP_015670983.1_863	1593	1581.65	2959.26	174.25
lcl|NW_015386178.1_cds_XP_015670991.1_864	1398	1396.73	1771.74	118.138
lcl|NW_015386178.1_cds_XP_015671071.1_865	966	882.671	531	56.0269
lcl|NW_015386178.1_cds_XP_015671003.1_866	1167	1157.55	19	1.52868
lcl|NW_015386178.1_cds_XP_015671014.1_867	453	413.853	2122	477.53
lcl|NW_015386178.1_cds_XP_015671024.1_868	531	509.056	400	73.1805
lcl|NW_015386178.1_cds_XP_015671089.2_869	1866	1875.71	67	3.32667
lcl|NW_015386178.1_cds_XP_015671099.1_870	1395	1357.19	92	6.31318
lcl|NW_015386178.1_cds_XP_015671110.1_871	441	388.055	32	7.67995
lcl|NW_015386178.1_cds_XP_015671035.1_872	1140	1070.48	6	0.522002
lcl|NW_015386178.1_cds_XP_015671060.1_873	870	842.332	1	0.110565
lcl|NW_015386178.1_cds_XP_015671047.1_874	1476	1435.81	173	11.2215
lcl|NW_015386179.1_cds_XP_015671169.1_875	420	381.949	0	0
lcl|NW_015386179.1_cds_XP_015671157.1_876	426	391.309	210.19	50.0258
lcl|NW_015386179.1_cds_XP_015671122.1_877	312	278.016	2.80994	0.9413
lcl|NW_015386179.1_cds_XP_015671135.1_878	348	309.949	0	0
lcl|NW_015386179.1_cds_XP_015671146.1_879	480	417.862	5.17945	1.15439
lcl|NW_015386179.1_cds_XP_015671181.2_880	315	256.508	9.82055	3.56563
lcl|NW_015386180.1_cds_XP_015671205.1_881	1221	1215.62	20.9678	1.60641
lcl|NW_015386180.1_cds_XP_015671193.1_882	2289	2302.45	56	2.26516
lcl|NW_015386180.1_cds_XP_015671216.1_883	2853	2784.97	22	0.735705
lcl|NW_015386180.1_cds_XP_015671240.1_884	648	616.184	5	0.75572
lcl|NW_015386180.1_cds_XP_015671252.1_885	546	507.949	0	0
lcl|NW_015386180.1_cds_XP_029139938.1_886	3735	3683.43	76	1.9216
lcl|NW_015386182.1_cds_XP_015671263.1_887	651	615.175	0.0511483	0.00774344
lcl|NW_015386182.1_cds_XP_015671274.1_888	2346	2269.19	74	3.03712
lcl|NW_015386182.1_cds_XP_015671286.1_889	663	609.202	57.7653	8.83094
lcl|NW_015386182.1_cds_XP_015671294.1_890	513	482.648	25.1173	4.84668
lcl|NW_015386182.1_cds_XP_029139949.1_891	513	482.648	25.1173	4.84668
lcl|NW_015386182.1_cds_XP_015671304.2_892	1578	1580.74	1	0.0589171
lcl|NW_015386182.1_cds_XP_015671314.1_893	1365	1393.99	1	0.0668099
lcl|NW_015386183.1_cds_XP_015671327.2_894	615	604.978	20.2439	3.11642
lcl|NW_015386183.1_cds_XP_029139994.1_895	690	683.381	13.7561	1.8747
lcl|NW_015386183.1_cds_XP_015671349.1_896	375	350.121	432	114.912
lcl|NW_015386183.1_cds_XP_015671527.1_897	885	840.713	150	16.6167
lcl|NW_015386183.1_cds_XP_015671361.1_898	891	914.008	22	2.24168
lcl|NW_015386183.1_cds_XP_015671373.1_899	2844	2831.28	168	5.52622
lcl|NW_015386183.1_cds_XP_015671385.1_900	1290	1306.99	120	8.55086
lcl|NW_015386183.1_cds_XP_015671396.1_901	945	937.428	799	79.3798
lcl|NW_015386183.1_cds_XP_029139968.1_902	5760	5921.26	109	1.71441
lcl|NW_015386183.1_cds_XP_015671419.1_903	1491	1531.48	62	3.77036
lcl|NW_015386183.1_cds_XP_015671426.1_904	1491	1531.48	62	3.77036
lcl|NW_015386183.1_cds_XP_015671437.1_905	1575	1562.13	19.3333	1.15264
lcl|NW_015386183.1_cds_XP_015671446.1_906	1575	1562.13	19.3333	1.15264
lcl|NW_015386183.1_cds_XP_015671454.1_907	1575	1562.13	19.3333	1.15264
lcl|NW_015386183.1_cds_XP_015671465.1_908	1197	1168.84	131	10.438
lcl|NW_015386183.1_cds_XP_015671476.1_909	1023	984.923	158	14.9402
lcl|NW_015386183.1_cds_XP_015671487.1_910	915	870.715	758	81.0764
lcl|NW_015386183.1_cds_XP_015671498.1_911	600	579.261	224	36.0143
lcl|NW_015386183.1_cds_XP_015671338.1_912	1221	1222.94	9	0.685391
lcl|NW_015386183.1_cds_XP_015671507.1_913	443	429.333	504	109.33
lcl|NW_015386183.1_cds_XP_015671516.1_914	807	752.346	193	23.8914
lcl|NW_015386184.1_cds_XP_015671561.1_915	405	359.828	3213.9	831.838
lcl|NW_015386184.1_cds_XP_015671550.1_916	417	357.506	3931	1024.05
lcl|NW_015386184.1_cds_XP_015671571.1_917	459	413.557	1990	448.145
lcl|NW_015386185.1_cds_XP_029140006.1_918	2352	2331.24	14	0.559297
lcl|NW_015386185.1_cds_XP_015671638.1_919	1209	1170.95	0	0
lcl|NW_015386185.1_cds_XP_015671645.1_920	1158	1119.95	0	0
lcl|NW_015386185.1_cds_XP_015671605.1_921	909	876.899	38	4.03585
lcl|NW_015386185.1_cds_XP_015671583.1_922	990	952.122	10	0.978158
lcl|NW_015386185.1_cds_XP_015671616.1_923	357	303.697	1107	339.476
lcl|NW_015386185.1_cds_XP_015671626.1_924	2889	2942.15	39.3041	1.24416
lcl|NW_015386186.1_cds_XP_015671662.1_925	1233	1194.95	0	0
lcl|NW_015386187.1_cds_XP_015671716.1_926	498	437.643	79	16.8116
lcl|NW_015386187.1_cds_XP_015671728.1_927	879	840.949	0	0
lcl|NW_015386187.1_cds_XP_015671739.1_928	1185	1093.13	1.5	0.127797
lcl|NW_015386187.1_cds_XP_029140017.1_929	1185	1093.13	1.5	0.127797
lcl|NW_015386187.1_cds_XP_015671749.1_930	1176	1122.97	1	0.0829341
lcl|NW_015386187.1_cds_XP_015671674.2_931	1992	1953.95	0	0
lcl|NW_015386187.1_cds_XP_029140031.1_932	1638	1492.77	3834.86	239.253
lcl|NW_015386187.1_cds_XP_029140027.1_933	744	650.401	19	2.72066
lcl|NW_015386187.1_cds_XP_015671706.1_934	354	265.24	61.1363	21.4666
lcl|NW_015386188.1_cds_XP_015671771.1_935	1749	1706.14	2	0.109174
lcl|NW_015386188.1_cds_XP_015671830.1_936	3801	3567.74	8	0.208832
lcl|NW_015386188.1_cds_XP_015671841.1_937	414	333.715	4	1.11631
lcl|NW_015386188.1_cds_XP_015671783.1_938	918	842.514	90.3682	9.98941
lcl|NW_015386188.1_cds_XP_015671791.1_939	918	842.514	90.3682	9.98941
lcl|NW_015386188.1_cds_XP_015671800.1_940	918	842.514	90.3682	9.98941
lcl|NW_015386188.1_cds_XP_015671809.1_941	918	842.514	90.3682	9.98941
lcl|NW_015386188.1_cds_XP_015671820.1_942	1194	1124.51	37	3.06435
lcl|NW_015386188.1_cds_XP_015671859.1_943	1869	1830.95	0	0
lcl|NW_015386188.1_cds_XP_029140037.1_944	1860	1821.95	0	0
lcl|NW_015386189.1_cds_XP_015671871.2_945	3894	3827.21	185	4.50185
lcl|NW_015386189.1_cds_XP_015671906.1_946	666	631.369	8	1.18007
lcl|NW_015386189.1_cds_XP_015671883.1_947	750	711.949	0	0
lcl|NW_015386189.1_cds_XP_015671895.1_948	1176	1137.95	0	0
lcl|NW_015386190.1_cds_XP_015671918.1_949	2202	2209.09	2.78139	0.11726
lcl|NW_015386190.1_cds_XP_015671929.1_950	831	754.054	399.404	49.33
lcl|NW_015386191.1_cds_XP_015671985.1_951	1392	1327.69	51	3.57747
lcl|NW_015386191.1_cds_XP_015671997.1_952	468	402.918	267	61.7157
lcl|NW_015386191.1_cds_XP_029140078.1_953	1362	1330.33	14	0.980102
lcl|NW_015386191.1_cds_XP_015672031.1_954	879	840.949	0	0
lcl|NW_015386191.1_cds_XP_015671952.1_955	2079	2023.44	132	6.07553
lcl|NW_015386191.1_cds_XP_015672009.1_956	3093	3149.78	29	0.857471
lcl|NW_015386191.1_cds_XP_029140065.1_957	3822	3912.35	6	0.142828
lcl|NW_015386191.1_cds_XP_015672020.1_958	240	219.233	1625	690.319
lcl|NW_015386191.1_cds_XP_015672043.1_959	1149	1071.96	116	10.0781
lcl|NW_015386191.1_cds_XP_015672051.1_960	1380	1297.82	13.1341	0.942517
lcl|NW_015386191.1_cds_XP_015671974.1_961	279	241.484	1.86589	0.719614
lcl|NW_015386192.1_cds_XP_015672096.1_962	420	332.617	1136	318.08
lcl|NW_015386192.1_cds_XP_015672117.1_963	489	454.609	1052.58	215.635
lcl|NW_015386192.1_cds_XP_015672107.1_964	1638	1516.83	363	22.2881
lcl|NW_015386192.1_cds_XP_015672063.1_965	1203	1164.95	0	0
lcl|NW_015386192.1_cds_XP_029140088.1_966	669	630.949	0	0
lcl|NW_015386192.1_cds_XP_015672128.1_967	2514	2399.69	8	0.310482
lcl|NW_015386192.1_cds_XP_015672085.1_968	3477	3352.3	1	0.0277817
lcl|NW_015386192.1_cds_XP_015672140.1_969	909	818.597	2	0.227542
lcl|NW_015386192.1_cds_XP_015672152.1_970	1074	1040.93	42	3.75775
lcl|NW_015386193.1_cds_XP_015672186.1_971	456	411.371	209	47.3166
lcl|NW_015386193.1_cds_XP_015672162.2_972	1287	1295.4	24	1.72548
lcl|NW_015386193.1_cds_XP_015672197.1_973	639	608.282	212	32.4588
lcl|NW_015386193.1_cds_XP_015672175.1_974	2709	2670.95	0	0
lcl|NW_015386193.1_cds_XP_015672208.1_975	1500	1453.32	275	17.6227
lcl|NW_015386193.1_cds_XP_015672217.1_976	1521	1469.89	21	1.33056
lcl|NW_015386194.1_cds_XP_015672246.1_977	1275	1182.53	78	6.14307
lcl|NW_015386195.1_cds_XP_029140115.1_978	1833	1669.45	6	0.334718
lcl|NW_015386195.1_cds_XP_029140118.1_979	2061	1988.5	11.3775	0.532871
lcl|NW_015386195.1_cds_XP_015672267.1_980	993	929.024	2	0.200495
lcl|NW_015386195.1_cds_XP_015672278.1_981	2709	2561.27	6.6225	0.240806
lcl|NW_015386195.1_cds_XP_029140124.1_982	2031	1902.34	7	0.342697
lcl|NW_015386196.1_cds_XP_015672302.2_983	663	653.773	96	13.6756
lcl|NW_015386196.1_cds_XP_029140134.1_984	2133	2080.17	116	5.19351
lcl|NW_015386196.1_cds_XP_015672312.1_985	1458	1453.78	6	0.384375
lcl|NW_015386197.1_cds_XP_015672346.1_986	261	220.335	11	4.64954
lcl|NW_015386198.1_cds_XP_015672390.1_987	2208	2148.72	171	7.41169
lcl|NW_015386198.1_cds_XP_029140143.1_988	1752	1713.95	0	0
lcl|NW_015386198.1_cds_XP_029140144.1_989	3513	3439.8	3	0.081225
lcl|NW_015386198.1_cds_XP_015672400.1_990	4293	4445.22	22	0.460926
lcl|NW_015386198.1_cds_XP_015672409.1_991	4179	4335.65	2.63241e-08	5.65457e-10
lcl|NW_015386198.1_cds_XP_015672367.2_992	2394	2446.49	16	0.609084
lcl|NW_015386198.1_cds_XP_015672420.1_993	3288	3297.23	264	7.45687
lcl|NW_015386198.1_cds_XP_015672379.1_994	2790	2844.94	8	0.261889
lcl|NW_015386199.1_cds_XP_015672431.1_995	2535	2429.16	14	0.536752
lcl|NW_015386199.1_cds_XP_015672444.1_996	2409	2279.36	56	2.28811
lcl|NW_015386200.1_cds_XP_015672454.1_997	2352	2340.42	104	4.13849
lcl|NW_015386200.1_cds_XP_015672474.1_998	606	542.074	60	10.3085
lcl|NW_015386201.1_cds_XP_015672533.1_999	4389	4385.31	147	3.12189
lcl|NW_015386201.1_cds_XP_015672544.1_1000	4494	4518.33	30	0.618364
lcl|NW_015386201.1_cds_XP_015672555.1_1001	1734	1731.19	221	11.8891
lcl|NW_015386201.1_cds_XP_015672574.1_1002	2496	2459.16	0.00982435	0.000372064
lcl|NW_015386201.1_cds_XP_015672566.1_1003	2499	2466.29	438.99	16.5772
lcl|NW_015386201.1_cds_XP_029140204.1_1004	276	223.443	19	7.91931
lcl|NW_015386201.1_cds_XP_029140198.1_1005	1896	1866.69	186	9.27989
lcl|NW_015386201.1_cds_XP_015672487.1_1006	4314	4320.12	79	1.70307
lcl|NW_015386201.1_cds_XP_015672684.1_1007	1287	1246.38	53	3.96027
lcl|NW_015386201.1_cds_XP_015672593.1_1008	462	425.649	128.5	28.116
lcl|NW_015386201.1_cds_XP_015672601.1_1009	462	425.649	128.5	28.116
lcl|NW_015386201.1_cds_XP_015672612.1_1010	2787	2795.43	274	9.12859
lcl|NW_015386201.1_cds_XP_015672625.1_1011	1107	1120.51	43	3.57399
lcl|NW_015386201.1_cds_XP_015672696.1_1012	258	212.808	151	66.0831
lcl|NW_015386201.1_cds_XP_029140172.1_1013	4704	4651.11	53	1.06126
lcl|NW_015386201.1_cds_XP_015672635.1_1014	2277	2303.34	22	0.88954
lcl|NW_015386201.1_cds_XP_015672645.1_1015	2004	1969.17	157	7.42538
lcl|NW_015386201.1_cds_XP_015672510.1_1016	2214	2261.51	42	1.72963
lcl|NW_015386201.1_cds_XP_015672654.1_1017	1161	1145.9	131	10.647
lcl|NW_015386201.1_cds_XP_029140175.1_1018	3237	3092.88	4.861	0.146374
lcl|NW_015386201.1_cds_XP_015672672.1_1019	462	426.242	26	5.68091
lcl|NW_015386201.1_cds_XP_015672522.2_1020	702	663.949	0	0
lcl|NW_015386202.1_cds_XP_015672708.1_1021	496	457.949	0	0
lcl|NW_015386202.1_cds_XP_015672805.1_1022	321	263.813	141	49.7765
lcl|NW_015386202.1_cds_XP_015672755.1_1023	2307	2314.8	9	0.362101
lcl|NW_015386202.1_cds_XP_015672816.1_1024	318	257.417	73	26.4111
lcl|NW_015386202.1_cds_XP_015672719.1_1025	2565	2543.63	6	0.219684
lcl|NW_015386202.1_cds_XP_015672732.1_1026	1176	1161.16	41	3.28846
lcl|NW_015386202.1_cds_XP_015672765.1_1027	750	722.679	349.263	45.01
lcl|NW_015386202.1_cds_XP_015672827.1_1028	732	692.359	144.737	19.4693
lcl|NW_015386202.1_cds_XP_015672777.1_1029	939	865.01	137	14.7503
lcl|NW_015386202.1_cds_XP_015672784.1_1030	939	865.01	137	14.7503
lcl|NW_015386202.1_cds_XP_029140231.1_1031	4602	4538.78	94	1.92881
lcl|NW_015386202.1_cds_XP_015672743.1_1032	411	370.22	7	1.76092
lcl|NW_015386203.1_cds_XP_029140256.1_1033	2325	2341.51	323	12.8472
lcl|NW_015386203.1_cds_XP_015672836.1_1034	420	381.567	2	0.488158
lcl|NW_015386203.1_cds_XP_015672915.1_1035	3117	3100.73	99	2.97353
lcl|NW_015386203.1_cds_XP_015672926.1_1036	2742	2773.4	148.627	4.99099
lcl|NW_015386203.1_cds_XP_029140260.1_1037	2946	2874.77	9	0.291568
lcl|NW_015386203.1_cds_XP_015672937.1_1038	1527	1521.82	105	6.42582
lcl|NW_015386203.1_cds_XP_015672949.1_1039	1767	1746.81	209	11.143
lcl|NW_015386203.1_cds_XP_015672859.1_1040	843	836.403	13.2846	1.47922
lcl|NW_015386203.1_cds_XP_029140254.1_1041	10482	10500.6	22.3268	0.198022
lcl|NW_015386203.1_cds_XP_015672891.1_1042	2601	2647.62	9.02256	0.317376
lcl|NW_015386204.1_cds_XP_015673175.1_1043	588	580.017	1	0.160569
lcl|NW_015386204.1_cds_XP_015673038.1_1044	3732	3741.01	610	15.186
lcl|NW_015386204.1_cds_XP_015673074.1_1045	699	653.284	0	0
lcl|NW_015386204.1_cds_XP_015673049.1_1046	783	733.009	119.333	15.1619
lcl|NW_015386204.1_cds_XP_015673058.1_1047	783	733.009	119.333	15.1619
lcl|NW_015386204.1_cds_XP_015673066.1_1048	783	733.009	119.333	15.1619
lcl|NW_015386204.1_cds_XP_015673085.1_1049	939	900.891	1788	184.84
lcl|NW_015386204.1_cds_XP_015673095.1_1050	1071	1082.32	31	2.66752
lcl|NW_015386204.1_cds_XP_015672970.1_1051	2430	2476.34	11	0.413699
lcl|NW_015386204.1_cds_XP_015672982.1_1052	1737	1711.36	2	0.108841
lcl|NW_015386204.1_cds_XP_029140291.1_1053	4260	4267.92	272	5.93545
lcl|NW_015386204.1_cds_XP_029140277.1_1054	1626	1626.81	5	0.286242
lcl|NW_015386204.1_cds_XP_015673107.1_1055	2644	2576.44	273	9.86835
lcl|NW_015386204.1_cds_XP_015673006.1_1056	429	390.949	0	0
lcl|NW_015386204.1_cds_XP_015673017.1_1057	1113	1074.95	0	0
lcl|NW_015386204.1_cds_XP_029140268.1_1058	678	639.949	0	0
lcl|NW_015386204.1_cds_XP_015673140.1_1059	2082	2124.53	12	0.526041
lcl|NW_015386204.1_cds_XP_015673148.1_1060	1968	2012.97	0	0
lcl|NW_015386204.1_cds_XP_015673156.1_1061	6846	6621.34	53	0.745472
lcl|NW_015386205.1_cds_XP_015673195.1_1062	2238	2299.14	24.1035	0.976373
lcl|NW_015386205.1_cds_XP_015673187.1_1063	2310	2375.37	8.89647	0.348809
lcl|NW_015386205.1_cds_XP_015673207.1_1064	423	379.757	144	35.3149
lcl|NW_015386205.1_cds_XP_015673218.1_1065	1050	1054.59	221	19.517
lcl|NW_015386205.1_cds_XP_015673229.1_1066	1551	1593.3	11	0.642979
lcl|NW_015386205.1_cds_XP_015673240.1_1067	600	558.584	278	46.3508
lcl|NW_015386206.1_cds_XP_015673260.1_1068	348	302.794	0	0
lcl|NW_015386206.1_cds_XP_015673250.1_1069	1545	1561.09	24	1.43181
lcl|NW_015386207.1_cds_XP_015673305.2_1070	2151	2192.74	42.4933	1.80483
lcl|NW_015386207.1_cds_XP_015673317.1_1071	2982	2987.71	241.851	7.53895
lcl|NW_015386207.1_cds_XP_015673328.1_1072	1188	1249.44	2	0.149079
lcl|NW_015386207.1_cds_XP_015673339.1_1073	759	736.571	114	14.4142
lcl|NW_015386207.1_cds_XP_015673351.1_1074	669	654.338	123	17.5067
lcl|NW_015386207.1_cds_XP_015673362.1_1075	750	696.685	74	9.89228
lcl|NW_015386207.1_cds_XP_015673374.1_1076	663	633.068	47	6.91431
lcl|NW_015386207.1_cds_XP_015673271.1_1077	630	577.063	7.28453	1.17565
lcl|NW_015386207.1_cds_XP_015673283.1_1078	732	668.129	55.4158	7.72458
lcl|NW_015386207.1_cds_XP_015673294.1_1079	420	358.29	23	5.97852
lcl|NW_015386208.1_cds_XP_029140319.1_1080	1476	1437.95	0	0
lcl|NW_015386208.1_cds_XP_015673421.1_1081	495	444.907	12.8099	2.6815
lcl|NW_015386208.1_cds_XP_015673413.1_1082	498	445.691	3.19012	0.666614
lcl|NW_015386208.1_cds_XP_029140318.1_1083	1251	1225.73	47	3.57112
lcl|NW_015386209.1_cds_XP_015673452.1_1084	447	420.628	62.0167	13.7313
lcl|NW_015386209.1_cds_XP_015673445.1_1085	579	548.711	53.1044	9.01338
lcl|NW_015386209.1_cds_XP_015673435.1_1086	651	609.745	72.879	11.1315
lcl|NW_015386209.1_cds_XP_015673470.1_1087	474	449.873	613	126.903
lcl|NW_015386209.1_cds_XP_015673482.1_1088	825	788.933	38	4.48585
lcl|NW_015386209.1_cds_XP_015673492.1_1089	1434	1395.58	644.66	43.0207
lcl|NW_015386209.1_cds_XP_015673503.1_1090	846	782.979	35	4.16312
lcl|NW_015386209.1_cds_XP_015673575.1_1091	1818	1767.65	27	1.42255
lcl|NW_015386209.1_cds_XP_015673515.1_1092	2043	2022.8	92	4.23581
lcl|NW_015386209.1_cds_XP_015673526.1_1093	3603	3552.37	202	5.29584
lcl|NW_015386209.1_cds_XP_015673538.1_1094	1035	959.601	256	24.8457
lcl|NW_015386209.1_cds_XP_015673547.1_1095	732	730.792	804	102.462
lcl|NW_015386209.1_cds_XP_015673586.1_1096	912	880.394	3	0.317355
lcl|NW_015386209.1_cds_XP_015673558.1_1097	1875	1842.24	20	1.01108
lcl|NW_015386210.1_cds_XP_015673634.1_1098	801	728.622	30	3.8346
lcl|NW_015386210.1_cds_XP_015673643.1_1099	801	728.622	30	3.8346
lcl|NW_015386210.1_cds_XP_029140349.1_1100	1983	2064.83	704	31.7533
lcl|NW_015386210.1_cds_XP_015673654.1_1101	1521	1500.65	1079	66.9644
lcl|NW_015386210.1_cds_XP_015673666.1_1102	660	607.287	123	18.8631
lcl|NW_015386210.1_cds_XP_015673678.1_1103	765	713.059	0	0
lcl|NW_015386210.1_cds_XP_015673685.1_1104	633	585.186	100	15.915
lcl|NW_015386210.1_cds_XP_015673694.1_1105	597	540.569	0	0
lcl|NW_015386210.1_cds_XP_015673706.1_1106	612	583.481	26	4.15
lcl|NW_015386210.1_cds_XP_015673716.1_1107	2622	2662.89	90	3.14769
lcl|NW_015386210.1_cds_XP_015673623.1_1108	588	581.356	5	0.800993
lcl|NW_015386211.1_cds_XP_015673939.1_1109	1131	1092.95	0	0
lcl|NW_015386211.1_cds_XP_015673931.1_1110	1305	1266.95	0	0
lcl|NW_015386211.1_cds_XP_029140367.1_1111	1308	1269.95	0	0
lcl|NW_015386211.1_cds_XP_029140403.1_1112	786	747.949	0	0
lcl|NW_015386211.1_cds_XP_015673824.1_1113	480	445.945	611.5	127.708
lcl|NW_015386211.1_cds_XP_015673816.1_1114	480	445.945	611.5	127.708
lcl|NW_015386211.1_cds_XP_015673836.1_1115	324	257.078	688	249.244
lcl|NW_015386211.1_cds_XP_015673847.1_1116	2202	2206.39	6	0.253262
lcl|NW_015386211.1_cds_XP_015673858.1_1117	777	751.558	241	29.8645
lcl|NW_015386211.1_cds_XP_015673869.1_1118	1158	1083.35	18.442	1.58541
lcl|NW_015386211.1_cds_XP_015673877.1_1119	1101	1021.76	36.558	3.33223
lcl|NW_015386211.1_cds_XP_015673727.1_1120	1086	1114.48	2	0.167131
lcl|NW_015386211.1_cds_XP_015673739.1_1121	1680	1613.41	4.15761	0.239994
lcl|NW_015386211.1_cds_XP_015673950.1_1122	1380	1433.75	5	0.324786
lcl|NW_015386211.1_cds_XP_029140396.1_1123	5553	5615.11	125	2.07326
lcl|NW_015386211.1_cds_XP_015673898.1_1124	5109	5134.64	0	0
lcl|NW_015386211.1_cds_XP_029140406.1_1125	1110	1116.94	3.75999	0.313515
lcl|NW_015386211.1_cds_XP_015673907.1_1126	1818	1809.15	56	2.8828
lcl|NW_015386211.1_cds_XP_015673762.1_1127	2475	2362.9	4	0.157658
lcl|NW_015386211.1_cds_XP_015673924.1_1128	939	932.113	1767	176.551
lcl|NW_015386211.1_cds_XP_015673773.1_1129	570	531.949	0	0
lcl|NW_015386211.1_cds_XP_015673961.2_1130	732	670.837	5	0.694151
lcl|NW_015386211.1_cds_XP_015673784.1_1131	1176	1137.95	0	0
lcl|NW_015386211.1_cds_XP_015673794.1_1132	1029	990.949	0	0
lcl|NW_015386211.1_cds_XP_015673803.1_1133	559	520.949	0	0
lcl|NW_015386212.1_cds_XP_015673970.2_1134	975	922.775	19	1.9176
lcl|NW_015386213.1_cds_XP_029140422.1_1135	6042	6116.06	222	3.38051
lcl|NW_015386213.1_cds_XP_029140424.1_1136	612	597.163	1088	169.683
lcl|NW_015386214.1_cds_XP_015674001.1_1137	1854	1803.7	1	0.0516341
lcl|NW_015386214.1_cds_XP_015674012.1_1138	1380	1361.24	17	1.16309
lcl|NW_015386214.1_cds_XP_015674024.1_1139	909	827.921	13	1.46236
lcl|NW_015386215.1_cds_XP_029140430.1_1140	1986	1893.57	15	0.737755
lcl|NW_015386216.1_cds_XP_015674090.1_1141	531	492.949	0	0
lcl|NW_015386216.1_cds_XP_015674054.2_1142	1296	1257.95	0	0
lcl|NW_015386216.1_cds_XP_015674066.1_1143	3063	2974.19	121	3.78894
lcl|NW_015386216.1_cds_XP_015674101.1_1144	765	717.812	23	2.98414
lcl|NW_015386216.1_cds_XP_015674079.1_1145	468	432.519	21.3847	4.60469
lcl|NW_015386217.1_cds_XP_015674221.1_1146	516	477.949	0	0
lcl|NW_015386217.1_cds_XP_015674213.1_1147	552	513.949	0	0
lcl|NW_015386217.1_cds_XP_015674111.1_1148	2112	2110.3	71	3.13339
lcl|NW_015386217.1_cds_XP_015674121.1_1149	513	438.325	14.5	3.08087
lcl|NW_015386217.1_cds_XP_015674129.1_1150	513	438.325	14.5	3.08087
lcl|NW_015386217.1_cds_XP_015674140.1_1151	900	873.707	47	5.00995
lcl|NW_015386217.1_cds_XP_015674232.1_1152	921	882.949	0	0
lcl|NW_015386217.1_cds_XP_015674158.1_1153	669	605.996	32.6685	5.02066
lcl|NW_015386217.1_cds_XP_015674151.1_1154	687	627.457	204.331	30.3286
lcl|NW_015386217.1_cds_XP_015674183.1_1155	1998	1975.03	92	4.33826
lcl|NW_015386217.1_cds_XP_015674171.1_1156	246	206.926	1985	893.4
lcl|NW_015386217.1_cds_XP_015674194.1_1157	438	383.956	25696	6232.84
lcl|NW_015386217.1_cds_XP_015674202.1_1158	750	761.615	736	90.0002
lcl|NW_015386218.1_cds_XP_015674309.1_1159	1326	1204.75	30.043	2.32245
lcl|NW_015386218.1_cds_XP_029140497.1_1160	543	504.949	0	0
lcl|NW_015386218.1_cds_XP_029140468.1_1161	9417	9945.05	78.3142	0.73339
lcl|NW_015386218.1_cds_XP_029140491.1_1162	2028	2039.83	2	0.091314
lcl|NW_015386218.1_cds_XP_029140477.1_1163	942	909.769	22.7901	2.33301
lcl|NW_015386218.1_cds_XP_015674320.1_1164	495	456.949	0	0
lcl|NW_015386218.1_cds_XP_029140473.1_1165	2550	2556.54	15.0241	0.547314
lcl|NW_015386218.1_cds_XP_029140499.1_1166	5916	6131.47	245.66	3.73139
lcl|NW_015386218.1_cds_XP_029140481.1_1167	537	490.677	21.3262	4.0478
lcl|NW_015386218.1_cds_XP_029140487.1_1168	1428	1542.77	106.457	6.42654
lcl|NW_015386219.1_cds_XP_015674354.1_1169	639	600.949	0	0
lcl|NW_015386219.1_cds_XP_015674366.1_1170	1038	999.949	0	0
lcl|NW_015386220.1_cds_XP_015674407.1_1171	1968	1811.41	614.169	31.5771
lcl|NW_015386220.1_cds_XP_015674399.1_1172	1755	1611.34	90.8312	5.2499
lcl|NW_015386220.1_cds_XP_029140527.1_1173	3225	3144.66	4	0.118464
lcl|NW_015386220.1_cds_XP_015674418.2_1174	1878	1805.59	97	5.00328
lcl|NW_015386220.1_cds_XP_015674388.1_1175	2481	2233.73	146	6.08729
lcl|NW_015386220.1_cds_XP_015674438.1_1176	378	369.675	112.655	28.3813
lcl|NW_015386220.1_cds_XP_015674429.1_1177	387	380.577	18.3448	4.48923
lcl|NW_015386220.1_cds_XP_015674449.1_1178	1275	1211.45	58.7658	4.51773
lcl|NW_015386220.1_cds_XP_015674457.1_1179	1263	1201.3	344.234	26.6872
lcl|NW_015386220.1_cds_XP_015674476.1_1180	3513	3441.03	5.69262	0.154072
lcl|NW_015386220.1_cds_XP_015674467.2_1181	3165	3117.34	33.3074	0.995079
lcl|NW_015386220.1_cds_XP_029140511.1_1182	813	774.949	0	0
lcl|NW_015386220.1_cds_XP_015674486.1_1183	573	534.949	0	0
lcl|NW_015386221.1_cds_XP_015674498.1_1184	2301	2262.95	0	0
lcl|NW_015386221.1_cds_XP_015674509.1_1185	933	924.53	339	34.1492
lcl|NW_015386221.1_cds_XP_015674517.1_1186	933	924.53	339	34.1492
lcl|NW_015386221.1_cds_XP_015674525.1_1187	933	924.53	339	34.1492
lcl|NW_015386222.1_cds_XP_015674536.1_1188	600	548.141	4	0.679624
lcl|NW_015386222.1_cds_XP_015674603.1_1189	1893	1756.43	9	0.477214
lcl|NW_015386222.1_cds_XP_015674614.1_1190	786	767.036	711	86.3287
lcl|NW_015386222.1_cds_XP_015674548.1_1191	2973	2990.07	53	1.65081
lcl|NW_015386222.1_cds_XP_015674559.1_1192	2502	2569.97	16	0.579821
lcl|NW_015386222.1_cds_XP_015674626.1_1193	411	355.823	1055	276.134
lcl|NW_015386222.1_cds_XP_015674637.1_1194	1287	1248.62	145	10.8153
lcl|NW_015386222.1_cds_XP_029140561.1_1195	1044	1060.32	23	2.0202
lcl|NW_015386222.1_cds_XP_029140564.1_1196	5427	5565.06	121	2.02496
lcl|NW_015386222.1_cds_XP_015674659.1_1197	936	858.565	113	12.2576
lcl|NW_015386222.1_cds_XP_015674670.1_1198	1230	1206.16	32	2.47085
lcl|NW_015386222.1_cds_XP_015674681.1_1199	243	184.26	5.5	2.77993
lcl|NW_015386222.1_cds_XP_015674689.1_1200	243	184.26	5.5	2.77993
lcl|NW_015386222.1_cds_XP_015674697.1_1201	243	184.26	5.5	2.77993
lcl|NW_015386222.1_cds_XP_015674705.1_1202	243	184.26	5.5	2.77993
lcl|NW_015386222.1_cds_XP_015674582.1_1203	2424	2374.86	29	1.13726
lcl|NW_015386222.1_cds_XP_015674593.1_1204	762	723.949	0	0
lcl|NW_015386222.1_cds_XP_015674715.1_1205	3066	3074.7	101.428	3.07226
lcl|NW_015386223.1_cds_XP_015674727.1_1206	660	609.531	2	0.305588
lcl|NW_015386224.1_cds_XP_015674739.1_1207	2091	2092.15	153	6.81083
lcl|NW_015386224.1_cds_XP_015674761.1_1208	456	394.24	4007	946.586
lcl|NW_015386224.1_cds_XP_015674750.1_1209	3688	3724.65	161.619	4.04118
lcl|NW_015386224.1_cds_XP_029140579.1_1210	528	447.929	65	13.5147
lcl|NW_015386224.1_cds_XP_015674782.2_1211	1272	1191.72	22	1.71929
lcl|NW_015386224.1_cds_XP_015674791.1_1212	2397	2399.84	13.9846	0.542711
lcl|NW_015386224.1_cds_XP_015674797.1_1213	1371	1367.57	4.01543	0.273454
lcl|NW_015386224.1_cds_XP_015674808.1_1214	2382	2317.24	12	0.482294
lcl|NW_015386225.1_cds_XP_015674873.1_1215	357	329.711	36	10.1688
lcl|NW_015386225.1_cds_XP_015674884.1_1216	2283	2335.83	723	28.827
lcl|NW_015386225.1_cds_XP_015674818.1_1217	2724	2721.6	4	0.136879
lcl|NW_015386225.1_cds_XP_015675163.1_1218	639	600.949	0	0
lcl|NW_015386225.1_cds_XP_015675173.1_1219	681	642.949	0	0
lcl|NW_015386225.1_cds_XP_015674895.1_1220	4800	4832.17	127	2.44772
lcl|NW_015386225.1_cds_XP_015674917.1_1221	492	436.319	1246	265.959
lcl|NW_015386225.1_cds_XP_015674906.1_1222	3183	3298.43	223	6.29649
lcl|NW_015386225.1_cds_XP_015674828.1_1223	2097	2022.18	1	0.0460554
lcl|NW_015386225.1_cds_XP_015674929.1_1224	561	525.672	275	48.7213
lcl|NW_015386225.1_cds_XP_029140605.1_1225	6834	6918.68	1289	17.3513
lcl|NW_015386225.1_cds_XP_029140646.1_1226	1230	1230.48	139	10.5206
lcl|NW_015386225.1_cds_XP_015674963.1_1227	873	790.217	456.73	53.8288
lcl|NW_015386225.1_cds_XP_015674973.1_1228	4629	4586.52	521.933	10.5982
lcl|NW_015386225.1_cds_XP_015674985.1_1229	2898	2757.23	198	6.68795
lcl|NW_015386225.1_cds_XP_015675185.1_1230	651	612.949	0	0
lcl|NW_015386225.1_cds_XP_015675197.1_1231	948	909.949	0	0
lcl|NW_015386225.1_cds_XP_015675209.1_1232	726	687.949	0	0
lcl|NW_015386225.1_cds_XP_029140650.1_1233	1662	1676	72	4.00092
lcl|NW_015386225.1_cds_XP_015675009.1_1234	1032	1056.1	256.203	22.5933
lcl|NW_015386225.1_cds_XP_015675016.1_1235	939	959.723	143.797	13.9543
lcl|NW_015386225.1_cds_XP_015675028.1_1236	1638	1675.88	171	9.50285
lcl|NW_015386225.1_cds_XP_015674841.1_1237	1296	1275.26	83	6.06151
lcl|NW_015386225.1_cds_XP_015675039.1_1238	477	442.249	92.5963	19.4997
lcl|NW_015386225.1_cds_XP_015675047.1_1239	477	442.249	92.5963	19.4997
lcl|NW_015386225.1_cds_XP_015675053.1_1240	453	419.821	79.8073	17.7043
lcl|NW_015386225.1_cds_XP_015675065.1_1241	1140	1129.5	51	4.20519
lcl|NW_015386225.1_cds_XP_015675073.1_1242	1140	1129.5	51	4.20519
lcl|NW_015386225.1_cds_XP_029140653.1_1243	3030	2996.74	4.04517	0.125716
lcl|NW_015386225.1_cds_XP_015675082.1_1244	3027	2960.76	172.955	5.44039
lcl|NW_015386225.1_cds_XP_015675093.1_1245	8808	8793.91	4517	47.8376
lcl|NW_015386225.1_cds_XP_029140655.1_1246	1542	1442.09	21	1.35622
lcl|NW_015386225.1_cds_XP_015675104.1_1247	1044	1009.83	164	15.1251
lcl|NW_015386225.1_cds_XP_029140634.1_1248	3636	3644.4	383	9.78756
lcl|NW_015386225.1_cds_XP_015675126.1_1249	894	833.192	861	96.2409
lcl|NW_015386225.1_cds_XP_015675138.1_1250	1338	1338.91	6162	428.618
lcl|NW_015386225.1_cds_XP_015675221.1_1251	525	454.338	0.00129793	0.000266057
lcl|NW_015386225.1_cds_XP_015675228.1_1252	522	450.905	0.998702	0.206278
lcl|NW_015386225.1_cds_XP_015675151.1_1253	1500	1467.42	15	0.952004
lcl|NW_015386225.1_cds_XP_029140597.1_1254	1281	1242.95	0	0
lcl|NW_015386226.1_cds_XP_015675247.1_1255	399	372.573	186	46.4947
lcl|NW_015386226.1_cds_XP_029140657.1_1256	1536	1562.81	1	0.0595932
lcl|NW_015386226.1_cds_XP_015675260.1_1257	1599	1590.76	3826	223.997
lcl|NW_015386227.1_cds_XP_015675307.1_1258	705	646.193	35	5.04437
lcl|NW_015386227.1_cds_XP_029140666.1_1259	2760	2735.66	101	3.43843
lcl|NW_015386227.1_cds_XP_015675283.1_1260	1920	1881.95	0	0
lcl|NW_015386227.1_cds_XP_015675319.1_1261	3579	3593.46	178	4.61327
lcl|NW_015386227.1_cds_XP_015675345.1_1262	2445	2420.7	94.3103	3.62843
lcl|NW_015386227.1_cds_XP_015675330.1_1263	2451	2429.55	3.68968	0.141437
lcl|NW_015386227.1_cds_XP_029140676.1_1264	2652	2570.49	8	0.289851
lcl|NW_015386227.1_cds_XP_015675469.1_1265	792	753.949	0	0
lcl|NW_015386227.1_cds_XP_029140700.1_1266	933	894.949	0	0
lcl|NW_015386227.1_cds_XP_015675369.1_1267	630	604.86	55	8.46855
lcl|NW_015386227.1_cds_XP_015675379.2_1268	1674	1650.18	4	0.225752
lcl|NW_015386227.1_cds_XP_015675385.1_1269	1224	1183.87	105	8.2601
lcl|NW_015386227.1_cds_XP_015675396.1_1270	5301	5194.49	91	1.63155
lcl|NW_015386227.1_cds_XP_015675408.1_1271	1593	1570.36	2344.68	139.055
lcl|NW_015386227.1_cds_XP_015675419.1_1272	657	622.627	70.5	10.5454
lcl|NW_015386227.1_cds_XP_015675427.1_1273	657	622.627	70.5	10.5454
lcl|NW_015386227.1_cds_XP_015675438.1_1274	1770	1730.31	118	6.35124
lcl|NW_015386227.1_cds_XP_029140695.1_1275	747	703.97	4	0.529184
lcl|NW_015386227.1_cds_XP_029140698.1_1276	1359	1349.51	2	0.138024
lcl|NW_015386227.1_cds_XP_015675296.2_1277	1206	1173.19	1	0.0793841
lcl|NW_015386228.1_cds_XP_015675589.2_1278	2625	2679.31	1	0.0347599
lcl|NW_015386228.1_cds_XP_015675515.1_1279	1431	1377.37	519	35.0929
lcl|NW_015386228.1_cds_XP_015675482.1_1280	1521	1513.14	86	5.29325
lcl|NW_015386228.1_cds_XP_015675601.2_1281	1218	1179.95	0	0
lcl|NW_015386228.1_cds_XP_029140727.1_1282	984	998.375	10	0.932841
lcl|NW_015386228.1_cds_XP_015675537.1_1283	633	596.301	35	5.46643
lcl|NW_015386228.1_cds_XP_015675548.1_1284	816	759.725	52.3931	6.42271
lcl|NW_015386228.1_cds_XP_015675556.1_1285	801	745.225	235.607	29.4443
lcl|NW_015386228.1_cds_XP_015675567.1_1286	1251	1283.99	97	7.03574
lcl|NW_015386228.1_cds_XP_029140719.1_1287	2349	2310.95	0	0
lcl|NW_015386228.1_cds_XP_015675493.1_1288	2184	2125.09	16	0.701202
lcl|NW_015386228.1_cds_XP_029140730.1_1289	12672	12861.7	38	0.27516
lcl|NW_015386228.1_cds_XP_029140722.1_1290	1833	1794.95	0	0
lcl|NW_015386229.1_cds_XP_015675622.1_1291	2062	2037.73	126	5.75871
lcl|NW_015386229.1_cds_XP_015675633.2_1292	1083	989.86	49	4.61024
lcl|NW_015386229.1_cds_XP_015675645.1_1293	1833	1642.15	756.389	42.8976
lcl|NW_015386229.1_cds_XP_015675664.1_1294	288	238.264	4.13709	1.6171
lcl|NW_015386229.1_cds_XP_015675675.1_1295	291	227.483	24.8629	10.179
lcl|NW_015386230.1_cds_XP_015675709.1_1296	2022	1967.54	34	1.60937
lcl|NW_015386230.1_cds_XP_015675721.1_1297	687	647.249	51	7.33838
lcl|NW_015386230.1_cds_XP_015675788.1_1298	1779	1761.8	344	18.1846
lcl|NW_015386230.1_cds_XP_015675800.1_1299	1770	1811.8	934	48.0108
lcl|NW_015386230.1_cds_XP_015675733.1_1300	546	516.555	11	1.98325
lcl|NW_015386230.1_cds_XP_015675808.1_1301	843	810.154	29	3.33374
lcl|NW_015386230.1_cds_XP_015675819.1_1302	2445	2449.17	110	4.18287
lcl|NW_015386230.1_cds_XP_015675829.1_1303	1494	1460.72	116	7.39594
lcl|NW_015386230.1_cds_XP_015675745.1_1304	1338	1265.39	6	0.441599
lcl|NW_015386230.1_cds_XP_015675840.1_1305	2451	2539.1	77	2.82431
lcl|NW_015386230.1_cds_XP_015675754.1_1306	2295	2346.98	14	0.555546
lcl|NW_015386230.1_cds_XP_015675853.1_1307	972	948.368	27	2.65148
lcl|NW_015386230.1_cds_XP_015675877.1_1308	1284	1173.45	32	2.53972
lcl|NW_015386230.1_cds_XP_015675887.1_1309	921	917.681	189	19.181
lcl|NW_015386230.1_cds_XP_015675895.1_1310	726	708.695	7.55445e-08	9.92761e-09
lcl|NW_015386230.1_cds_XP_015675766.1_1311	870	892.273	9	0.93939
lcl|NW_015386230.1_cds_XP_015675906.1_1312	1422	1416.09	717.5	47.1882
lcl|NW_015386230.1_cds_XP_015675914.1_1313	1422	1416.09	717.5	47.1882
lcl|NW_015386230.1_cds_XP_015675926.1_1314	1503	1467.03	539	34.2178
lcl|NW_015386230.1_cds_XP_029140757.1_1315	1590	1608	1	0.0579181
lcl|NW_015386230.1_cds_XP_015675944.1_1316	1869	1415.99	2	0.131544
lcl|NW_015386231.1_cds_XP_015676108.1_1317	1605	1549.34	4	0.240444
lcl|NW_015386231.1_cds_XP_015676120.1_1318	1110	1053.5	16	1.41445
lcl|NW_015386231.1_cds_XP_015676009.1_1319	1683	1683	344.998	19.0912
lcl|NW_015386231.1_cds_XP_015676017.1_1320	1683	1679.82	0.00158677	8.79736e-05
lcl|NW_015386231.1_cds_XP_015675954.1_1321	810	777.012	12	1.43832
lcl|NW_015386231.1_cds_XP_015676131.1_1322	2448	2388.74	4	0.155953
lcl|NW_015386231.1_cds_XP_015675965.2_1323	957	891.849	385	40.2041
lcl|NW_015386231.1_cds_XP_015676030.1_1324	693	702.783	56	7.4211
lcl|NW_015386231.1_cds_XP_015676143.1_1325	795	763.62	87	10.6107
lcl|NW_015386231.1_cds_XP_015676154.1_1326	1518	1479.95	0	0
lcl|NW_015386231.1_cds_XP_015675976.2_1327	1068	1029.95	0	0
lcl|NW_015386231.1_cds_XP_015676040.1_1328	912	869.926	74	7.92229
lcl|NW_015386231.1_cds_XP_015676060.1_1329	642	577.979	328.468	52.9276
lcl|NW_015386231.1_cds_XP_015676052.1_1330	783	729.147	20.5321	2.62253
lcl|NW_015386231.1_cds_XP_029140821.1_1331	3876	3837.95	0	0
lcl|NW_015386231.1_cds_XP_015676071.1_1332	756	709.546	790	103.693
lcl|NW_015386231.1_cds_XP_015676097.1_1333	1326	1252.97	215	15.9808
lcl|NW_015386231.1_cds_XP_015675996.1_1334	915	862.522	777	83.8981
lcl|NW_015386231.1_cds_XP_015676165.1_1335	762	723.949	0	0
lcl|NW_015386231.1_cds_XP_015676176.1_1336	1683	1626.21	38	2.17624
lcl|NW_015386232.1_cds_XP_015676230.1_1337	1320	1364.43	8	0.546061
lcl|NW_015386232.1_cds_XP_015676364.1_1338	1341	1281.38	23	1.67168
lcl|NW_015386232.1_cds_XP_015676241.1_1339	531	508.722	5953.38	1089.9
lcl|NW_015386232.1_cds_XP_015676250.1_1340	444	410.282	5810.62	1318.99
lcl|NW_015386232.1_cds_XP_015676274.1_1341	2886	2902.12	1439	46.1792
lcl|NW_015386232.1_cds_XP_015676295.1_1342	2175	2172.57	187	8.01622
lcl|NW_015386232.1_cds_XP_015676305.1_1343	768	743.034	24	3.00818
lcl|NW_015386232.1_cds_XP_015676317.1_1344	1425	1430.22	30.3294	1.97498
lcl|NW_015386232.1_cds_XP_015676332.1_1345	1632	1648	1345.59	76.0427
lcl|NW_015386232.1_cds_XP_015676324.1_1346	1401	1410.48	122.08	8.06084
lcl|NW_015386232.1_cds_XP_015676309.1_1347	2235	2296.35	9.95866e-09	4.03892e-10
lcl|NW_015386232.1_cds_XP_029140849.1_1348	2184	2241.38	32	1.32964
lcl|NW_015386232.1_cds_XP_015676195.1_1349	858	831.792	37	4.14275
lcl|NW_015386232.1_cds_XP_015676353.1_1350	2700	2586.25	158	5.68969
lcl|NW_015386232.1_cds_XP_015676219.1_1351	486	454.061	30	6.1533
lcl|NW_015386233.1_cds_XP_015676386.1_1352	1038	1036.08	123	11.0564
lcl|NW_015386233.1_cds_XP_015676375.1_1353	996	955.83	59.4965	5.79712
lcl|NW_015386233.1_cds_XP_015676398.2_1354	1230	1193.39	101.503	7.92135
lcl|NW_015386234.1_cds_XP_029140864.1_1355	594	564.465	0	0
lcl|NW_015386234.1_cds_XP_029140869.1_1356	441	404.622	0	0
lcl|NW_015386234.1_cds_XP_015676417.1_1357	426	390.19	1	0.238685
lcl|NW_015386234.1_cds_XP_029140873.1_1358	5838	5987.89	138	2.14638
lcl|NW_015386235.1_cds_XP_015676496.1_1359	3546	3526.32	1381.83	36.4951
lcl|NW_015386235.1_cds_XP_029140897.1_1360	3081	3119.61	122	3.64218
lcl|NW_015386235.1_cds_XP_015676617.1_1361	1047	1008.95	0	0
lcl|NW_015386235.1_cds_XP_015676519.1_1362	3081	3053.1	1120	34.1647
lcl|NW_015386235.1_cds_XP_015676442.1_1363	1239	1180.04	1	0.0789235
lcl|NW_015386235.1_cds_XP_015676531.1_1364	1341	1343.74	5	0.346543
lcl|NW_015386235.1_cds_XP_015676628.1_1365	1050	1003.54	9	0.835238
lcl|NW_015386235.1_cds_XP_015676540.1_1366	1914	1884.86	64	3.1623
lcl|NW_015386235.1_cds_XP_029140914.1_1367	666	655.306	268.937	38.2215
lcl|NW_015386235.1_cds_XP_029140877.1_1368	1383	1412.32	5	0.329716
lcl|NW_015386235.1_cds_XP_015676474.1_1369	435	439.978	3.28755	0.695895
lcl|NW_015386235.1_cds_XP_029140880.1_1370	1245	1206.95	0	0
lcl|NW_015386235.1_cds_XP_015676637.1_1371	972	941.535	143	14.1449
lcl|NW_015386235.1_cds_XP_015676564.1_1372	1464	1400.05	556	36.9855
lcl|NW_015386235.1_cds_XP_015676586.1_1373	1026	1023.19	126	11.4688
lcl|NW_015386235.1_cds_XP_015676574.1_1374	537	453.801	24	4.92546
lcl|NW_015386235.1_cds_XP_029140883.1_1375	1734	1630.43	9	0.514092
lcl|NW_015386235.1_cds_XP_015676607.1_1376	1506	1478.91	17	1.07055
lcl|NW_015386235.1_cds_XP_015676597.1_1377	2589	2473.03	22	0.828504
lcl|NW_015386235.1_cds_XP_015676486.1_1378	1119	1080.95	0	0
lcl|NW_015386236.1_cds_XP_015676656.1_1379	1410	1415	202.954	13.3581
lcl|NW_015386236.1_cds_XP_015676667.1_1380	2355	2374.27	58	2.27509
lcl|NW_015386236.1_cds_XP_015676679.1_1381	818	773.184	483	58.1789
lcl|NW_015386238.1_cds_XP_015676692.1_1382	750	714.076	11	1.43466
lcl|NW_015386238.1_cds_XP_015676701.1_1383	972	886.732	400	42.0116
lcl|NW_015386238.1_cds_XP_015676726.1_1384	2313	2362.71	638	25.1485
lcl|NW_015386239.1_cds_XP_015676747.1_1385	741	725.04	67.5923	8.68233
lcl|NW_015386239.1_cds_XP_015676755.1_1386	741	725.04	67.5923	8.68233
lcl|NW_015386239.1_cds_XP_015676763.1_1387	450	425.857	35.8153	7.8326
lcl|NW_015386239.1_cds_XP_015676783.1_1388	408	360.38	6	1.55057
lcl|NW_015386239.1_cds_XP_015676771.1_1389	408	352.315	6	1.58607
lcl|NW_015386239.1_cds_XP_015676793.1_1390	1080	1051.91	290.131	25.6872
lcl|NW_015386239.1_cds_XP_015676802.1_1391	954	925.014	122.869	12.3708
lcl|NW_015386239.1_cds_XP_015676813.1_1392	2733	2780.99	10880	364.361
lcl|NW_015386239.1_cds_XP_015676824.1_1393	1035	1017.31	358	32.774
lcl|NW_015386239.1_cds_XP_029140944.1_1394	1164	1125.95	0	0
lcl|NW_015386239.1_cds_XP_015676835.1_1395	3195	3213.44	288.867	8.37199
lcl|NW_015386240.1_cds_XP_015676857.1_1396	4626	4887.58	5.55218	0.105796
lcl|NW_015386240.1_cds_XP_015676868.1_1397	516	486.082	3.44782	0.660598
lcl|NW_015386240.1_cds_XP_015676880.1_1398	3621	3544.42	1172	30.7952
lcl|NW_015386240.1_cds_XP_015676897.1_1399	243	191.149	2	0.974451
lcl|NW_015386240.1_cds_XP_015676916.1_1400	3348	3504.58	11.9997	0.318888
lcl|NW_015386240.1_cds_XP_015676908.1_1401	3393	3546.05	0.000255058	6.69877e-06
lcl|NW_015386241.1_cds_XP_015676927.1_1402	435	384.515	1344.19	325.574
lcl|NW_015386241.1_cds_XP_015676939.1_1403	1290	1287.96	1528	110.49
lcl|NW_015386241.1_cds_XP_015676980.1_1404	726	626.385	641	95.3056
lcl|NW_015386241.1_cds_XP_015676991.1_1405	570	496.059	456	85.6117
lcl|NW_015386241.1_cds_XP_015676951.1_1406	2592	2541.02	49	1.79593
lcl|NW_015386241.1_cds_XP_015677001.1_1407	1767	1728.95	0	0
lcl|NW_015386241.1_cds_XP_015676961.1_1408	2337	2269.81	53	2.17464
lcl|NW_015386241.1_cds_XP_015676969.1_1409	2292	2199.69	124	5.25003
lcl|NW_015386242.1_cds_XP_015677034.1_1410	1314	1280.57	1	0.0727276
lcl|NW_015386242.1_cds_XP_015677070.1_1411	3777	3878.89	39	0.936394
lcl|NW_015386242.1_cds_XP_015677043.1_1412	891	856.784	19.6667	2.13777
lcl|NW_015386242.1_cds_XP_015677060.1_1413	891	856.784	19.6667	2.13777
lcl|NW_015386242.1_cds_XP_029140987.1_1414	891	856.784	19.6667	2.13777
lcl|NW_015386242.1_cds_XP_029140984.1_1415	1455	1416.95	0	0
lcl|NW_015386242.1_cds_XP_015677023.2_1416	1791	1827.55	537.76	27.4045
lcl|NW_015386243.1_cds_XP_029141000.1_1417	972	948.976	6	0.58884
lcl|NW_015386243.1_cds_XP_029141028.1_1418	1014	975.949	0	0
lcl|NW_015386243.1_cds_XP_015677104.1_1419	948	909.949	0	0
lcl|NW_015386243.1_cds_XP_015677116.1_1420	3246	3314.98	1	0.0280945
lcl|NW_015386243.1_cds_XP_015677125.1_1421	771	734.672	4	0.50707
lcl|NW_015386243.1_cds_XP_015677180.1_1422	498	472.339	161	31.7449
lcl|NW_015386243.1_cds_XP_015677225.1_1423	2796	2680.69	2	0.069484
lcl|NW_015386243.1_cds_XP_015677193.1_1424	678	651.335	653	93.3706
lcl|NW_015386243.1_cds_XP_015677201.1_1425	678	651.335	653	93.3706
lcl|NW_015386243.1_cds_XP_015677236.2_1426	1218	1172.91	11	0.873429
lcl|NW_015386243.1_cds_XP_015677136.1_1427	1374	1354.36	8	0.550121
lcl|NW_015386243.1_cds_XP_015677247.1_1428	771	676.692	21.6054	2.97353
lcl|NW_015386243.1_cds_XP_015677148.1_1429	555	468.461	14.3946	2.86173
lcl|NW_015386244.1_cds_XP_015677258.1_1430	633	615.643	68.3218	10.3355
lcl|NW_015386244.1_cds_XP_015677491.1_1431	1167	1118.09	19	1.58262
lcl|NW_015386244.1_cds_XP_029141029.1_1432	618	582.472	1	0.159892
lcl|NW_015386244.1_cds_XP_029141037.1_1433	597	546.022	6	1.02339
lcl|NW_015386244.1_cds_XP_015677369.1_1434	26439	26278.4	200.323	0.709958
lcl|NW_015386244.1_cds_XP_029141044.1_1435	2970	2928.35	18.6769	0.593996
lcl|NW_015386244.1_cds_XP_029141049.1_1436	1566	1527.95	0	0
lcl|NW_015386244.1_cds_XP_015677388.1_1437	1764	1725.95	0	0
lcl|NW_015386244.1_cds_XP_015677396.1_1438	1767	1728.95	0	0
lcl|NW_015386244.1_cds_XP_015677380.1_1439	1773	1734.95	0	0
lcl|NW_015386244.1_cds_XP_029141053.1_1440	2151	2015.05	0	0
lcl|NW_015386244.1_cds_XP_015677406.1_1441	2154	2016.49	28	1.29319
lcl|NW_015386244.1_cds_XP_015677417.1_1442	1332	1312.41	160	11.354
lcl|NW_015386244.1_cds_XP_015677429.1_1443	1317	1291.85	114	8.21853
lcl|NW_015386244.1_cds_XP_015677440.1_1444	1536	1502.74	26	1.61135
lcl|NW_015386244.1_cds_XP_015677287.2_1445	564	509.402	3.51205	0.642098
lcl|NW_015386244.1_cds_XP_015677310.1_1446	2799	2773.32	123.716	4.15458
lcl|NW_015386244.1_cds_XP_029141066.1_1447	4269	4238.3	0	0
lcl|NW_015386244.1_cds_XP_015677450.1_1448	4581	4555.28	27	0.552014
lcl|NW_015386244.1_cds_XP_015677321.1_1449	2694	2720.59	84	2.87552
lcl|NW_015386244.1_cds_XP_029141033.1_1450	1497	1458.95	0	0
lcl|NW_015386244.1_cds_XP_029141041.1_1451	1428	1376.57	3	0.202967
lcl|NW_015386244.1_cds_XP_029141078.1_1452	4626	4599.04	0	0
lcl|NW_015386244.1_cds_XP_029141076.1_1453	4692	4674.43	0	0
lcl|NW_015386244.1_cds_XP_029141079.1_1454	4638	4626.11	0	0
lcl|NW_015386244.1_cds_XP_029141099.1_1455	3963	3929.1	0	0
lcl|NW_015386244.1_cds_XP_029141089.1_1456	4170	4145.64	0	0
lcl|NW_015386244.1_cds_XP_029141104.1_1457	3786	3768.34	4	0.0988579
lcl|NW_015386244.1_cds_XP_029141097.1_1458	3960	3933.46	0	0
lcl|NW_015386244.1_cds_XP_029141133.1_1459	4509	4490.7	0	0
lcl|NW_015386244.1_cds_XP_029141137.1_1460	3993	3963.66	0	0
lcl|NW_015386244.1_cds_XP_029141135.1_1461	4026	4008.85	0	0
lcl|NW_015386244.1_cds_XP_029141080.1_1462	4608	4601.44	0	0
lcl|NW_015386244.1_cds_XP_015677462.1_1463	4008	3981.63	0	0
lcl|NW_015386244.1_cds_XP_029141084.1_1464	4224	4180.59	0	0
lcl|NW_015386244.1_cds_XP_029141073.1_1465	4773	4737.83	0	0
lcl|NW_015386244.1_cds_XP_029141072.1_1466	5124	5117.04	0	0
lcl|NW_015386244.1_cds_XP_029141091.1_1467	4080	4043.81	0	0
lcl|NW_015386244.1_cds_XP_015677468.1_1468	3546	3507.95	0	0
lcl|NW_015386244.1_cds_XP_029141109.1_1469	3612	3573.95	0	0
lcl|NW_015386244.1_cds_XP_029141132.1_1470	3228	3189.95	0	0
lcl|NW_015386244.1_cds_XP_029141107.1_1471	3810	3771.95	0	0
lcl|NW_015386244.1_cds_XP_029141122.1_1472	3402	3363.95	0	0
lcl|NW_015386244.1_cds_XP_029141100.1_1473	3951	3912.95	0	0
lcl|NW_015386244.1_cds_XP_029141125.1_1474	3435	3396.95	0	0
lcl|NW_015386244.1_cds_XP_029141103.1_1475	3951	3912.95	0	0
lcl|NW_015386244.1_cds_XP_029141126.1_1476	3294	3255.95	0	0
lcl|NW_015386244.1_cds_XP_015677474.1_1477	3468	3429.95	0	0
lcl|NW_015386244.1_cds_XP_029141114.1_1478	3534	3495.95	0	0
lcl|NW_015386244.1_cds_XP_029141093.1_1479	4071	4032.95	0	0
lcl|NW_015386244.1_cds_XP_029141129.1_1480	3309	3270.95	0	0
lcl|NW_015386244.1_cds_XP_029141120.1_1481	3450	3411.95	0	0
lcl|NW_015386244.1_cds_XP_015677481.1_1482	1338	1327.01	561.95	39.439
lcl|NW_015386244.1_cds_XP_015677357.1_1483	594	546.914	113.506	19.3286
lcl|NW_015386245.1_cds_XP_015677508.1_1484	4065	4219.83	356	7.85699
lcl|NW_015386246.1_cds_XP_015677519.1_1485	897	866.184	199	21.3966
lcl|NW_015386246.1_cds_XP_015677575.1_1486	510	471.949	0	0
lcl|NW_015386246.1_cds_XP_029141156.1_1487	510	486.57	36	6.89062
lcl|NW_015386246.1_cds_XP_015677549.1_1488	2856	2788.7	60	2.00378
lcl|NW_015386246.1_cds_XP_015677557.1_1489	2859	2789.02	0	0
lcl|NW_015386246.1_cds_XP_015677540.1_1490	2862	2793.68	0	0
lcl|NW_015386246.1_cds_XP_015677567.1_1491	2268	2270.92	112	4.59322
lcl|NW_015386247.1_cds_XP_015677586.1_1492	1797	1811.62	5856	301.048
lcl|NW_015386247.1_cds_XP_015677597.1_1493	624	569.084	364	59.5698
lcl|NW_015386247.1_cds_XP_015677605.1_1494	624	569.084	364	59.5698
lcl|NW_015386247.1_cds_XP_015677636.1_1495	669	630.949	0	0
lcl|NW_015386247.1_cds_XP_015677647.1_1496	381	301.084	1	0.309324
lcl|NW_015386247.1_cds_XP_015677616.1_1497	1017	991.351	73	6.85799
lcl|NW_015386247.1_cds_XP_015677627.1_1498	1680	1696.23	1169.67	64.2213
lcl|NW_015386248.1_cds_XP_029141179.1_1499	1216	1177.95	0	0
lcl|NW_015386248.1_cds_XP_029141201.1_1500	3768	3729.5	56.049	1.39965
lcl|NW_015386248.1_cds_XP_015677712.1_1501	3783	3739.65	4.46939	0.111306
lcl|NW_015386248.1_cds_XP_015677705.1_1502	3897	3855.27	0	0
lcl|NW_015386248.1_cds_XP_029141204.1_1503	3726	3679.26	27.4816	0.695638
lcl|NW_015386248.1_cds_XP_029141220.1_1504	1053	1055.31	1	0.0882509
lcl|NW_015386248.1_cds_XP_029141182.1_1505	1878	1839.95	0	0
lcl|NW_015386248.1_cds_XP_015677786.1_1506	1311	1272.84	30	2.19507
lcl|NW_015386248.1_cds_XP_029141184.1_1507	1980	1995.52	53.0594	2.47633
lcl|NW_015386248.1_cds_XP_029141187.1_1508	654	675.977	18	2.47995
lcl|NW_015386248.1_cds_XP_015677735.1_1509	351	326.333	215	61.359
lcl|NW_015386248.1_cds_XP_015677744.1_1510	1779	1799.99	28	1.44873
lcl|NW_015386248.1_cds_XP_015677755.1_1511	1845	1826.54	70	3.5692
lcl|NW_015386248.1_cds_XP_015677682.1_1512	1524	1510.55	93	5.73388
lcl|NW_015386248.1_cds_XP_015677767.1_1513	1350	1332.93	477.5	33.3632
lcl|NW_015386248.1_cds_XP_015677773.1_1514	1350	1332.93	477.5	33.3632
lcl|NW_015386248.1_cds_XP_015677693.1_1515	1302	1263.95	0	0
lcl|NW_015386249.1_cds_XP_015677808.1_1516	294	258.27	2	0.721204
lcl|NW_015386250.1_cds_XP_015677861.1_1517	1677	1650.84	1	0.0564153
lcl|NW_015386250.1_cds_XP_015677872.1_1518	1071	1026.6	36	3.26591
lcl|NW_015386250.1_cds_XP_015677892.1_1519	2493	2339.46	334.5	13.3163
lcl|NW_015386250.1_cds_XP_015677900.1_1520	2493	2339.46	334.5	13.3163
lcl|NW_015386250.1_cds_XP_015677913.1_1521	1260	1201.47	71	5.50359
lcl|NW_015386250.1_cds_XP_015677924.1_1522	1389	1319.32	9	0.635322
lcl|NW_015386250.1_cds_XP_015677881.1_1523	1923	1945.24	25	1.19693
lcl|NW_015386250.1_cds_XP_015677928.1_1524	1620	1537.67	28	1.69589
lcl|NW_015386250.1_cds_XP_015677932.1_1525	1359	1333.59	123	8.58979
lcl|NW_015386250.1_cds_XP_015677943.1_1526	648	546.759	3051	519.694
lcl|NW_015386250.1_cds_XP_015677950.1_1527	648	546.759	3051	519.694
lcl|NW_015386251.1_cds_XP_015677983.1_1528	771	713.541	403.52	52.6681
lcl|NW_015386251.1_cds_XP_029141255.1_1529	4848	4605.26	84.8507	1.71594
lcl|NW_015386251.1_cds_XP_015677961.1_1530	1494	1455.95	0	0
lcl|NW_015386252.1_cds_XP_015677993.1_1531	1527	1406.18	29.2134	1.93483
lcl|NW_015386252.1_cds_XP_015678009.1_1532	1110	1012.05	51.7866	4.76557
lcl|NW_015386252.1_cds_XP_015678000.1_1533	1134	1034.71	0	0
lcl|NW_015386252.1_cds_XP_015678020.1_1534	1077	1021.99	37	3.37175
lcl|NW_015386253.1_cds_XP_029141309.1_1535	2385	2501.63	19	0.707345
lcl|NW_015386253.1_cds_XP_029141278.1_1536	720	681.949	0	0
lcl|NW_015386253.1_cds_XP_015678071.1_1537	639	600.949	0	0
lcl|NW_015386253.1_cds_XP_015678220.1_1538	2601	2604.07	1163.08	41.5965
lcl|NW_015386253.1_cds_XP_015678212.1_1539	2616	2614.91	107.924	3.84382
lcl|NW_015386253.1_cds_XP_029141318.1_1540	4641	4643.66	104	2.08581
lcl|NW_015386253.1_cds_XP_015678250.1_1541	1503	1497.18	40	2.48821
lcl|NW_015386253.1_cds_XP_015678261.1_1542	1197	1115.25	68	5.67856
lcl|NW_015386253.1_cds_XP_015678272.1_1543	1992	2000.61	1653	76.9504
lcl|NW_015386253.1_cds_XP_015678082.1_1544	1074	1035.95	0	0
lcl|NW_015386253.1_cds_XP_015678810.1_1545	1068	1040.11	1	0.0895412
lcl|NW_015386253.1_cds_XP_029141283.1_1546	471	420.781	2.25436	0.498963
lcl|NW_015386253.1_cds_XP_015678820.1_1547	906	906.744	56	5.75181
lcl|NW_015386253.1_cds_XP_015678284.1_1548	1029	1021.03	4330	394.957
lcl|NW_015386253.1_cds_XP_029141288.1_1549	2115	2076.95	0	0
lcl|NW_015386253.1_cds_XP_015678295.1_1550	2613	2559.15	253	9.20719
lcl|NW_015386253.1_cds_XP_015678831.1_1551	342	296.653	34.1237	10.7129
lcl|NW_015386253.1_cds_XP_015678843.1_1552	369	330.949	0	0
lcl|NW_015386253.1_cds_XP_015678306.2_1553	2625	2663.87	15.4792	0.541173
lcl|NW_015386253.1_cds_XP_029141341.1_1554	2475	2491.77	19.5041	0.728985
lcl|NW_015386253.1_cds_XP_029141338.1_1555	2649	2683.2	14.0168	0.486514
lcl|NW_015386253.1_cds_XP_015678324.1_1556	3816	3876.03	27	0.648752
lcl|NW_015386253.1_cds_XP_015678335.1_1557	2346	2423.73	602.485	23.1507
lcl|NW_015386253.1_cds_XP_015678339.1_1558	2325	2408.47	234.358	9.06233
lcl|NW_015386253.1_cds_XP_015678351.1_1559	456	396.61	163	38.2759
lcl|NW_015386253.1_cds_XP_015678854.1_1560	450	401.897	51	11.8183
lcl|NW_015386253.1_cds_XP_015678362.1_1561	2070	2046.25	67	3.04942
lcl|NW_015386253.1_cds_XP_015678373.1_1562	981	983.386	103	9.75472
lcl|NW_015386253.1_cds_XP_015678384.1_1563	873	832.562	193	21.5895
lcl|NW_015386253.1_cds_XP_015678397.1_1564	603	566.22	35	5.75684
lcl|NW_015386253.1_cds_XP_029141357.1_1565	2490	2493.36	195	7.28368
lcl|NW_015386253.1_cds_XP_029141289.1_1566	858	819.949	0	0
lcl|NW_015386253.1_cds_XP_015678420.1_1567	897	873.342	11	1.17303
lcl|NW_015386253.1_cds_XP_015678431.1_1568	2766	2767.12	259	8.71711
lcl|NW_015386253.1_cds_XP_015678443.1_1569	2034	2008.07	748	34.6915
lcl|NW_015386253.1_cds_XP_015678453.1_1570	1788	1787.17	401	20.8968
lcl|NW_015386253.1_cds_XP_015678483.1_1571	360	314.002	1724	511.335
lcl|NW_015386253.1_cds_XP_015678471.1_1572	1650	1708.14	2	0.109046
lcl|NW_015386253.1_cds_XP_015678464.1_1573	1761	1839	0	0
lcl|NW_015386253.1_cds_XP_015678493.1_1574	894	835.274	51	5.68647
lcl|NW_015386253.1_cds_XP_015678516.1_1575	4596	4390.81	213	4.5179
lcl|NW_015386253.1_cds_XP_015678505.1_1576	1029	998.415	12	1.11936
lcl|NW_015386253.1_cds_XP_015678876.1_1577	954	952.422	1	0.0977849
lcl|NW_015386253.1_cds_XP_015678888.1_1578	1074	1077.71	19	1.64193
lcl|NW_015386253.1_cds_XP_015678896.1_1579	1074	1077.71	19	1.64193
lcl|NW_015386253.1_cds_XP_015678527.1_1580	951	891.802	49.5	5.16938
lcl|NW_015386253.1_cds_XP_015678535.1_1581	951	891.802	49.5	5.16938
lcl|NW_015386253.1_cds_XP_015678565.1_1582	4524	4581.53	77	1.56524
lcl|NW_015386253.1_cds_XP_015678546.1_1583	726	680.26	145.036	19.8565
lcl|NW_015386253.1_cds_XP_015678556.1_1584	606	548.932	31.9642	5.42309
lcl|NW_015386253.1_cds_XP_015678135.1_1585	1335	1324.92	1	0.070293
lcl|NW_015386253.1_cds_XP_015678904.2_1586	1404	1424.94	102	6.66662
lcl|NW_015386253.1_cds_XP_015678576.1_1587	3954	3940.26	61	1.4418
lcl|NW_015386253.1_cds_XP_029141392.1_1588	1047	1002.86	982	91.1953
lcl|NW_015386253.1_cds_XP_015678596.1_1589	2448	2423.85	179	6.87779
lcl|NW_015386253.1_cds_XP_015678607.1_1590	6723	6871.43	73.3008	0.993489
lcl|NW_015386253.1_cds_XP_029141405.1_1591	6738	6889.35	61.6992	0.83407
lcl|NW_015386253.1_cds_XP_029141299.1_1592	1131	1092.95	0	0
lcl|NW_015386253.1_cds_XP_015678156.1_1593	1338	1299.95	0	0
lcl|NW_015386253.1_cds_XP_015678168.1_1594	1065	1030.05	2	0.180831
lcl|NW_015386253.1_cds_XP_015678618.1_1595	2436	2457.11	86	3.25968
lcl|NW_015386253.1_cds_XP_015678629.1_1596	1281	1233.79	21	1.58518
lcl|NW_015386253.1_cds_XP_015678652.1_1597	888	821.106	23	2.60873
lcl|NW_015386253.1_cds_XP_015678641.1_1598	768	724.408	137	17.6132
lcl|NW_015386253.1_cds_XP_015678669.1_1599	393	342.487	31	8.42983
lcl|NW_015386253.1_cds_XP_015678677.1_1600	393	342.487	31	8.42983
lcl|NW_015386253.1_cds_XP_015678689.1_1601	729	690.949	0	0
lcl|NW_015386253.1_cds_XP_015678703.1_1602	2856	2788.6	30	1.00193
lcl|NW_015386253.1_cds_XP_015678714.1_1603	753	755.257	120.941	14.9135
lcl|NW_015386253.1_cds_XP_015678722.1_1604	606	599.136	38.3531	5.96178
lcl|NW_015386253.1_cds_XP_015678729.1_1605	606	599.136	38.3531	5.96178
lcl|NW_015386253.1_cds_XP_015678737.1_1606	606	599.136	38.3531	5.96178
lcl|NW_015386253.1_cds_XP_015678748.1_1607	1524	1501.99	210	13.0213
lcl|NW_015386253.1_cds_XP_015678759.1_1608	420	350.994	3775	1001.66
lcl|NW_015386253.1_cds_XP_015678179.2_1609	1893	1850.45	1	0.0503296
lcl|NW_015386253.1_cds_XP_015678915.1_1610	1737	1775.07	33	1.73141
lcl|NW_015386253.1_cds_XP_015678770.1_1611	2295	2264.38	53.6976	2.20855
lcl|NW_015386253.1_cds_XP_015678781.1_1612	1950	1879.27	86	4.26198
lcl|NW_015386253.1_cds_XP_015678788.1_1613	1950	1879.27	86	4.26198
lcl|NW_015386253.1_cds_XP_015678799.1_1614	1140	1099.03	139	11.7789
lcl|NW_015386253.1_cds_XP_029141305.1_1615	5566	5552.66	16	0.268362
lcl|NW_015386254.1_cds_XP_015678932.1_1616	5103	5075.85	115	2.11004
lcl|NW_015386254.1_cds_XP_015679022.1_1617	1500	1396.29	637.678	42.5332
lcl|NW_015386254.1_cds_XP_015679014.1_1618	1539	1427.49	1276.57	83.2862
lcl|NW_015386254.1_cds_XP_015679006.1_1619	1584	1474.26	716.753	45.279
lcl|NW_015386254.1_cds_XP_015679041.1_1620	1338	1281.56	201.084	14.6131
lcl|NW_015386254.1_cds_XP_015679034.1_1621	1455	1405.02	150.916	10.0035
lcl|NW_015386254.1_cds_XP_015679052.1_1622	1272	1243.48	229.223	17.168
lcl|NW_015386254.1_cds_XP_015679060.1_1623	1272	1243.48	229.223	17.168
lcl|NW_015386254.1_cds_XP_015678954.1_1624	2286	2247.95	0	0
lcl|NW_015386254.1_cds_XP_015679072.1_1625	438	386.298	1920	462.893
lcl|NW_015386254.1_cds_XP_015679172.1_1626	2505	2447.38	8	0.304432
lcl|NW_015386254.1_cds_XP_029141461.1_1627	2571	2485.8	11	0.412124
lcl|NW_015386254.1_cds_XP_015678967.1_1628	747	708.949	0	0
lcl|NW_015386254.1_cds_XP_015679093.1_1629	336	298.939	425.301	132.5
lcl|NW_015386254.1_cds_XP_015679101.1_1630	336	300.72	122.004	37.7845
lcl|NW_015386254.1_cds_XP_015679107.1_1631	291	252.846	151.695	55.8749
lcl|NW_015386254.1_cds_XP_015679118.1_1632	1499	1505.27	47	2.90793
lcl|NW_015386254.1_cds_XP_029141488.1_1633	1176	1148.42	6	0.486577
lcl|NW_015386254.1_cds_XP_015679129.1_1634	1131	1077.21	453	39.1651
lcl|NW_015386254.1_cds_XP_015678977.1_1635	744	708.888	10.5624	1.38767
lcl|NW_015386254.1_cds_XP_015679141.1_1636	1011	964.631	1953.26	188.582
lcl|NW_015386254.1_cds_XP_015678988.1_1637	891	874.713	1.17417	0.125016
lcl|NW_015386254.1_cds_XP_015679149.1_1638	3456	3434.1	69.9298	1.89649
lcl|NW_015386254.1_cds_XP_015678997.1_1639	1551	1553.85	53	3.17664
lcl|NW_015386254.1_cds_XP_015679160.1_1640	2103	2105.48	42.3631	1.87386
lcl|NW_015386255.1_cds_XP_015679201.1_1641	663	604.023	88	13.5685
lcl|NW_015386256.1_cds_XP_015679234.1_1642	1098	1056.46	32	2.82096
lcl|NW_015386256.1_cds_XP_015679246.1_1643	468	451.472	162	33.4184
lcl|NW_015386256.1_cds_XP_015679256.1_1644	6225	6288.04	144	2.13279
lcl|NW_015386256.1_cds_XP_029141499.1_1645	1101	1061.65	5	0.438622
lcl|NW_015386256.1_cds_XP_029141511.1_1646	279	240.949	0	0
lcl|NW_015386257.1_cds_XP_029141521.1_1647	1623	1584.95	0	0
lcl|NW_015386257.1_cds_XP_029141514.1_1648	1881	1842.95	0	0
lcl|NW_015386257.1_cds_XP_015679331.1_1649	639	558.847	628	104.657
lcl|NW_015386257.1_cds_XP_015679290.1_1650	744	720.187	21	2.71566
lcl|NW_015386257.1_cds_XP_029141532.1_1651	1704	1665.95	0	0
lcl|NW_015386257.1_cds_XP_029141528.1_1652	1665	1697.6	102	5.59584
lcl|NW_015386257.1_cds_XP_015679310.2_1653	2694	2546.08	14	0.512103
lcl|NW_015386257.1_cds_XP_015679343.1_1654	574	535.519	375	65.2165
lcl|NW_015386258.1_cds_XP_015679400.2_1655	2727	2676.39	132	4.59331
lcl|NW_015386258.1_cds_XP_029141569.1_1656	4926	4887.95	0	0
lcl|NW_015386258.1_cds_XP_015679411.1_1657	1851	1799.76	62	3.20833
lcl|NW_015386258.1_cds_XP_015679418.1_1658	1851	1799.76	62	3.20833
lcl|NW_015386258.1_cds_XP_029141550.1_1659	4464	4385.85	9	0.191113
lcl|NW_015386258.1_cds_XP_015679429.1_1660	2820	2864.78	34	1.10532
lcl|NW_015386258.1_cds_XP_015679440.1_1661	1692	1661.44	390.986	21.9168
lcl|NW_015386258.1_cds_XP_015679448.1_1662	1680	1646.15	1099.01	62.1778
lcl|NW_015386258.1_cds_XP_015679459.1_1663	1956	1954.77	185	8.81408
lcl|NW_015386258.1_cds_XP_015679470.1_1664	1512	1507.7	5	0.308857
lcl|NW_015386258.1_cds_XP_015679478.1_1665	1797	1749.45	412	21.9329
lcl|NW_015386258.1_cds_XP_029141574.1_1666	2529	2490.95	0	0
lcl|NW_015386258.1_cds_XP_015679489.1_1667	1680	1583.56	221	12.9974
lcl|NW_015386258.1_cds_XP_015679511.1_1668	1155	1130.14	13	1.0713
lcl|NW_015386258.1_cds_XP_015679500.1_1669	961	934.811	25	2.49068
lcl|NW_015386258.1_cds_XP_015679389.1_1670	1095	1055.04	11.1303	0.982515
lcl|NW_015386259.1_cds_XP_015679523.1_1671	591	567.262	20	3.28358
lcl|NW_015386259.1_cds_XP_015679534.1_1672	573	533.19	650	113.536
lcl|NW_015386259.1_cds_XP_015679544.2_1673	3594	3508.22	32	0.849503
lcl|NW_015386260.1_cds_XP_015679562.1_1674	476	437.949	0	0
lcl|NW_015386260.1_cds_XP_015679574.1_1675	2229	2254.39	8	0.330494
lcl|NW_015386260.1_cds_XP_015679585.1_1676	1569	1522.35	10	0.611766
lcl|NW_015386261.1_cds_XP_029141589.1_1677	4719	4905.61	41	0.778381
lcl|NW_015386261.1_cds_XP_015679605.1_1678	4887	5040.48	26.6589	0.492575
lcl|NW_015386261.1_cds_XP_015679611.1_1679	2115	2123.59	238	10.4378
lcl|NW_015386262.1_cds_XP_015679645.1_1680	846	827.819	629	70.7647
lcl|NW_015386262.1_cds_XP_015679656.1_1681	978	908.918	2259	231.469
lcl|NW_015386262.1_cds_XP_029141594.1_1682	1617	1576.11	21	1.24089
lcl|NW_015386262.1_cds_XP_015679676.1_1683	492	445.241	771.5	161.377
lcl|NW_015386262.1_cds_XP_015679684.1_1684	492	445.241	771.5	161.377
lcl|NW_015386262.1_cds_XP_015679697.1_1685	930	900.799	598	61.8265
lcl|NW_015386262.1_cds_XP_029141601.1_1686	1755	1684.94	44	2.43204
lcl|NW_015386262.1_cds_XP_015679718.1_1687	459	432.25	776	167.197
lcl|NW_015386262.1_cds_XP_015679825.1_1688	330	281.389	233	77.1171
lcl|NW_015386262.1_cds_XP_029141605.1_1689	2571	2573.5	67	2.42467
lcl|NW_015386262.1_cds_XP_015679737.1_1690	597	560.387	550.754	91.5316
lcl|NW_015386262.1_cds_XP_015679745.1_1691	597	560.387	550.754	91.5316
lcl|NW_015386262.1_cds_XP_015679729.1_1692	597	562.89	1090.49	180.427
lcl|NW_015386262.1_cds_XP_015679758.1_1693	3228	3320.5	1759	49.336
lcl|NW_015386262.1_cds_XP_015679769.1_1694	897	826.237	116	13.0754
lcl|NW_015386262.1_cds_XP_015679781.1_1695	3153	3067.03	1398	42.4513
lcl|NW_015386262.1_cds_XP_015679792.1_1696	567	525.659	29	5.13802
lcl|NW_015386262.1_cds_XP_015679803.1_1697	1044	1027.03	476	43.1644
lcl|NW_015386262.1_cds_XP_029141619.1_1698	372	329.884	5	1.41159
lcl|NW_015386262.1_cds_XP_029141623.1_1699	1221	1182.95	0	0
lcl|NW_015386263.1_cds_XP_029141627.1_1700	2928	3061.35	59.6064	1.81335
lcl|NW_015386263.1_cds_XP_029141631.1_1701	1587	1565.19	11.1517	0.663555
lcl|NW_015386263.1_cds_XP_029141630.1_1702	1128	1133.28	74.9017	6.15539
lcl|NW_015386263.1_cds_XP_015679837.1_1703	888	882.338	327	34.5155
lcl|NW_015386263.1_cds_XP_015679848.1_1704	426	363.32	11	2.81971
lcl|NW_015386264.1_cds_XP_015679889.1_1705	813	791.567	72.4844	8.52821
lcl|NW_015386264.1_cds_XP_015679897.1_1706	723	704.832	163.524	21.6072
lcl|NW_015386264.1_cds_XP_015679881.1_1707	822	809.511	0	0
lcl|NW_015386265.1_cds_XP_015679913.1_1708	708	719.527	3	0.388307
lcl|NW_015386266.1_cds_XP_015679924.1_1709	4032	4009.22	269	6.24875
lcl|NW_015386267.1_cds_XP_015679935.1_1710	351	338.718	40	10.9982
lcl|NW_015386267.1_cds_XP_015679948.1_1711	639	569.996	101	16.5025
lcl|NW_015386267.1_cds_XP_015679966.1_1712	1182	1170.9	162	12.8854
lcl|NW_015386267.1_cds_XP_015679958.1_1713	1203	1195.88	0	0
lcl|NW_015386267.1_cds_XP_015679977.1_1714	1731	1691.14	593.907	32.707
lcl|NW_015386267.1_cds_XP_015679985.1_1715	519	500.756	59.0928	10.9903
lcl|NW_015386267.1_cds_XP_015679996.1_1716	642	604.308	21	3.2364
lcl|NW_015386267.1_cds_XP_015680006.1_1717	1353	1349.28	150	10.3536
lcl|NW_015386267.1_cds_XP_015680017.1_1718	3132	3199.04	289	8.41356
lcl|NW_015386267.1_cds_XP_015680029.1_1719	1092	1030.36	140.5	12.6995
lcl|NW_015386267.1_cds_XP_015680036.1_1720	1092	1030.36	140.5	12.6995
lcl|NW_015386268.1_cds_XP_015680080.1_1721	873	800.028	1	0.116412
lcl|NW_015386268.1_cds_XP_015680058.1_1722	783	744.949	0	0
lcl|NW_015386269.1_cds_XP_015680126.1_1723	474	448.534	45.4875	9.44492
lcl|NW_015386269.1_cds_XP_015680137.1_1724	1269	1269.32	272.723	20.0102
lcl|NW_015386269.1_cds_XP_029141682.1_1725	1026	1018.72	63.7895	5.83171
lcl|NW_015386269.1_cds_XP_015680099.1_1726	936	893.21	53.1963	5.54663
lcl|NW_015386269.1_cds_XP_015680108.1_1727	879	826.047	308.402	34.7707
lcl|NW_015386269.1_cds_XP_015680115.1_1728	879	826.047	308.402	34.7707
lcl|NW_015386269.1_cds_XP_015680090.1_1729	1326	1253.1	1106	82.2
lcl|NW_015386270.1_cds_XP_015680216.1_1730	744	705.949	0	0
lcl|NW_015386270.1_cds_XP_029141701.1_1731	855	720.381	4	0.51713
lcl|NW_015386270.1_cds_XP_029141707.1_1732	4062	3617.85	5	0.128712
lcl|NW_015386270.1_cds_XP_015680182.2_1733	468	411.763	55	12.4399
lcl|NW_015386270.1_cds_XP_015680193.1_1734	2127	2141.86	49.0275	2.13182
lcl|NW_015386270.1_cds_XP_015680205.1_1735	1239	1260.97	167	12.3342
lcl|NW_015386270.1_cds_XP_015680238.1_1736	402	338.505	59	16.2326
lcl|NW_015386270.1_cds_XP_029141712.1_1737	1770	1706.08	3	0.163766
lcl|NW_015386270.1_cds_XP_015680171.1_1738	861	774.471	1	0.120253
lcl|NW_015386270.1_cds_XP_015680249.1_1739	600	562.563	52	8.60862
lcl|NW_015386271.1_cds_XP_029141720.1_1740	2511	2496.33	16	0.596925
lcl|NW_015386271.1_cds_XP_015680306.1_1741	1596	1516.07	15	0.921451
lcl|NW_015386271.1_cds_XP_029141721.1_1742	1047	996.454	61	5.7013
lcl|NW_015386271.1_cds_XP_015680296.1_1743	852	790.589	331	38.9923
lcl|NW_015386271.1_cds_XP_015680283.1_1744	852	790.589	331	38.9923
lcl|NW_015386272.1_cds_XP_015680329.1_1745	1320	1412.8	63.0102	4.15366
lcl|NW_015386272.1_cds_XP_015680338.1_1746	1260	1346.05	652.832	45.169
lcl|NW_015386272.1_cds_XP_015680318.1_1747	624	645.281	136.992	19.7718
lcl|NW_015386272.1_cds_XP_015680349.1_1748	1269	1266.81	391	28.7454
lcl|NW_015386272.1_cds_XP_015680372.1_1749	666	648.161	128.775	18.5034
lcl|NW_015386272.1_cds_XP_015680361.1_1750	963	926.937	54.2785	5.45354
lcl|NW_015386272.1_cds_XP_015680356.1_1751	1362	1340.77	58.3607	4.05384
lcl|NW_015386272.1_cds_XP_015680357.1_1752	1362	1340.77	58.3607	4.05384
lcl|NW_015386272.1_cds_XP_015680383.1_1753	363	331.539	4	1.12364
lcl|NW_015386273.1_cds_XP_015680394.1_1754	837	791.761	33	3.88169
lcl|NW_015386273.1_cds_XP_015680405.1_1755	1677	1608.81	3	0.173667
lcl|NW_015386273.1_cds_XP_015680613.1_1756	861	804.37	74	8.56795
lcl|NW_015386273.1_cds_XP_029141774.1_1757	1284	1227.14	30	2.27681
lcl|NW_015386273.1_cds_XP_015680635.1_1758	1059	989.653	8	0.75285
lcl|NW_015386273.1_cds_XP_015680437.1_1759	450	365.678	264	67.2366
lcl|NW_015386273.1_cds_XP_015680447.1_1760	450	365.678	264	67.2366
lcl|NW_015386273.1_cds_XP_015680454.1_1761	450	365.678	264	67.2366
lcl|NW_015386273.1_cds_XP_015680465.1_1762	1170	1119.8	218	18.1309
lcl|NW_015386273.1_cds_XP_015680475.1_1763	2211	2135.2	114	4.97242
lcl|NW_015386273.1_cds_XP_015680488.1_1764	1134	1106.73	9032	760.052
lcl|NW_015386273.1_cds_XP_015680499.1_1765	1047	1037.89	94	8.43484
lcl|NW_015386273.1_cds_XP_015680513.1_1766	1026	958.805	72.4988	7.0421
lcl|NW_015386273.1_cds_XP_015680509.1_1767	1026	961.879	67.5012	6.5357
lcl|NW_015386273.1_cds_XP_015680524.1_1768	1041	1001.51	9	0.836927
lcl|NW_015386273.1_cds_XP_029141777.1_1769	540	488.186	1	0.190773
lcl|NW_015386273.1_cds_XP_015680534.1_1770	393	311.466	479	143.228
lcl|NW_015386273.1_cds_XP_029141761.1_1771	2376	2319.83	191	7.66795
lcl|NW_015386273.1_cds_XP_015680554.1_1772	2190	2250.76	364	15.0617
lcl|NW_015386273.1_cds_XP_015680566.1_1773	282	242.797	229	87.8403
lcl|NW_015386273.1_cds_XP_015680416.1_1774	1500	1401.91	4	0.265731
lcl|NW_015386273.1_cds_XP_029141781.1_1775	2484	2454.64	10	0.379414
lcl|NW_015386273.1_cds_XP_015680647.2_1776	606	565.163	1	0.164789
lcl|NW_015386273.1_cds_XP_015680593.1_1777	1947	1911.5	25.576	1.24612
lcl|NW_015386273.1_cds_XP_015680602.1_1778	1872	1836.76	150.424	7.6272
lcl|NW_015386273.1_cds_XP_015680426.1_1779	384	324.072	2	0.574764
lcl|NW_015386274.1_cds_XP_015680888.1_1780	1179	1142.97	1	0.0814829
lcl|NW_015386274.1_cds_XP_015680759.1_1781	1620	1640.45	114	6.47206
lcl|NW_015386274.1_cds_XP_015680668.1_1782	951	950.86	31	3.03631
lcl|NW_015386274.1_cds_XP_015680689.1_1783	558	540.429	53	9.13353
lcl|NW_015386274.1_cds_XP_015680771.1_1784	2982	2973.59	79	2.47427
lcl|NW_015386274.1_cds_XP_015680700.1_1785	765	726.949	0	0
lcl|NW_015386274.1_cds_XP_029141813.1_1786	1971	1965.02	17	0.80572
lcl|NW_015386274.1_cds_XP_015680781.1_1787	3711	3834.99	543	13.1867
lcl|NW_015386274.1_cds_XP_029141796.1_1788	2802	2895.25	5	0.160837
lcl|NW_015386274.1_cds_XP_015680790.1_1789	1185	1158.32	472	37.9502
lcl|NW_015386274.1_cds_XP_029141822.1_1790	3534	3649.7	32	0.816572
lcl|NW_015386274.1_cds_XP_015680741.1_1791	1890	1837.71	32	1.62172
lcl|NW_015386274.1_cds_XP_015680800.1_1792	270	231.949	0	0
lcl|NW_015386274.1_cds_XP_015680816.1_1793	2067	2048.42	32.9734	1.49916
lcl|NW_015386274.1_cds_XP_015680823.1_1794	1989	1974.89	8.77977	0.414039
lcl|NW_015386274.1_cds_XP_015680810.1_1795	2082	2065.09	213.247	9.61712
lcl|NW_015386274.1_cds_XP_015680839.1_1796	2145	2014.26	182.361	8.43173
lcl|NW_015386274.1_cds_XP_015680834.1_1797	2157	2029.27	177.034	8.12491
lcl|NW_015386274.1_cds_XP_015680838.1_1798	2157	2029.27	177.034	8.12491
lcl|NW_015386274.1_cds_XP_015680848.1_1799	1848	1738.72	71.5711	3.83362
lcl|NW_015386274.1_cds_XP_015680860.1_1800	435	401.288	1983	460.223
lcl|NW_015386274.1_cds_XP_015680878.1_1801	2229	2243.18	152.207	6.31934
lcl|NW_015386274.1_cds_XP_015680870.1_1802	2232	2245.2	242.793	10.0712
lcl|NW_015386275.1_cds_XP_015681037.1_1803	441	402.949	0	0
lcl|NW_015386275.1_cds_XP_015680926.1_1804	492	430.254	18	3.89627
lcl|NW_015386275.1_cds_XP_015680948.1_1805	996	958.965	80	7.76942
lcl|NW_015386275.1_cds_XP_029141872.1_1806	3111	2989.53	5	0.155764
lcl|NW_015386275.1_cds_XP_015680982.1_1807	1182	1120.96	111.644	9.2757
lcl|NW_015386275.1_cds_XP_015680969.1_1808	1308	1253.16	218.307	16.2242
lcl|NW_015386275.1_cds_XP_015680977.1_1809	1263	1244.59	29.049	2.17373
lcl|NW_015386275.1_cds_XP_015681049.1_1810	498	492.713	23	4.34745
lcl|NW_015386275.1_cds_XP_015680992.1_1811	5829	5836.23	351	5.60114
lcl|NW_015386275.1_cds_XP_015681004.1_1812	2280	2322.12	79	3.16843
lcl|NW_015386275.1_cds_XP_029141854.1_1813	1284	1245.95	0	0
lcl|NW_015386275.1_cds_XP_015681060.1_1814	1626	1616.63	1	0.0576091
lcl|NW_015386275.1_cds_XP_015681015.1_1815	3039	3019.77	89	2.74484
lcl|NW_015386275.1_cds_XP_015681026.1_1816	3036	3124.07	148	4.41207
lcl|NW_015386275.1_cds_XP_015680915.1_1817	969	930.949	0	0
lcl|NW_015386276.1_cds_XP_015681079.1_1818	2628	2579.01	21	0.758347
lcl|NW_015386276.1_cds_XP_015681070.1_1819	1434	1399.86	1	0.0665299
lcl|NW_015386276.1_cds_XP_015681090.1_1820	648	599.398	73	11.3425
lcl|NW_015386276.1_cds_XP_015681099.1_1821	267	221.751	569	238.973
lcl|NW_015386277.1_cds_XP_015681205.1_1822	1626	1645.26	2	0.113213
lcl|NW_015386277.1_cds_XP_029141910.1_1823	4791	4859.6	424	8.1258
lcl|NW_015386277.1_cds_XP_015681215.1_1824	618	580.831	12.3303	1.97708
lcl|NW_015386277.1_cds_XP_015681222.1_1825	573	533.725	11.6697	2.03631
lcl|NW_015386277.1_cds_XP_015681138.1_1826	2235	2272.71	88	3.60612
lcl|NW_015386277.1_cds_XP_015681147.1_1827	3330	3222.88	7	0.202281
lcl|NW_015386277.1_cds_XP_015681172.1_1828	1188	1172.35	129.66	10.3003
lcl|NW_015386277.1_cds_XP_015681156.1_1829	1284	1275.17	1.56263e-06	1.14128e-07
lcl|NW_015386277.1_cds_XP_015681163.1_1830	1209	1195.38	707.019	55.084
lcl|NW_015386277.1_cds_XP_015681180.1_1831	1122	1102.8	532.321	44.9552
lcl|NW_015386277.1_cds_XP_015681117.1_1832	561	537.83	2	0.346327
lcl|NW_015386277.1_cds_XP_015681197.1_1833	1770	1783.88	79.927	4.17281
lcl|NW_015386277.1_cds_XP_015681191.1_1834	1779	1798.24	0.0729953	0.00378049
lcl|NW_015386278.1_cds_XP_015681256.1_1835	5742	5726.52	27	0.439111
lcl|NW_015386278.1_cds_XP_015681244.1_1836	1002	894.829	11	1.14486
lcl|NW_015386278.1_cds_XP_015681267.1_1837	1590	1534.96	145	8.79776
lcl|NW_015386278.1_cds_XP_015681284.1_1838	747	666.021	238	33.2805
lcl|NW_015386278.1_cds_XP_015681294.1_1839	915	905.41	54.275	5.58284
lcl|NW_015386278.1_cds_XP_015681307.1_1840	3501	3523.3	189	4.9959
lcl|NW_015386278.1_cds_XP_015681328.1_1841	1812	1735.45	4	0.214659
lcl|NW_015386278.1_cds_XP_015681338.1_1842	1572	1533.95	0	0
lcl|NW_015386278.1_cds_XP_015681318.1_1843	4986	4959.97	109.273	2.0518
lcl|NW_015386279.1_cds_XP_015681378.1_1844	2106	1987.82	497.461	23.3068
lcl|NW_015386279.1_cds_XP_015681385.1_1845	2103	1985.37	9.62062e-07	4.51298e-08
lcl|NW_015386279.1_cds_XP_015681392.1_1846	1800	1728.09	177.77	9.58061
lcl|NW_015386279.1_cds_XP_015681399.1_1847	1800	1728.09	177.77	9.58061
lcl|NW_015386279.1_cds_XP_029141966.1_1848	1470	1488.82	6827	427.061
lcl|NW_015386279.1_cds_XP_029141985.1_1849	579	540.53	1	0.172299
lcl|NW_015386279.1_cds_XP_029141972.1_1850	1875	1869.2	1720.08	85.7023
lcl|NW_015386279.1_cds_XP_015681424.1_1851	1839	1828.31	4487.8	228.605
lcl|NW_015386279.1_cds_XP_015681477.1_1852	3063	3053.66	14	0.426981
lcl|NW_015386279.1_cds_XP_015681486.1_1853	405	345.823	2	0.538613
lcl|NW_015386279.1_cds_XP_015681444.1_1854	1641	1582.45	33	1.94216
lcl|NW_015386279.1_cds_XP_015681455.1_1855	1359	1293.03	2623	188.925
lcl|NW_015386279.1_cds_XP_015681349.1_1856	3723	3808.25	172	4.20634
lcl|NW_015386279.1_cds_XP_015681466.1_1857	1272	1263.13	346	25.5111
lcl|NW_015386279.1_cds_XP_015681358.1_1858	2601	2669.47	18	0.627984
lcl|NW_015386279.1_cds_XP_015681360.1_1859	627	631.144	39.8246	5.87656
lcl|NW_015386279.1_cds_XP_029141955.1_1860	3430	3475.19	397.853	10.6622
lcl|NW_015386280.1_cds_XP_029141994.1_1861	3867	3750.05	4	0.09934
lcl|NW_015386280.1_cds_XP_015681528.1_1862	651	567.074	147.792	24.2724
lcl|NW_015386280.1_cds_XP_015681536.1_1863	594	521.03	193.208	34.5353
lcl|NW_015386280.1_cds_XP_029141997.1_1864	384	326.45	2	0.570577
lcl|NW_015386280.1_cds_XP_015681517.1_1865	864	802.939	10	1.1599
lcl|NW_015386280.1_cds_XP_015681557.1_1866	807	751.789	2	0.247762
lcl|NW_015386280.1_cds_XP_029141996.1_1867	537	461.214	92.2758	18.6332
lcl|NW_015386280.1_cds_XP_015681568.1_1868	1029	990.949	0	0
lcl|NW_015386281.1_cds_XP_015681579.1_1869	4683	4560.3	986.974	20.1564
lcl|NW_015386282.1_cds_XP_015681605.1_1870	1803	1770.27	205.338	10.8027
lcl|NW_015386282.1_cds_XP_015681616.1_1871	867	736.611	85	10.7469
lcl|NW_015386282.1_cds_XP_029142010.1_1872	726	664.104	59	8.27403
lcl|NW_015386282.1_cds_XP_015681598.1_1873	1398	1280.55	64	4.65461
lcl|NW_015386282.1_cds_XP_015681646.1_1874	1176	1137.95	0	0
lcl|NW_015386283.1_cds_XP_015681710.1_1875	2433	2250.05	0	0
lcl|NW_015386283.1_cds_XP_029142021.1_1876	1707	1634.77	1	0.0569698
lcl|NW_015386283.1_cds_XP_015681655.1_1877	2289	2306.62	15	0.605644
lcl|NW_015386283.1_cds_XP_015681667.1_1878	2730	2699.58	284	9.7977
lcl|NW_015386283.1_cds_XP_015681678.1_1879	471	462.951	111	22.33
lcl|NW_015386283.1_cds_XP_015681690.1_1880	5819	5839.78	1685	26.8723
lcl|NW_015386283.1_cds_XP_015681700.1_1881	894	894.729	321	33.4129
lcl|NW_015386285.1_cds_XP_015681728.1_1882	1266	1227.95	0	0
lcl|NW_015386285.1_cds_XP_015681862.1_1883	1764	1645.72	8	0.452726
lcl|NW_015386285.1_cds_XP_015681738.1_1884	969	851.369	12	1.3127
lcl|NW_015386285.1_cds_XP_015681941.1_1885	1746	1689.57	6	0.330732
lcl|NW_015386285.1_cds_XP_015681947.1_1886	1467	1428.95	0	0
lcl|NW_015386285.1_cds_XP_029142048.1_1887	1731	1692.95	0	0
lcl|NW_015386285.1_cds_XP_015681761.1_1888	1752	1713.95	0	0
lcl|NW_015386285.1_cds_XP_015681771.1_1889	1041	1002.95	0	0
lcl|NW_015386285.1_cds_XP_015681885.1_1890	855	755.722	5	0.616182
lcl|NW_015386285.1_cds_XP_015681874.1_1891	1164	1090.52	3	0.256207
lcl|NW_015386285.1_cds_XP_029142083.1_1892	1668	1464.94	30	1.90723
lcl|NW_015386285.1_cds_XP_015681896.1_1893	2889	2781.48	156	5.22335
lcl|NW_015386285.1_cds_XP_015681970.1_1894	2940	2833.4	5	0.164347
lcl|NW_015386285.1_cds_XP_029142072.1_1895	666	621.66	27	4.04494
lcl|NW_015386285.1_cds_XP_015681788.1_1896	2577	2461.07	71	2.6868
lcl|NW_015386285.1_cds_XP_029142093.1_1897	1923	1782.92	32	1.67155
lcl|NW_015386285.1_cds_XP_015681810.1_1898	1764	1639.45	19	1.07933
lcl|NW_015386285.1_cds_XP_015681979.1_1899	675	621.196	194	29.0854
lcl|NW_015386285.1_cds_XP_015681820.1_1900	1515	1476.95	0	0
lcl|NW_015386285.1_cds_XP_015681828.1_1901	1416	1332.82	2	0.139752
lcl|NW_015386285.1_cds_XP_015681989.1_1902	564	525.949	0	0
lcl|NW_015386285.1_cds_XP_015681907.1_1903	11001	10680.9	90	0.78476
lcl|NW_015386285.1_cds_XP_015681918.1_1904	612	556.657	725	121.297
lcl|NW_015386285.1_cds_XP_015681929.1_1905	393	328.639	2988	846.765
lcl|NW_015386285.1_cds_XP_015681839.1_1906	2649	2547.15	6	0.21938
lcl|NW_015386286.1_cds_XP_015682000.1_1907	966	924.826	1	0.100703
lcl|NW_015386286.1_cds_XP_029142121.1_1908	4035	4196.04	5	0.110977
lcl|NW_015386286.1_cds_XP_029142124.1_1909	5277	5289.63	2.78565e-08	4.90459e-10
lcl|NW_015386286.1_cds_XP_015682064.1_1910	5157	5160.86	124.244	2.24211
lcl|NW_015386286.1_cds_XP_015682011.1_1911	741	705.766	11.7422	1.54949
lcl|NW_015386286.1_cds_XP_015682023.1_1912	933	897.824	132.258	13.7193
lcl|NW_015386286.1_cds_XP_029142111.1_1913	1353	1314.95	0	0
lcl|NW_015386286.1_cds_XP_015682083.1_1914	3150	3109.93	38	1.13798
lcl|NW_015386286.1_cds_XP_015682089.1_1915	3150	3109.93	38	1.13798
lcl|NW_015386286.1_cds_XP_015682044.1_1916	1164	1125.95	0	0
lcl|NW_015386287.1_cds_XP_015682100.1_1917	360	306.548	2	0.60762
lcl|NW_015386287.1_cds_XP_015682129.2_1918	2157	2142.04	15	0.652176
lcl|NW_015386287.1_cds_XP_015682139.1_1919	1854	1814.84	505	25.9152
lcl|NW_015386287.1_cds_XP_015682150.1_1920	1038	1036.03	73.5622	6.61281
lcl|NW_015386287.1_cds_XP_015682158.1_1921	549	557.181	13.4378	2.24612
lcl|NW_015386287.1_cds_XP_015682167.1_1922	5991	6023.37	206	3.18514
lcl|NW_015386287.1_cds_XP_015682174.1_1923	2451	2534.71	150	5.51144
lcl|NW_015386287.1_cds_XP_029142176.1_1924	3372	3527.65	6	0.158405
lcl|NW_015386287.1_cds_XP_015682193.1_1925	1455	1434.82	114.859	7.45537
lcl|NW_015386287.1_cds_XP_015682185.1_1926	1473	1457.73	24.1405	1.5423
lcl|NW_015386287.1_cds_XP_015682206.1_1927	1335	1389.45	58	3.88765
lcl|NW_015386287.1_cds_XP_015682216.1_1928	5802	5658.5	912	15.0105
lcl|NW_015386287.1_cds_XP_015682226.1_1929	1089	1075.54	218.79	18.9453
lcl|NW_015386287.1_cds_XP_015682248.1_1930	858	847.588	30.3367	3.33338
lcl|NW_015386287.1_cds_XP_015682240.1_1931	942	934.175	23.1866	2.31159
lcl|NW_015386287.1_cds_XP_029142169.1_1932	174	128.347	260	188.665
lcl|NW_015386287.1_cds_XP_015682259.1_1933	2352	2338.19	909	36.2063
lcl|NW_015386287.1_cds_XP_029142136.1_1934	1815	1826.17	1	0.0509988
lcl|NW_015386287.1_cds_XP_015682119.1_1935	2271	2212.82	18	0.757578
lcl|NW_015386288.1_cds_XP_015682277.1_1936	1101	1040.91	117.012	10.4694
lcl|NW_015386288.1_cds_XP_015682317.1_1937	1539	1522.29	79	4.83315
lcl|NW_015386288.1_cds_XP_015682381.1_1938	1239	1221.06	52	3.96613
lcl|NW_015386288.1_cds_XP_015682284.1_1939	558	485.232	10	1.91934
lcl|NW_015386288.1_cds_XP_015682327.2_1940	915	861.974	46	4.9701
lcl|NW_015386288.1_cds_XP_015682336.1_1941	687	574.514	54	8.75375
lcl|NW_015386288.1_cds_XP_015682402.1_1942	3129	3098.64	5	0.15028
lcl|NW_015386288.1_cds_XP_015682411.1_1943	384	345.949	0	0
lcl|NW_015386288.1_cds_XP_015682422.1_1944	1056	1008.56	87.2057	8.05279
lcl|NW_015386288.1_cds_XP_015682433.1_1945	1008	957.994	2	0.194432
lcl|NW_015386288.1_cds_XP_029142185.1_1946	984	955.324	20	1.94976
lcl|NW_015386288.1_cds_XP_015682345.1_1947	429	398.987	200.224	46.7368
lcl|NW_015386288.1_cds_XP_015682352.1_1948	372	352.42	23.7756	6.28309
lcl|NW_015386288.1_cds_XP_015682363.1_1949	246	192.733	10	4.83221
lcl|NW_015386288.1_cds_XP_015682370.1_1950	246	192.733	10	4.83221
lcl|NW_015386288.1_cds_XP_015682294.2_1951	660	649.086	1.29138	0.185291
lcl|NW_015386288.1_cds_XP_015682305.1_1952	609	536.455	4.9614	0.861335
lcl|NW_015386288.1_cds_XP_015682456.1_1953	558	464.852	1.5996	0.320479
lcl|NW_015386289.1_cds_XP_029142214.1_1954	1884	1913.57	10	0.486696
lcl|NW_015386289.1_cds_XP_015682687.1_1955	1299	1161.2	12	0.962443
lcl|NW_015386289.1_cds_XP_015682517.1_1956	2100	1983.77	105.575	4.95643
lcl|NW_015386289.1_cds_XP_015682530.1_1957	717	666.278	18	2.51604
lcl|NW_015386289.1_cds_XP_029142229.1_1958	3324	3323.07	27	0.756703
lcl|NW_015386289.1_cds_XP_015682697.1_1959	456	419.513	11	2.44201
lcl|NW_015386289.1_cds_XP_015682541.1_1960	1992	1984.15	132	6.19586
lcl|NW_015386289.1_cds_XP_015682551.1_1961	2040	2021.16	225	10.3677
lcl|NW_015386289.1_cds_XP_015682562.1_1962	3216	3227.61	20	0.5771
lcl|NW_015386289.1_cds_XP_015682573.1_1963	693	641.127	39.4972	5.73752
lcl|NW_015386289.1_cds_XP_015682580.1_1964	675	624.895	59.5028	8.86813
lcl|NW_015386289.1_cds_XP_015682590.1_1965	1626	1572.89	3867.72	229.011
lcl|NW_015386289.1_cds_XP_015682709.1_1966	414	375.236	501	124.347
lcl|NW_015386289.1_cds_XP_015682718.1_1967	1779	1809.83	2	0.102919
lcl|NW_015386289.1_cds_XP_015682601.1_1968	1677	1514.88	10	0.614786
lcl|NW_015386289.1_cds_XP_015682729.1_1969	1362	1323.95	0	0
lcl|NW_015386289.1_cds_XP_015682488.1_1970	1299	1260.95	0	0
lcl|NW_015386289.1_cds_XP_015682739.1_1971	819	780.949	0	0
lcl|NW_015386289.1_cds_XP_015682749.1_1972	1023	984.949	0	0
lcl|NW_015386289.1_cds_XP_015682612.1_1973	2874	2876.19	1404	45.4623
lcl|NW_015386289.1_cds_XP_015682623.1_1974	2067	2040.6	203	9.26487
lcl|NW_015386289.1_cds_XP_029142262.1_1975	5589	5642.66	148	2.44275
lcl|NW_015386289.1_cds_XP_029142226.1_1976	1398	1359.95	0	0
lcl|NW_015386289.1_cds_XP_029142233.1_1977	3945	4071.34	54	1.23526
lcl|NW_015386289.1_cds_XP_015682658.1_1978	2058	1996.16	423	19.7354
lcl|NW_015386289.1_cds_XP_015682668.2_1979	2820	2763.22	115	3.87599
lcl|NW_015386289.1_cds_XP_015682678.1_1980	1593	1577.7	6	0.354184
lcl|NW_015386290.1_cds_XP_015682760.1_1981	459	428.382	324	70.4394
lcl|NW_015386290.1_cds_XP_015682780.1_1982	705	639.381	997.583	145.308
lcl|NW_015386290.1_cds_XP_015682772.1_1983	717	648.071	4340.42	623.749
lcl|NW_015386290.1_cds_XP_015682789.1_1984	1560	1506.81	656	40.546
lcl|NW_015386290.1_cds_XP_015682800.1_1985	1257	1225.23	98	7.44922
lcl|NW_015386290.1_cds_XP_015682807.1_1986	1257	1225.23	98	7.44922
lcl|NW_015386290.1_cds_XP_015682817.1_1987	542	482.748	30306	5846.68
lcl|NW_015386290.1_cds_XP_015682828.1_1988	1203	1142.58	23.5	1.9155
lcl|NW_015386290.1_cds_XP_015682836.1_1989	1203	1142.58	23.5	1.9155
lcl|NW_015386291.1_cds_XP_015682873.1_1990	1449	1423.09	6	0.392663
lcl|NW_015386291.1_cds_XP_029142302.1_1991	2019	1997.69	77	3.58974
lcl|NW_015386291.1_cds_XP_015682882.1_1992	666	654.905	7	0.995454
lcl|NW_015386291.1_cds_XP_029142305.1_1993	1563	1463.64	549	34.9332
lcl|NW_015386291.1_cds_XP_015682905.1_1994	711	624.039	26	3.88028
lcl|NW_015386291.1_cds_XP_029142295.1_1995	1734	1717.78	1	0.0542168
lcl|NW_015386291.1_cds_XP_015683131.1_1996	702	702.362	0	0
lcl|NW_015386291.1_cds_XP_015683123.1_1997	753	745.736	249	31.0968
lcl|NW_015386291.1_cds_XP_015682922.1_1998	1137	1114.98	0	0
lcl|NW_015386291.1_cds_XP_015682914.1_1999	1155	1132.04	29	2.38581
lcl|NW_015386291.1_cds_XP_029142296.1_2000	2280	2277.15	2	0.0817975
lcl|NW_015386291.1_cds_XP_015682933.1_2001	1986	2034.37	82	3.75392
lcl|NW_015386291.1_cds_XP_015682853.1_2002	417	361.894	1	0.257348
lcl|NW_015386291.1_cds_XP_015682943.1_2003	2925	3032.09	86	2.64155
lcl|NW_015386291.1_cds_XP_015682954.1_2004	1851	1864.02	158	7.89418
lcl|NW_015386291.1_cds_XP_015682964.1_2005	1761	1759.9	11	0.582112
lcl|NW_015386291.1_cds_XP_015682975.1_2006	3012	2916.42	108	3.44886
lcl|NW_015386291.1_cds_XP_029142316.1_2007	2682	2685.01	1312.73	45.5337
lcl|NW_015386291.1_cds_XP_015682993.1_2008	2109	2057.1	72.2651	3.27171
lcl|NW_015386291.1_cds_XP_029142290.1_2009	1062	1056.92	8	0.704936
lcl|NW_015386291.1_cds_XP_015683005.1_2010	1188	1169.83	168	13.3748
lcl|NW_015386291.1_cds_XP_015683010.1_2011	954	922.952	0	0
lcl|NW_015386291.1_cds_XP_015683022.1_2012	2607	2601.02	439.791	15.7473
lcl|NW_015386291.1_cds_XP_015683028.1_2013	2607	2588.43	10.2087	0.367314
lcl|NW_015386291.1_cds_XP_015683040.1_2014	1467	1553.49	1267	75.9573
lcl|NW_015386291.1_cds_XP_015683050.1_2015	960	934.969	1176	117.142
lcl|NW_015386291.1_cds_XP_015683112.1_2016	831	789.939	707	83.3541
lcl|NW_015386291.1_cds_XP_015683103.1_2017	2175	2142.81	0.000411911	1.79028e-05
lcl|NW_015386291.1_cds_XP_015683086.1_2018	2418	2396.78	0.00231378	8.99071e-05
lcl|NW_015386291.1_cds_XP_015683071.1_2019	2421	2398.73	0.00151726	5.89089e-05
lcl|NW_015386291.1_cds_XP_015683102.1_2020	2178	2145.52	56.0924	2.43486
lcl|NW_015386291.1_cds_XP_015683094.1_2021	2181	2147.47	34.8965	1.51341
lcl|NW_015386291.1_cds_XP_015683079.1_2022	2421	2399.49	88.869	3.44932
lcl|NW_015386291.1_cds_XP_015683060.1_2023	2424	2401.44	58.1379	2.2547
lcl|NW_015386292.1_cds_XP_015683153.1_2024	2391	2251.67	127	5.25291
lcl|NW_015386293.1_cds_XP_015683420.1_2025	2667	2732.62	0	0
lcl|NW_015386293.1_cds_XP_029142351.1_2026	2502	2556.88	1	0.0364242
lcl|NW_015386293.1_cds_XP_015683238.1_2027	867	776.508	625	74.961
lcl|NW_015386293.1_cds_XP_015683257.1_2028	1269	1272.9	23.1454	1.69345
lcl|NW_015386293.1_cds_XP_015683249.1_2029	1296	1296.74	361.855	25.9886
lcl|NW_015386293.1_cds_XP_015683269.1_2030	516	472.48	213	41.9853
lcl|NW_015386293.1_cds_XP_015683287.1_2031	642	617.845	7.14099e-07	1.07642e-07
lcl|NW_015386293.1_cds_XP_015683280.1_2032	690	650.55	300	42.9479
lcl|NW_015386293.1_cds_XP_015683298.1_2033	1023	961.267	39	3.77852
lcl|NW_015386293.1_cds_XP_015683309.1_2034	1815	1814.84	24	1.23161
lcl|NW_015386293.1_cds_XP_015683318.1_2035	1419	1417.97	4503	295.759
lcl|NW_015386293.1_cds_XP_015683329.1_2036	2373	2350.78	126	4.99183
lcl|NW_015386293.1_cds_XP_015683353.1_2037	1206	1187.51	690.176	54.1281
lcl|NW_015386293.1_cds_XP_015683341.1_2038	1230	1216.56	44.4121	3.39993
lcl|NW_015386293.1_cds_XP_015683349.1_2039	1230	1216.56	44.4121	3.39993
lcl|NW_015386293.1_cds_XP_015683363.1_2040	1059	1023.97	0	0
lcl|NW_015386293.1_cds_XP_015683371.1_2041	1110	1075.65	20	1.73165
lcl|NW_015386293.1_cds_XP_015683174.1_2042	1191	1160.86	7	0.561588
lcl|NW_015386293.1_cds_XP_015683185.1_2043	600	532.072	2	0.350075
lcl|NW_015386293.1_cds_XP_015683198.1_2044	918	860.747	1	0.1082
lcl|NW_015386293.1_cds_XP_015683208.1_2045	1056	1020.98	10	0.912188
lcl|NW_015386293.1_cds_XP_015683219.1_2046	414	402.522	5	1.15686
lcl|NW_015386293.1_cds_XP_015683431.1_2047	1500	1461.95	0	0
lcl|NW_015386293.1_cds_XP_029142378.1_2048	1599	1560.95	0	0
lcl|NW_015386293.1_cds_XP_015683230.1_2049	594	553.788	81	13.6221
lcl|NW_015386293.1_cds_XP_015683389.1_2050	1299	1313.62	10	0.708975
lcl|NW_015386293.1_cds_XP_015683399.1_2051	1323	1322.07	542.874	38.2426
lcl|NW_015386293.1_cds_XP_029142429.1_2052	2064	2080.87	243	10.8758
lcl|NW_015386293.1_cds_XP_029142384.1_2053	699	660.949	0	0
lcl|NW_015386294.1_cds_XP_015683463.1_2054	1755	1750.82	4134.33	219.92
lcl|NW_015386294.1_cds_XP_015683472.1_2055	1041	999.498	173.132	16.1323
lcl|NW_015386294.1_cds_XP_015683481.1_2056	852	809.794	0.867724	0.0997949
lcl|NW_015386294.1_cds_XP_029142438.1_2057	1542	1503.95	0	0
lcl|NW_015386294.1_cds_XP_015683506.1_2058	1521	1482.95	0	0
lcl|NW_015386294.1_cds_XP_015683451.1_2059	2187	2186.59	378	16.1
lcl|NW_015386294.1_cds_XP_015683490.1_2060	474	459.044	39.5	8.0139
lcl|NW_015386294.1_cds_XP_015683496.1_2061	474	459.044	39.5	8.0139
lcl|NW_015386295.1_cds_XP_015683518.1_2062	1413	1346.86	135	9.33495
lcl|NW_015386296.1_cds_XP_015683537.1_2063	267	216.849	616	264.561
lcl|NW_015386296.1_cds_XP_029142447.1_2064	1674	1591.55	2	0.117033
lcl|NW_015386296.1_cds_XP_015683563.1_2065	591	537.673	273.532	47.3796
lcl|NW_015386296.1_cds_XP_015683548.1_2066	705	656.8	0	0
lcl|NW_015386296.1_cds_XP_015683556.1_2067	696	646.457	500.468	72.1005
lcl|NW_015386296.1_cds_XP_029142470.1_2068	645	623.203	8	1.19553
lcl|NW_015386296.1_cds_XP_015683584.1_2069	357	326.168	9	2.56982
lcl|NW_015386296.1_cds_XP_015683573.1_2070	636	626.013	36	5.35575
lcl|NW_015386296.1_cds_XP_015683605.1_2071	648	631.168	41.6667	6.14816
lcl|NW_015386296.1_cds_XP_015683613.1_2072	648	631.168	41.6667	6.14816
lcl|NW_015386296.1_cds_XP_015683621.1_2073	648	631.168	41.6667	6.14816
lcl|NW_015386296.1_cds_XP_015683585.1_2074	765	765.002	1956.2	238.15
lcl|NW_015386297.1_cds_XP_015683630.1_2075	585	531.075	75	13.1524
lcl|NW_015386298.1_cds_XP_015683639.1_2076	960	921.949	0	0
lcl|NW_015386298.1_cds_XP_015683647.1_2077	946	898.009	98	10.1636
lcl|NW_015386299.1_cds_XP_015683685.1_2078	843	746.58	391	48.7755
lcl|NW_015386299.1_cds_XP_015683674.1_2079	930	867.309	134	14.3891
lcl|NW_015386299.1_cds_XP_015683656.1_2080	993	954.949	0	0
lcl|NW_015386300.1_cds_XP_015683696.1_2081	354	315.859	90	26.5369
lcl|NW_015386300.1_cds_XP_015683755.1_2082	1140	1065.59	71	6.2054
lcl|NW_015386300.1_cds_XP_015683765.1_2083	387	348.96	198	52.8434
lcl|NW_015386300.1_cds_XP_015683777.1_2084	576	522.417	34	6.06126
lcl|NW_015386300.1_cds_XP_015683801.1_2085	726	661.47	63.5267	8.94431
lcl|NW_015386300.1_cds_XP_015683803.1_2086	675	614.726	0	0
lcl|NW_015386300.1_cds_XP_015683794.1_2087	750	685.273	15.4894	2.10509
lcl|NW_015386300.1_cds_XP_015683787.1_2088	753	686.741	1.98397	0.269057
lcl|NW_015386300.1_cds_XP_015683833.1_2089	1536	1548.7	152.982	9.19971
lcl|NW_015386300.1_cds_XP_015683818.1_2090	1566	1582.23	14.959	0.880509
lcl|NW_015386300.1_cds_XP_015683811.1_2091	1590	1609.06	19.5603	1.13216
lcl|NW_015386300.1_cds_XP_015683825.1_2092	1563	1578.77	16.8424	0.993538
lcl|NW_015386300.1_cds_XP_015683804.1_2093	1593	1612.3	1.65606	0.0956601
lcl|NW_015386300.1_cds_XP_029142524.1_2094	2181	2093.07	11	0.489451
lcl|NW_015386300.1_cds_XP_015683845.1_2095	1437	1324.7	21	1.4764
lcl|NW_015386300.1_cds_XP_015683855.1_2096	2916	2913.62	128	4.09146
lcl|NW_015386300.1_cds_XP_015683867.1_2097	2679	2612.99	146	5.20375
lcl|NW_015386300.1_cds_XP_015683887.1_2098	444	410.259	641.581	145.645
lcl|NW_015386300.1_cds_XP_015683878.1_2099	447	409.165	23.4193	5.33061
lcl|NW_015386300.1_cds_XP_015683907.1_2100	408	359.011	120.498	31.259
lcl|NW_015386300.1_cds_XP_015683898.1_2101	408	357.957	81.5018	21.205
lcl|NW_015386300.1_cds_XP_015683716.1_2102	1683	1644.95	0	0
lcl|NW_015386300.1_cds_XP_029142531.1_2103	1548	1509.95	0	0
lcl|NW_015386300.1_cds_XP_015683936.1_2104	738	696.79	95.5	12.7645
lcl|NW_015386300.1_cds_XP_015683944.1_2105	738	696.79	95.5	12.7645
lcl|NW_015386300.1_cds_XP_015683725.1_2106	1335	1245.26	3	0.224369
lcl|NW_015386300.1_cds_XP_015683735.1_2107	603	554.897	1	0.167837
lcl|NW_015386300.1_cds_XP_015683746.1_2108	4023	3950.76	24	0.56576
lcl|NW_015386300.1_cds_XP_015683955.1_2109	2058	1986.48	40	1.87533
lcl|NW_015386301.1_cds_XP_015683977.1_2110	2451	2418.88	125	4.81279
lcl|NW_015386301.1_cds_XP_015683965.1_2111	3126	3072.15	17	0.515357
lcl|NW_015386301.1_cds_XP_015683987.1_2112	3162	3193.26	254	7.40799
lcl|NW_015386301.1_cds_XP_015683998.1_2113	5697	5949.92	13	0.203485
lcl|NW_015386302.1_cds_XP_015684309.1_2114	432	393.117	5	1.18454
lcl|NW_015386302.1_cds_XP_015684319.1_2115	2316	2327.19	236	9.44455
lcl|NW_015386302.1_cds_XP_015684328.1_2116	234	193.228	4	1.92793
lcl|NW_015386302.1_cds_XP_015684337.2_2117	768	721.084	38	4.90794
lcl|NW_015386302.1_cds_XP_015684357.2_2118	1434	1394.58	273	18.2314
lcl|NW_015386302.1_cds_XP_015684384.1_2119	2241	2180.58	264.355	11.2906
lcl|NW_015386302.1_cds_XP_015684390.1_2120	2241	2180.58	264.355	11.2906
lcl|NW_015386302.1_cds_XP_015684398.1_2121	2241	2180.58	264.355	11.2906
lcl|NW_015386302.1_cds_XP_015684405.1_2122	2241	2180.58	264.355	11.2906
lcl|NW_015386302.1_cds_XP_015684414.1_2123	2157	2092.24	69.5786	3.09717
lcl|NW_015386302.1_cds_XP_015684425.1_2124	1620	1632.35	110	6.27595
lcl|NW_015386302.1_cds_XP_015684440.1_2125	1287	1329.32	117.467	8.22978
lcl|NW_015386302.1_cds_XP_015684433.1_2126	1218	1261.42	450.533	33.2636
lcl|NW_015386302.1_cds_XP_015684009.1_2127	531	501.151	2	0.371674
lcl|NW_015386302.1_cds_XP_029142567.1_2128	5172	5301.92	53	0.930988
lcl|NW_015386302.1_cds_XP_029142570.1_2129	3252	3210.86	88	2.55248
lcl|NW_015386302.1_cds_XP_029142634.1_2130	2214	2239.77	31	1.28902
lcl|NW_015386302.1_cds_XP_015684050.1_2131	2499	2611.91	6	0.213941
lcl|NW_015386302.1_cds_XP_015684072.2_2132	5154	5309.98	46	0.806801
lcl|NW_015386302.1_cds_XP_029142579.1_2133	2451	2470.59	3.73002	0.140609
lcl|NW_015386302.1_cds_XP_029142580.1_2134	4884	5008.33	15.0475	0.279816
lcl|NW_015386302.1_cds_XP_015684114.1_2135	2607	2637.04	13.8019	0.487442
lcl|NW_015386302.1_cds_XP_029142585.1_2136	3447	3582.64	6.93119	0.18018
lcl|NW_015386302.1_cds_XP_029142591.1_2137	4653	4800.86	13.8251	0.268195
lcl|NW_015386302.1_cds_XP_015684155.1_2138	7395	7513.55	5.99744	0.0743399
lcl|NW_015386302.1_cds_XP_029142635.1_2139	2466	2427.95	0	0
lcl|NW_015386302.1_cds_XP_015684165.2_2140	3720	3825.58	11.6668	0.284025
lcl|NW_015386302.1_cds_XP_015684188.2_2141	2538	2571.33	15.1781	0.549746
lcl|NW_015386302.1_cds_XP_029142600.1_2142	11808	12043.9	17.9487	0.138793
lcl|NW_015386302.1_cds_XP_029142559.1_2143	2307	2292.39	1.47061	0.0597462
lcl|NW_015386302.1_cds_XP_029142606.1_2144	1539	1500.95	0	0
lcl|NW_015386302.1_cds_XP_029142608.1_2145	2529	2562.57	18.4026	0.668813
lcl|NW_015386302.1_cds_XP_029142642.1_2146	2883	2882.29	12	0.387744
lcl|NW_015386303.1_cds_XP_029142653.1_2147	1869	1731.17	13	0.699366
lcl|NW_015386303.1_cds_XP_015684475.1_2148	1953	1832.15	398.378	20.2505
lcl|NW_015386303.1_cds_XP_015684483.1_2149	666	582.09	1.43542	0.229663
lcl|NW_015386303.1_cds_XP_029142658.1_2150	3801	3479.07	1	0.0267694
lcl|NW_015386303.1_cds_XP_015684493.1_2151	825	752.733	3	0.371177
lcl|NW_015386304.1_cds_XP_015684500.1_2152	1938	1901.15	91	4.45786
lcl|NW_015386305.1_cds_XP_015684538.1_2153	1017	995.918	7.40001	0.692007
lcl|NW_015386305.1_cds_XP_015684517.1_2154	1041	958.966	0	0
lcl|NW_015386305.1_cds_XP_015684548.1_2155	1071	1027.01	6	0.544097
lcl|NW_015386305.1_cds_XP_015684506.1_2156	1062	1023.95	0	0
lcl|NW_015386305.1_cds_XP_015684527.2_2157	1041	977.761	62	5.90555
lcl|NW_015386306.1_cds_XP_015684579.1_2158	1986	1838.34	151	7.64983
lcl|NW_015386306.1_cds_XP_015684566.1_2159	3264	3140.97	11	0.32616
lcl|NW_015386306.1_cds_XP_015684587.1_2160	3426	3424.85	2	0.0543863
lcl|NW_015386306.1_cds_XP_015684596.1_2161	615	597.122	106	16.5327
lcl|NW_015386306.1_cds_XP_015684607.1_2162	2364	2356.2	76	3.00403
lcl|NW_015386306.1_cds_XP_015684618.1_2163	159	124.915	5	3.72785
lcl|NW_015386306.1_cds_XP_015684636.1_2164	642	643.781	4	0.57866
lcl|NW_015386306.1_cds_XP_015684629.1_2165	660	656.775	3.65272e-08	5.17966e-09
lcl|NW_015386307.1_cds_XP_029142709.1_2166	678	647.024	0	0
lcl|NW_015386307.1_cds_XP_015684676.1_2167	780	737.079	28.1447	3.55619
lcl|NW_015386307.1_cds_XP_015684669.1_2168	855	815.852	191.855	21.901
lcl|NW_015386307.1_cds_XP_029142713.1_2169	1263	1224.95	0	0
lcl|NW_015386307.1_cds_XP_015684686.1_2170	942	985.215	47	4.44292
lcl|NW_015386307.1_cds_XP_015684659.1_2171	1086	1039.76	64	5.73255
lcl|NW_015386308.1_cds_XP_015684704.1_2172	573	532.97	32	5.59176
lcl|NW_015386308.1_cds_XP_015684713.1_2173	2220	2313.3	63	2.53636
lcl|NW_015386308.1_cds_XP_015684725.1_2174	1656	1674.1	43	2.39215
lcl|NW_015386309.1_cds_XP_029142750.1_2175	5178	5207.98	5	0.0894132
lcl|NW_015386309.1_cds_XP_015684754.1_2176	4065	3995.62	108	2.51734
lcl|NW_015386309.1_cds_XP_015684766.1_2177	1989	1948.5	590	28.2003
lcl|NW_015386309.1_cds_XP_015684777.1_2178	882	853.389	62	6.76621
lcl|NW_015386309.1_cds_XP_015684810.1_2179	1965	1926.14	9.31932e-05	4.50608e-06
lcl|NW_015386309.1_cds_XP_015684795.1_2180	1965	1928.91	208.902	10.0863
lcl|NW_015386309.1_cds_XP_015684788.1_2181	1983	1947.6	30.098	1.43926
lcl|NW_015386309.1_cds_XP_015684820.1_2182	996	966.279	9528	918.334
lcl|NW_015386309.1_cds_XP_015684830.1_2183	654	597.952	62	9.65665
lcl|NW_015386309.1_cds_XP_015684743.1_2184	798	808.612	5	0.575879
lcl|NW_015386309.1_cds_XP_015684840.1_2185	798	791.516	924.5	108.78
lcl|NW_015386309.1_cds_XP_015684848.1_2186	798	791.516	924.5	108.78
lcl|NW_015386309.1_cds_XP_015684858.1_2187	804	756.312	5	0.615701
lcl|NW_015386310.1_cds_XP_029142781.1_2188	2085	2046.95	0	0
lcl|NW_015386310.1_cds_XP_015685045.1_2189	1461	1437.94	213	13.7955
lcl|NW_015386310.1_cds_XP_029142752.1_2190	1449	1421.91	3	0.196494
lcl|NW_015386310.1_cds_XP_015684880.1_2191	1326	1330.5	187	13.0897
lcl|NW_015386310.1_cds_XP_015685056.1_2192	1581	1562.54	36	2.14572
lcl|NW_015386310.1_cds_XP_015684891.1_2193	537	541.942	18.775	3.22647
lcl|NW_015386310.1_cds_XP_015684903.1_2194	2703	2664.95	0	0
lcl|NW_015386310.1_cds_XP_015685064.1_2195	786	703.906	102	13.4954
lcl|NW_015386310.1_cds_XP_015685093.1_2196	447	386.53	2571	619.471
lcl|NW_015386310.1_cds_XP_015685082.1_2197	489	455.867	949.771	194.036
lcl|NW_015386310.1_cds_XP_015685076.1_2198	492	458.18	1684.23	342.347
lcl|NW_015386310.1_cds_XP_015684910.1_2199	648	609.949	0	0
lcl|NW_015386310.1_cds_XP_029142760.1_2200	447	408.949	0	0
lcl|NW_015386310.1_cds_XP_029142757.1_2201	447	408.949	0	0
lcl|NW_015386310.1_cds_XP_029142763.1_2202	735	714.461	1	0.130353
lcl|NW_015386310.1_cds_XP_015685131.1_2203	444	405.949	0	0
lcl|NW_015386310.1_cds_XP_015684931.2_2204	960	921.949	0	0
lcl|NW_015386310.1_cds_XP_015684941.1_2205	1017	978.949	0	0
lcl|NW_015386310.1_cds_XP_015684951.2_2206	942	903.949	0	0
lcl|NW_015386310.1_cds_XP_015684960.2_2207	876	837.949	0	0
lcl|NW_015386310.1_cds_XP_015684972.1_2208	969	930.949	0	0
lcl|NW_015386310.1_cds_XP_015684983.1_2209	987	948.949	0	0
lcl|NW_015386310.1_cds_XP_015684994.1_2210	948	909.949	0	0
lcl|NW_015386310.1_cds_XP_015685015.1_2211	948	909.949	0	0
lcl|NW_015386310.1_cds_XP_015685141.2_2212	951	912.949	0	0
lcl|NW_015386310.1_cds_XP_015685023.2_2213	843	804.949	0	0
lcl|NW_015386310.1_cds_XP_015685033.1_2214	942	903.949	0	0
lcl|NW_015386311.1_cds_XP_015685174.1_2215	2229	2232.27	95	3.96349
lcl|NW_015386311.1_cds_XP_015685268.1_2216	843	804.949	0	0
lcl|NW_015386311.1_cds_XP_015685152.1_2217	840	801.949	0	0
lcl|NW_015386311.1_cds_XP_015685186.1_2218	864	833.048	91	10.1736
lcl|NW_015386311.1_cds_XP_015685193.1_2219	864	833.048	91	10.1736
lcl|NW_015386311.1_cds_XP_015685210.1_2220	1116	1106.33	0	0
lcl|NW_015386311.1_cds_XP_015685203.1_2221	1107	1096.96	0	0
lcl|NW_015386311.1_cds_XP_015685222.1_2222	891	887.102	2	0.20997
lcl|NW_015386311.1_cds_XP_015685214.1_2223	933	907.51	0	0
lcl|NW_015386311.1_cds_XP_015685231.1_2224	786	742.455	109	13.6728
lcl|NW_015386311.1_cds_XP_015685163.1_2225	762	723.949	0	0
lcl|NW_015386311.1_cds_XP_015685280.1_2226	1404	1366.83	2.2616	0.1541
lcl|NW_015386311.1_cds_XP_015685288.1_2227	1404	1368.63	0.738404	0.0502469
lcl|NW_015386311.1_cds_XP_015685241.1_2228	1020	993.667	92	8.6228
lcl|NW_015386311.1_cds_XP_015685250.1_2229	1374	1423.31	1242	81.2688
lcl|NW_015386311.1_cds_XP_015685257.1_2230	1044	1040.02	176	15.7606
lcl|NW_015386312.1_cds_XP_015685318.1_2231	822	774.115	0	0
lcl|NW_015386312.1_cds_XP_015685326.1_2232	2640	2601.95	0	0
lcl|NW_015386312.1_cds_XP_015685308.1_2233	603	562.804	84	13.9003
lcl|NW_015386312.1_cds_XP_015685299.1_2234	618	580.756	1537.15	246.505
lcl|NW_015386312.1_cds_XP_029142839.1_2235	651	619.792	19.8458	2.98211
lcl|NW_015386313.1_cds_XP_015685335.1_2236	402	374.829	2016.47	501.026
lcl|NW_015386314.1_cds_XP_015685355.1_2237	1896	1836.99	61	3.0926
lcl|NW_015386314.1_cds_XP_015685376.1_2238	1152	1071.1	1	0.0869501
lcl|NW_015386314.1_cds_XP_015685365.1_2239	1101	1066.37	138.235	12.0729
lcl|NW_015386315.1_cds_XP_015685397.1_2240	2589	2659.9	11	0.38515
lcl|NW_015386315.1_cds_XP_015685387.1_2241	1389	1332.13	53	3.70537
lcl|NW_015386315.1_cds_XP_029142855.1_2242	759	713.166	208	27.1628
lcl|NW_015386315.1_cds_XP_015685415.1_2243	324	283.608	141	46.3022
lcl|NW_015386315.1_cds_XP_015685446.1_2244	762	675.969	4	0.551106
lcl|NW_015386315.1_cds_XP_015685436.1_2245	1122	1083.41	1	0.0859621
lcl|NW_015386315.1_cds_XP_015685425.1_2246	1509	1556.18	2078.95	124.418
lcl|NW_015386316.1_cds_XP_015685466.1_2247	705	609.443	493	75.3382
lcl|NW_015386316.1_cds_XP_015685519.1_2248	759	661.626	3	0.422289
lcl|NW_015386316.1_cds_XP_015685457.1_2249	630	591.949	0	0
lcl|NW_015386316.1_cds_XP_015685477.1_2250	672	611.118	270.348	41.2003
lcl|NW_015386316.1_cds_XP_015685485.1_2251	672	611.118	270.348	41.2003
lcl|NW_015386316.1_cds_XP_015685498.1_2252	582	519.252	312.805	56.1044
lcl|NW_015386316.1_cds_XP_015685492.1_2253	627	564.982	439.798	72.497
lcl|NW_015386317.1_cds_XP_029142868.1_2254	1293	1254.95	0	0
lcl|NW_015386317.1_cds_XP_015685546.1_2255	1797	1709.4	2	0.108965
lcl|NW_015386317.1_cds_XP_015685556.1_2256	918	872.322	66	7.04642
lcl|NW_015386317.1_cds_XP_015685573.1_2257	1245	1222.19	88	6.70569
lcl|NW_015386317.1_cds_XP_015685583.1_2258	696	714.573	680	88.6266
lcl|NW_015386317.1_cds_XP_015685593.1_2259	666	577.262	218	35.171
lcl|NW_015386317.1_cds_XP_015685602.1_2260	1335	1328.46	33	2.31348
lcl|NW_015386318.1_cds_XP_015685613.1_2261	939	900.949	0	0
lcl|NW_015386318.1_cds_XP_015685692.1_2262	1014	931.351	763	76.2979
lcl|NW_015386318.1_cds_XP_029142909.1_2263	1611	1535.37	3.18498	0.193195
lcl|NW_015386318.1_cds_XP_015685703.1_2264	1188	1068.38	41	3.57404
lcl|NW_015386318.1_cds_XP_015685719.1_2265	765	722.944	75	9.6618
lcl|NW_015386318.1_cds_XP_015685807.1_2266	1383	1344.95	0	0
lcl|NW_015386318.1_cds_XP_015685731.1_2267	1440	1401.95	0	0
lcl|NW_015386318.1_cds_XP_029142895.1_2268	1134	1095.95	0	0
lcl|NW_015386318.1_cds_XP_015685749.1_2269	786	736.348	940.982	119.014
lcl|NW_015386318.1_cds_XP_015685759.1_2270	786	728.745	456.018	58.2784
lcl|NW_015386318.1_cds_XP_015685818.1_2271	2895	2820.22	11.3525	0.374893
lcl|NW_015386318.1_cds_XP_015685824.1_2272	2541	2462.84	0	0
lcl|NW_015386318.1_cds_XP_029142879.1_2273	2142	2074.95	2.64755	0.118833
lcl|NW_015386318.1_cds_XP_015685769.1_2274	3138	3103.89	22	0.660112
lcl|NW_015386318.1_cds_XP_015685779.1_2275	1224	1125.12	66	5.46318
lcl|NW_015386318.1_cds_XP_015685835.1_2276	600	520.101	41	7.34172
lcl|NW_015386318.1_cds_XP_015685623.1_2277	858	819.949	0	0
lcl|NW_015386318.1_cds_XP_015685634.1_2278	2322	2230.25	4.03623	0.168548
lcl|NW_015386318.1_cds_XP_015685787.1_2279	2334	2255.39	15.9638	0.659197
lcl|NW_015386318.1_cds_XP_015685644.1_2280	1527	1442.03	28.7348	1.85582
lcl|NW_015386318.1_cds_XP_015685845.1_2281	2163	2124.95	0	0
lcl|NW_015386318.1_cds_XP_015685855.1_2282	1344	1272.2	33	2.41579
lcl|NW_015386318.1_cds_XP_015685653.2_2283	963	909.066	2	0.204897
lcl|NW_015386318.1_cds_XP_015685663.1_2284	1611	1572.95	0	0
lcl|NW_015386318.1_cds_XP_015685674.1_2285	1725	1686.95	0	0
lcl|NW_015386318.1_cds_XP_015685866.1_2286	345	302.61	270	83.0963
lcl|NW_015386318.1_cds_XP_015685683.1_2287	1122	1013.1	276	25.3722
lcl|NW_015386319.1_cds_XP_015685897.1_2288	234	182.423	109	55.6477
lcl|NW_015386319.1_cds_XP_015685887.1_2289	624	561.975	41	6.79466
lcl|NW_015386319.1_cds_XP_015685906.1_2290	1557	1548.05	1448	87.1136
lcl|NW_015386319.1_cds_XP_015685916.1_2291	567	535.691	259	45.0285
lcl|NW_015386319.1_cds_XP_015685964.1_2292	303	264.949	0	0
lcl|NW_015386319.1_cds_XP_015685974.1_2293	786	747.949	0	0
lcl|NW_015386319.1_cds_XP_015685925.1_2294	825	780.421	69	8.23421
lcl|NW_015386319.1_cds_XP_015685936.1_2295	786	798.673	16	1.86574
lcl|NW_015386319.1_cds_XP_015685946.1_2296	939	920.506	45	4.55289
lcl|NW_015386320.1_cds_XP_029142932.1_2297	2049	2010.95	0	0
lcl|NW_015386320.1_cds_XP_015685990.1_2298	2454	2415.95	0	0
lcl|NW_015386320.1_cds_XP_029142929.1_2299	2607	2568.95	0	0
lcl|NW_015386320.1_cds_XP_029142930.1_2300	2037	1998.95	0	0
lcl|NW_015386321.1_cds_XP_015686049.1_2301	447	408.949	0	0
lcl|NW_015386321.1_cds_XP_029142939.1_2302	1974	1969.66	441	20.8521
lcl|NW_015386321.1_cds_XP_015686030.1_2303	2292	2268.57	132	5.41906
lcl|NW_015386321.1_cds_XP_015686040.1_2304	774	769.804	3673.13	444.383
lcl|NW_015386321.1_cds_XP_015686009.1_2305	984	945.949	0	0
lcl|NW_015386322.1_cds_XP_015686069.1_2306	3144	3146.19	174	5.1507
lcl|NW_015386322.1_cds_XP_015686058.1_2307	714	630.465	1	0.14772
lcl|NW_015386323.1_cds_XP_015686089.1_2308	846	802.482	121	14.0427
lcl|NW_015386323.1_cds_XP_015686096.1_2309	576	526.475	0	0
lcl|NW_015386323.1_cds_XP_015686106.1_2310	432	411.259	3547	803.243
lcl|NW_015386323.1_cds_XP_015686080.1_2311	7101	7266.95	208	2.66571
lcl|NW_015386323.1_cds_XP_015686116.1_2312	1107	1078.09	42	3.62823
lcl|NW_015386323.1_cds_XP_015686125.1_2313	3957	3918.68	694	16.4938
lcl|NW_015386323.1_cds_XP_015686134.1_2314	2157	2180.37	567	24.2189
lcl|NW_015386323.1_cds_XP_015686143.1_2315	1893	1852.78	548	27.546
lcl|NW_015386323.1_cds_XP_029142948.1_2316	6318	6281.9	152	2.25348
lcl|NW_015386324.1_cds_XP_015686168.1_2317	1320	1278.98	532.5	38.7755
lcl|NW_015386324.1_cds_XP_015686174.1_2318	1320	1278.98	532.5	38.7755
lcl|NW_015386324.1_cds_XP_029142952.1_2319	879	819.257	17	1.93255
lcl|NW_015386324.1_cds_XP_015686183.1_2320	816	797.861	365	42.6056
lcl|NW_015386324.1_cds_XP_015686191.1_2321	1251	1223.24	9	0.685223
lcl|NW_015386324.1_cds_XP_015686200.1_2322	657	623.6	111	16.5775
lcl|NW_015386324.1_cds_XP_015686231.1_2323	477	434.031	0	0
lcl|NW_015386324.1_cds_XP_015686239.1_2324	1245	1265.94	426	31.34
lcl|NW_015386325.1_cds_XP_015686260.1_2325	1374	1362.86	114	7.79031
lcl|NW_015386326.1_cds_XP_015686279.2_2326	834	802.649	163	18.9131
lcl|NW_015386326.1_cds_XP_015686271.1_2327	1242	1149.57	31	2.51147
lcl|NW_015386326.1_cds_XP_015686288.1_2328	1662	1602.95	21	1.22012
lcl|NW_015386327.1_cds_XP_015686298.1_2329	321	289.661	225.475	72.4953
lcl|NW_015386327.1_cds_XP_015686316.1_2330	3372	3382.99	95	2.61532
lcl|NW_015386328.1_cds_XP_015686327.1_2331	624	580.509	117.104	18.7872
lcl|NW_015386328.1_cds_XP_015686336.1_2332	645	596.841	342.896	53.5064
lcl|NW_015386328.1_cds_XP_015686355.1_2333	1176	1149.24	251	20.3406
lcl|NW_015386328.1_cds_XP_015686366.1_2334	6306	6277.87	999	14.8202
lcl|NW_015386328.1_cds_XP_015686377.1_2335	942	935.854	18	1.79129
lcl|NW_015386328.1_cds_XP_015686392.1_2336	3831	3773.79	84.0952	2.07537
lcl|NW_015386328.1_cds_XP_015686386.1_2337	1365	1283.13	38.1728	2.77067
lcl|NW_015386328.1_cds_XP_029142976.1_2338	1044	969.588	369.732	35.5141
lcl|NW_015386328.1_cds_XP_015686408.1_2339	1125	1111.62	118	9.88613
lcl|NW_015386328.1_cds_XP_015686426.1_2340	1968	1927.02	76.4442	3.69453
lcl|NW_015386328.1_cds_XP_015686419.1_2341	1971	1922.78	263.778	12.7764
lcl|NW_015386328.1_cds_XP_015686432.1_2342	1971	1922.78	263.778	12.7764
lcl|NW_015386328.1_cds_XP_015686470.1_2343	1938	1913.02	5	0.243417
lcl|NW_015386328.1_cds_XP_015686441.1_2344	1224	1135.18	124	10.1732
lcl|NW_015386328.1_cds_XP_015686451.1_2345	858	851.567	96	10.4991
lcl|NW_015386328.1_cds_XP_015686480.1_2346	1161	1148.09	0	0
lcl|NW_015386328.1_cds_XP_015686485.1_2347	960	944.585	1	0.0985962
lcl|NW_015386328.1_cds_XP_015686462.1_2348	1533	1476.3	14	0.883189
lcl|NW_015386328.1_cds_XP_015686496.1_2349	642	603.949	0	0
lcl|NW_015386329.1_cds_XP_015686504.1_2350	393	354.949	0	0
lcl|NW_015386329.1_cds_XP_015686547.1_2351	1866	1843.48	41	2.07132
lcl|NW_015386329.1_cds_XP_029142989.1_2352	1422	1439.29	11	0.711781
lcl|NW_015386329.1_cds_XP_015686521.1_2353	4362	4485.1	3	0.0622947
lcl|NW_015386329.1_cds_XP_015686530.2_2354	4506	4538.78	1	0.0205193
lcl|NW_015386329.1_cds_XP_015686556.1_2355	1200	1205.79	51	3.93911
lcl|NW_015386329.1_cds_XP_015686562.1_2356	1200	1205.79	51	3.93911
lcl|NW_015386329.1_cds_XP_015686600.1_2357	579	540.949	0	0
lcl|NW_015386329.1_cds_XP_015686607.1_2358	456	417.949	0	0
lcl|NW_015386329.1_cds_XP_015686569.1_2359	1305	1253.95	125	9.28389
lcl|NW_015386329.1_cds_XP_015686591.1_2360	2958	2964.29	35	1.09963
lcl|NW_015386329.1_cds_XP_015686577.1_2361	687	681.497	303	41.4076
lcl|NW_015386329.1_cds_XP_015686539.1_2362	3915	3876.95	0	0
lcl|NW_015386330.1_cds_XP_015686651.2_2363	423	391.342	2752	654.927
lcl|NW_015386330.1_cds_XP_015686615.1_2364	2844	2866.27	78	2.53442
lcl|NW_015386330.1_cds_XP_015686741.1_2365	1242	1203.95	0	0
lcl|NW_015386330.1_cds_XP_015686661.1_2366	2190	2062.87	104	4.6953
lcl|NW_015386330.1_cds_XP_015686749.1_2367	927	901.209	2	0.206684
lcl|NW_015386330.1_cds_XP_015686625.1_2368	927	873.635	9	0.959431
lcl|NW_015386330.1_cds_XP_015686669.1_2369	1851	1858.94	21	1.0521
lcl|NW_015386330.1_cds_XP_015686634.1_2370	393	348.897	0	0
lcl|NW_015386330.1_cds_XP_015686678.1_2371	2340	2333.7	180	7.18337
lcl|NW_015386330.1_cds_XP_015686643.1_2372	1671	1610.54	1	0.0578271
lcl|NW_015386330.1_cds_XP_015686731.1_2373	1662	1637.61	102.162	5.81006
lcl|NW_015386330.1_cds_XP_015686695.1_2374	1584	1536.69	285.544	17.3056
lcl|NW_015386330.1_cds_XP_015686688.1_2375	1614	1584.42	0.000632574	3.71829e-05
lcl|NW_015386330.1_cds_XP_015686708.1_2376	1503	1466.7	109.669	6.96379
lcl|NW_015386330.1_cds_XP_015686720.1_2377	1374	1332.74	149.559	10.4513
lcl|NW_015386330.1_cds_XP_015686701.1_2378	1569	1542.71	0.00185595	0.000112043
lcl|NW_015386330.1_cds_XP_015686715.1_2379	1458	1424.99	468.186	30.5991
lcl|NW_015386330.1_cds_XP_015686725.1_2380	1329	1291.02	738.877	53.3015
lcl|NW_015386331.1_cds_XP_015686778.1_2381	1389	1288.74	126.304	9.12751
lcl|NW_015386331.1_cds_XP_015686772.1_2382	1392	1297.51	43.3297	3.11013
lcl|NW_015386331.1_cds_XP_015686766.1_2383	1404	1305.44	119.739	8.5424
lcl|NW_015386331.1_cds_XP_015686760.1_2384	1407	1314.21	41.6275	2.94997
lcl|NW_015386332.1_cds_XP_015686830.1_2385	1125	1073.72	3	0.260214
lcl|NW_015386332.1_cds_XP_029143023.1_2386	1452	1438.14	57	3.69126
lcl|NW_015386332.1_cds_XP_015686838.1_2387	1470	1418.9	6	0.393822
lcl|NW_015386332.1_cds_XP_015686848.1_2388	1341	1382.17	33	2.22359
lcl|NW_015386332.1_cds_XP_015686788.1_2389	2241	2181.28	104	4.44041
lcl|NW_015386332.1_cds_XP_015686865.1_2390	2460	2354.42	816	32.2781
lcl|NW_015386332.1_cds_XP_015686857.1_2391	1029	980.569	1303	123.756
lcl|NW_015386332.1_cds_XP_029143029.1_2392	6102	5914.21	126	1.98415
lcl|NW_015386332.1_cds_XP_015686932.1_2393	540	451.313	76	15.6833
lcl|NW_015386332.1_cds_XP_015686884.1_2394	2163	2160.05	558	24.0587
lcl|NW_015386332.1_cds_XP_015686894.1_2395	471	420.127	2130	472.173
lcl|NW_015386332.1_cds_XP_015686900.1_2396	471	420.127	2130	472.173
lcl|NW_015386332.1_cds_XP_015686911.1_2397	1776	1765.15	48	2.53257
lcl|NW_015386332.1_cds_XP_015686919.1_2398	1164	1062.71	6.87649	0.602636
lcl|NW_015386332.1_cds_XP_015686924.1_2399	1107	1002.47	4.02843	0.374253
lcl|NW_015386332.1_cds_XP_029143039.1_2400	2904	2965.19	40.7334	1.27938
lcl|NW_015386332.1_cds_XP_015686926.1_2401	600	587.385	216.362	34.3051
lcl|NW_015386332.1_cds_XP_015686796.1_2402	3696	3748.06	34	0.844838
lcl|NW_015386332.1_cds_XP_015686804.1_2403	3252	3137.01	5.30868	0.157605
lcl|NW_015386332.1_cds_XP_015686933.1_2404	1068	1005.31	79.1897	7.33619
lcl|NW_015386332.1_cds_XP_015686934.1_2405	933	878.36	44.8103	4.75124
lcl|NW_015386332.1_cds_XP_015686928.1_2406	765	712.608	1238	161.797
lcl|NW_015386332.1_cds_XP_029143049.1_2407	3717	3521.67	475	12.5616
lcl|NW_015386332.1_cds_XP_015686813.1_2408	1170	1131.95	0	0
lcl|NW_015386333.1_cds_XP_015686944.1_2409	1182	1222.24	10	0.761983
lcl|NW_015386333.1_cds_XP_015686946.2_2410	1974	1936.39	76	3.65529
lcl|NW_015386333.1_cds_XP_015687008.1_2411	2568	2546.27	6	0.219457
lcl|NW_015386333.1_cds_XP_029143057.1_2412	3132	3209.21	11	0.319224
lcl|NW_015386333.1_cds_XP_015686947.1_2413	4428	4450.26	135.611	2.838
lcl|NW_015386333.1_cds_XP_015686948.1_2414	1668	1670.42	16	0.892066
lcl|NW_015386333.1_cds_XP_029143050.1_2415	2697	2691.08	3	0.103823
lcl|NW_015386333.1_cds_XP_015686949.1_2416	636	568.184	72.6417	11.9069
lcl|NW_015386333.1_cds_XP_015686950.1_2417	597	531.917	13.3583	2.33889
lcl|NW_015386333.1_cds_XP_029143051.1_2418	2352	2367.15	1	0.0393437
lcl|NW_015386333.1_cds_XP_029143052.1_2419	5640	5727.8	178	2.89423
lcl|NW_015386333.1_cds_XP_029143058.1_2420	726	687.949	0	0
lcl|NW_015386333.1_cds_XP_015686952.1_2421	1068	1020.09	78	7.1213
lcl|NW_015386333.1_cds_XP_015686953.1_2422	1068	1020.09	78	7.1213
lcl|NW_015386333.1_cds_XP_015686955.1_2423	1872	1873.1	488	24.2639
lcl|NW_015386333.1_cds_XP_029143053.1_2424	2208	2209.23	65	2.74014
lcl|NW_015386333.1_cds_XP_015686937.1_2425	1587	1568.88	1	0.0593624
lcl|NW_015386333.1_cds_XP_015686958.1_2426	1272	1265.24	4.08305e-07	3.00548e-08
lcl|NW_015386333.1_cds_XP_015686959.1_2427	1263	1254.03	0	0
lcl|NW_015386333.1_cds_XP_015686957.1_2428	1275	1268.04	46	3.37852
lcl|NW_015386333.1_cds_XP_015686961.1_2429	2805	2705.23	1549.94	53.3596
lcl|NW_015386333.1_cds_XP_015686962.1_2430	2736	2624.92	1324.06	46.9777
lcl|NW_015386333.1_cds_XP_015686960.1_2431	2826	2725.87	0	0
lcl|NW_015386333.1_cds_XP_015686963.1_2432	1449	1391.96	176	11.7757
lcl|NW_015386333.1_cds_XP_015686964.1_2433	1857	1856.1	34.9721	1.75477
lcl|NW_015386333.1_cds_XP_015686965.1_2434	1857	1856.1	34.9721	1.75477
lcl|NW_015386333.1_cds_XP_015686967.1_2435	1848	1842.89	0.0241221	0.00121903
lcl|NW_015386333.1_cds_XP_015686968.1_2436	969	924.186	40.0317	4.0341
lcl|NW_015386333.1_cds_XP_015686969.1_2437	897	925.778	52	5.23116
lcl|NW_015386333.1_cds_XP_015687010.1_2438	516	472.654	9	1.77338
lcl|NW_015386333.1_cds_XP_015686970.1_2439	1617	1584.11	120	7.055
lcl|NW_015386333.1_cds_XP_029143059.1_2440	1239	1200.95	0	0
lcl|NW_015386333.1_cds_XP_015686971.1_2441	3273	3347.81	872	24.2581
lcl|NW_015386333.1_cds_XP_015686972.1_2442	843	799.462	131	15.2607
lcl|NW_015386333.1_cds_XP_015686973.1_2443	1002	951.871	74	7.24027
lcl|NW_015386333.1_cds_XP_015686974.1_2444	7410	7614.57	365	4.46425
lcl|NW_015386333.1_cds_XP_015686975.1_2445	1035	991.523	1	0.0939288
lcl|NW_015386333.1_cds_XP_015687012.2_2446	579	561.738	1	0.165793
lcl|NW_015386333.1_cds_XP_015686976.1_2447	669	601.863	6	0.928443
lcl|NW_015386333.1_cds_XP_015686941.1_2448	1773	1726.07	11	0.593519
lcl|NW_015386333.1_cds_XP_015687013.1_2449	705	680.7	10	1.36819
lcl|NW_015386333.1_cds_XP_015686978.1_2450	1176	1146.35	95	7.71807
lcl|NW_015386333.1_cds_XP_015686983.1_2451	984	931.316	0	0
lcl|NW_015386333.1_cds_XP_015686979.1_2452	2019	2030.91	112.312	5.15033
lcl|NW_015386333.1_cds_XP_015686980.1_2453	2019	2030.91	112.312	5.15033
lcl|NW_015386333.1_cds_XP_015686981.1_2454	1785	1822.96	328.377	16.7764
lcl|NW_015386333.1_cds_XP_015686982.1_2455	663	622.282	326	48.7901
lcl|NW_015386333.1_cds_XP_015686984.2_2456	753	715.202	5	0.651092
lcl|NW_015386333.1_cds_XP_015686985.1_2457	549	503.535	189	34.957
lcl|NW_015386333.1_cds_XP_015686986.1_2458	2259	2241.74	480.028	19.9427
lcl|NW_015386333.1_cds_XP_015686987.1_2459	2136	2125.29	1039.97	45.5728
lcl|NW_015386333.1_cds_XP_029143060.1_2460	1935	1922.88	114	5.52145
lcl|NW_015386333.1_cds_XP_015686989.1_2461	5127	5203.37	222	3.97347
lcl|NW_015386333.1_cds_XP_029143055.1_2462	1296	1296.01	289.686	20.8171
lcl|NW_015386333.1_cds_XP_029143054.1_2463	1056	1066.92	0.313598	0.0273743
lcl|NW_015386333.1_cds_XP_015686992.1_2464	969	925.93	482	48.4808
lcl|NW_015386333.1_cds_XP_015686993.1_2465	387	331.119	3	0.843799
lcl|NW_015386333.1_cds_XP_029143061.1_2466	2043	2075.87	35	1.57025
lcl|NW_015386333.1_cds_XP_015686994.1_2467	1029	1032.37	226.638	20.4455
lcl|NW_015386333.1_cds_XP_029143062.1_2468	3165	3126.95	0	0
lcl|NW_015386333.1_cds_XP_029143063.1_2469	3915	3934.12	400	9.46922
lcl|NW_015386333.1_cds_XP_015686996.1_2470	5961	6162.25	30	0.453402
lcl|NW_015386333.1_cds_XP_015686997.1_2471	2397	2378.05	40	1.56654
lcl|NW_015386333.1_cds_XP_015686998.1_2472	4413	4535.42	20	0.41069
lcl|NW_015386333.1_cds_XP_015686999.1_2473	3555	3570.35	191	4.98223
lcl|NW_015386333.1_cds_XP_015687000.1_2474	777	730.486	84.5305	10.7771
lcl|NW_015386333.1_cds_XP_015687002.1_2475	717	672.078	322.469	44.6859
lcl|NW_015386333.1_cds_XP_015687003.1_2476	657	619.53	173	26.0067
lcl|NW_015386333.1_cds_XP_015687004.1_2477	1422	1429.74	182	11.8553
lcl|NW_015386333.1_cds_XP_015687005.1_2478	1356	1388.65	350	23.4734
lcl|NW_015386333.1_cds_XP_015687006.1_2479	1320	1312.96	54	3.8304
lcl|NW_015386333.1_cds_XP_015687014.2_2480	1089	1065.07	3	0.262328
lcl|NW_015386333.1_cds_XP_015687015.1_2481	3996	3957.95	0	0
lcl|NW_015386333.1_cds_XP_029143056.1_2482	2310	2289.26	21	0.85433
lcl|NW_015386333.1_cds_XP_015687016.1_2483	534	526.443	48	8.49162
lcl|NW_015386334.1_cds_XP_015687025.1_2484	945	922.668	1	0.100938
lcl|NW_015386334.1_cds_XP_015687018.1_2485	801	787.679	422	49.8959
lcl|NW_015386334.1_cds_XP_015687019.1_2486	855	824.214	17.5	1.97742
lcl|NW_015386334.1_cds_XP_015687020.1_2487	855	824.214	17.5	1.97742
lcl|NW_015386334.1_cds_XP_015687021.1_2488	1032	993.435	73	6.84361
lcl|NW_015386334.1_cds_XP_015687023.1_2489	1416	1328.36	47	3.29521
lcl|NW_015386334.1_cds_XP_015687026.1_2490	537	511.249	52	9.47266
lcl|NW_015386334.1_cds_XP_015687024.1_2491	1443	1406.97	113	7.47989
lcl|NW_015386334.1_cds_XP_015687027.1_2492	1431	1418.92	31	2.03472
lcl|NW_015386334.1_cds_XP_015687017.1_2493	300	261.949	0	0
lcl|NW_015386335.1_cds_XP_015687028.1_2494	13018	11913.7	19	0.148528
lcl|NW_015386335.1_cds_XP_029143064.1_2495	2961	2752.84	58	1.96222
lcl|NW_015386335.1_cds_XP_015687033.1_2496	732	671.107	735	101.999
lcl|NW_015386335.1_cds_XP_015687030.1_2497	1056	963.565	32	3.09293
lcl|NW_015386335.1_cds_XP_015687034.1_2498	927	820.192	6	0.681298
lcl|NW_015386335.1_cds_XP_015687031.1_2499	489	408.15	116	26.4691
lcl|NW_015386336.1_cds_XP_015687035.1_2500	474	436.908	16	3.41061
lcl|NW_015386336.1_cds_XP_015687036.1_2501	1098	1054.62	75	6.6232
lcl|NW_015386336.1_cds_XP_015687040.1_2502	2667	2673.38	19	0.661904
lcl|NW_015386336.1_cds_XP_029143065.1_2503	1890	1851.95	0	0
lcl|NW_015386336.1_cds_XP_015687044.2_2504	1635	1555.72	29	1.73607
lcl|NW_015386336.1_cds_XP_015687042.1_2505	1434	1483.27	119	7.47183
lcl|NW_015386336.1_cds_XP_015687038.1_2506	783	753.835	5	0.617725
lcl|NW_015386336.1_cds_XP_015687043.1_2507	249	208.476	2	0.893462
lcl|NW_015386336.1_cds_XP_015687039.1_2508	1492	1492.95	17	1.06049
lcl|NW_015386337.1_cds_XP_015687045.1_2509	1557	1590.54	13	0.761203
lcl|NW_015386337.1_cds_XP_015687047.1_2510	945	882.875	708	74.6853
lcl|NW_015386337.1_cds_XP_015687046.1_2511	2253	2218.63	8	0.33582
lcl|NW_015386337.1_cds_XP_015687048.1_2512	2472	2436.95	58	2.21658
lcl|NW_015386337.1_cds_XP_015687049.1_2513	927	886.021	956	100.488
lcl|NW_015386337.1_cds_XP_015687050.1_2514	1566	1472.61	45	2.84593
lcl|NW_015386338.1_cds_XP_015687052.1_2515	747	671.765	860	119.229
lcl|NW_015386338.1_cds_XP_015687055.1_2516	918	784.395	327.355	38.8674
lcl|NW_015386338.1_cds_XP_015687056.1_2517	885	754.778	0	0
lcl|NW_015386338.1_cds_XP_029143066.1_2518	5136	5185.48	7	0.125722
lcl|NW_015386338.1_cds_XP_015687058.1_2519	957	913.101	284.589	29.0269
lcl|NW_015386338.1_cds_XP_015687059.1_2520	756	720.592	256.411	33.1397
lcl|NW_015386338.1_cds_XP_015687063.2_2521	3174	3132.06	1	0.0297353
lcl|NW_015386338.1_cds_XP_015687060.1_2522	135	82.4255	52.6667	59.5081
lcl|NW_015386338.1_cds_XP_015687061.1_2523	135	82.4255	52.6667	59.5081
lcl|NW_015386338.1_cds_XP_015687062.1_2524	135	82.4255	52.6667	59.5081
lcl|NW_015386339.1_cds_XP_015687068.1_2525	1800	1761.95	0	0
lcl|NW_015386339.1_cds_XP_015687067.1_2526	1863	1896.38	2	0.0982212
lcl|NW_015386339.1_cds_XP_029143067.1_2527	3612	3632.32	149	3.82035
lcl|NW_015386339.1_cds_XP_015687066.1_2528	1200	1100.21	1	0.0846498
lcl|NW_015386340.1_cds_XP_015687069.2_2529	426	397.164	1	0.234494
lcl|NW_015386341.1_cds_XP_015687071.1_2530	606	605.738	267.241	41.0885
lcl|NW_015386341.1_cds_XP_015687076.1_2531	798	709.537	1	0.131258
lcl|NW_015386341.1_cds_XP_015687072.1_2532	7029	7125.56	402	5.25422
lcl|NW_015386341.1_cds_XP_015687070.2_2533	3303	3250.43	9	0.257871
lcl|NW_015386341.1_cds_XP_015687073.1_2534	1287	1275.58	465	33.9506
lcl|NW_015386341.1_cds_XP_029143068.1_2535	1947	1937.14	155	7.45197
lcl|NW_015386342.1_cds_XP_015687077.1_2536	261	217.723	47.5	20.3185
lcl|NW_015386342.1_cds_XP_015687078.1_2537	261	217.723	47.5	20.3185
lcl|NW_015386342.1_cds_XP_015687079.1_2538	879	814.344	105	12.0083
lcl|NW_015386342.1_cds_XP_015687080.1_2539	2301	2272.82	368	15.0794
lcl|NW_015386342.1_cds_XP_029143069.1_2540	846	792.689	25	2.93723
lcl|NW_015386343.1_cds_XP_029143071.1_2541	1905	1835.68	154.472	7.83709
lcl|NW_015386343.1_cds_XP_015687084.1_2542	1296	1249.49	98	7.30458
lcl|NW_015386343.1_cds_XP_015687087.1_2543	1047	981.668	4	0.379487
lcl|NW_015386343.1_cds_XP_015687088.1_2544	1479	1445.81	449	28.9226
lcl|NW_015386343.1_cds_XP_015687099.1_2545	1101	1073.64	248	21.5126
lcl|NW_015386343.1_cds_XP_029143070.1_2546	2358	2346.01	4	0.158793
lcl|NW_015386343.1_cds_XP_015687086.1_2547	1053	1036.29	2	0.179743
lcl|NW_015386343.1_cds_XP_015687089.1_2548	1845	1822.01	76	3.88476
lcl|NW_015386343.1_cds_XP_015687090.1_2549	996	960.504	187	18.1319
lcl|NW_015386343.1_cds_XP_015687091.1_2550	1143	1113.58	2264	189.347
lcl|NW_015386343.1_cds_XP_015687092.1_2551	900	900.204	158.335	16.3809
lcl|NW_015386343.1_cds_XP_015687093.1_2552	840	854.721	47.8326	5.21196
lcl|NW_015386343.1_cds_XP_015687095.1_2553	840	854.721	47.8326	5.21196
lcl|NW_015386343.1_cds_XP_015687096.1_2554	909	889.445	14.8244	1.55224
lcl|NW_015386343.1_cds_XP_015687097.1_2555	903	881.902	7.58782	0.801305
lcl|NW_015386343.1_cds_XP_015687098.1_2556	903	881.902	7.58782	0.801305
lcl|NW_015386343.1_cds_XP_015687100.1_2557	1140	1154.82	14	1.12905
lcl|NW_015386344.1_cds_XP_015687102.1_2558	510	460.33	1052	212.837
lcl|NW_015386344.1_cds_XP_015687101.1_2559	1758	1780.29	10	0.523133
lcl|NW_015386345.1_cds_XP_029143073.1_2560	1923	1784.48	40	2.08761
lcl|NW_015386345.1_cds_XP_015687108.1_2561	1680	1638.31	36.9369	2.09974
lcl|NW_015386345.1_cds_XP_015687107.1_2562	2013	1982.4	32.0631	1.50631
lcl|NW_015386345.1_cds_XP_015687110.1_2563	2139	2061.29	0	0
lcl|NW_015386345.1_cds_XP_015687109.1_2564	2277	2199.8	6	0.254021
lcl|NW_015386345.1_cds_XP_015687111.1_2565	1281	1242.95	0	0
lcl|NW_015386345.1_cds_XP_029143072.1_2566	1869	1830.95	0	0
lcl|NW_015386345.1_cds_XP_015687105.1_2567	1491	1389.14	3	0.20113
lcl|NW_015386346.1_cds_XP_015687112.1_2568	898	859.949	0	0
lcl|NW_015386346.1_cds_XP_015687140.1_2569	540	501.949	0	0
lcl|NW_015386346.1_cds_XP_015687142.1_2570	552	466.484	17.0638	3.40676
lcl|NW_015386346.1_cds_XP_015687141.1_2571	555	467.899	0.936159	0.186337
lcl|NW_015386346.1_cds_XP_015687143.1_2572	603	564.949	0	0
lcl|NW_015386346.1_cds_XP_015687144.2_2573	1836	1627.82	15	0.858198
lcl|NW_015386346.1_cds_XP_015687145.1_2574	1512	1339.1	3	0.208646
lcl|NW_015386346.1_cds_XP_015687146.1_2575	447	350.629	130	34.53
lcl|NW_015386346.1_cds_XP_029143077.1_2576	3354	3090.67	4	0.120534
lcl|NW_015386346.1_cds_XP_015687148.1_2577	369	279.191	7	2.33506
lcl|NW_015386346.1_cds_XP_029143078.1_2578	3138	2858.04	5	0.162931
lcl|NW_015386346.1_cds_XP_029143079.1_2579	2340	2126.83	56	2.4522
lcl|NW_015386346.1_cds_XP_015687113.1_2580	1632	1509.07	6	0.37029
lcl|NW_015386346.1_cds_XP_015687114.1_2581	1062	1023.95	0	0
lcl|NW_015386346.1_cds_XP_015687115.1_2582	375	336.949	0	0
lcl|NW_015386346.1_cds_XP_029143080.1_2583	2547	2344.31	7	0.27809
lcl|NW_015386346.1_cds_XP_029143075.1_2584	1059	1020.9	2	0.182452
lcl|NW_015386346.1_cds_XP_015687129.1_2585	1338	1276.79	328.555	23.9657
lcl|NW_015386346.1_cds_XP_015687119.1_2586	2199	1942.43	76	3.64392
lcl|NW_015386346.1_cds_XP_015687152.1_2587	354	262.334	6	2.13009
lcl|NW_015386346.1_cds_XP_015687120.1_2588	2064	1716.17	23	1.24816
lcl|NW_015386346.1_cds_XP_015687131.1_2589	414	295.921	12	3.77665
lcl|NW_015386346.1_cds_XP_015687130.1_2590	1797	1721.35	79	4.27424
lcl|NW_015386346.1_cds_XP_015687153.2_2591	744	705.949	0	0
lcl|NW_015386346.1_cds_XP_015687121.1_2592	381	295.67	10	3.14988
lcl|NW_015386346.1_cds_XP_015687122.1_2593	525	446.004	5	1.04408
lcl|NW_015386346.1_cds_XP_015687154.1_2594	936	813.624	88	10.073
lcl|NW_015386346.1_cds_XP_015687135.1_2595	2643	2513.52	0	0
lcl|NW_015386346.1_cds_XP_015687133.1_2596	2754	2627.13	5	0.177252
lcl|NW_015386346.1_cds_XP_015687134.1_2597	2706	2578.38	0	0
lcl|NW_015386346.1_cds_XP_015687132.1_2598	2817	2692.13	0	0
lcl|NW_015386346.1_cds_XP_015687123.2_2599	1203	1062.43	7	0.613617
lcl|NW_015386346.1_cds_XP_015687155.2_2600	459	373.122	19	4.74246
lcl|NW_015386346.1_cds_XP_029143081.1_2601	1473	1367.44	7	0.47675
lcl|NW_015386346.1_cds_XP_029143074.1_2602	2631	2498.52	10	0.372751
lcl|NW_015386346.1_cds_XP_015687137.1_2603	999	872.477	24	2.56188
lcl|NW_015386346.1_cds_XP_015687138.1_2604	726	691.301	2692	362.668
lcl|NW_015386346.1_cds_XP_029143076.1_2605	2394	2421.93	718	27.6098
lcl|NW_015386346.1_cds_XP_015687157.1_2606	1767	1728.95	0	0
lcl|NW_015386346.1_cds_XP_015687158.1_2607	501	452.9	134	27.5552
lcl|NW_015386346.1_cds_XP_029143082.1_2608	1308	1269.95	0	0
lcl|NW_015386346.1_cds_XP_029143083.1_2609	5529	5637.89	7	0.115633
lcl|NW_015386347.1_cds_XP_015687159.1_2610	465	437.78	1.68908	0.359332
lcl|NW_015386347.1_cds_XP_015687160.1_2611	2721	2607.44	5	0.17859
lcl|NW_015386347.1_cds_XP_015687161.1_2612	570	469.058	7	1.38987
lcl|NW_015386347.1_cds_XP_015687164.1_2613	993	944.975	0	0
lcl|NW_015386347.1_cds_XP_015687163.1_2614	1113	1084.93	77	6.60981
lcl|NW_015386348.1_cds_XP_015687166.1_2615	354	304.73	71	21.6992
lcl|NW_015386348.1_cds_XP_015687167.1_2616	1869	1840.65	46	2.3275
lcl|NW_015386348.1_cds_XP_015687165.1_2617	1161	1130.26	3	0.247198
lcl|NW_015386349.1_cds_XP_015687168.1_2618	903	854.801	102	11.1131
lcl|NW_015386349.1_cds_XP_015687169.1_2619	2109	2070.95	0	0
lcl|NW_015386349.1_cds_XP_015687170.1_2620	567	544.409	10.6767	1.82648
lcl|NW_015386350.1_cds_XP_015687171.1_2621	978	943.69	120	11.8428
lcl|NW_015386350.1_cds_XP_015687173.1_2622	543	497.102	86.9997	16.2995
lcl|NW_015386350.1_cds_XP_015687174.1_2623	522	474.2	0.000262488	5.15524e-05
lcl|NW_015386351.1_cds_XP_015687179.1_2624	1293	1105.3	1	0.0842596
lcl|NW_015386351.1_cds_XP_015687177.1_2625	1734	1759.99	926	49.0007
lcl|NW_015386351.1_cds_XP_015687175.1_2626	1053	1010.89	11	1.01342
lcl|NW_015386351.1_cds_XP_015687178.1_2627	1485	1463.02	382	24.3173
lcl|NW_015386351.1_cds_XP_015687176.2_2628	495	379.882	1	0.245161
lcl|NW_015386352.1_cds_XP_015687180.1_2629	840	811.319	380	43.6207
lcl|NW_015386352.1_cds_XP_015687181.1_2630	741	658.73	5.40392	0.764017
lcl|NW_015386352.1_cds_XP_015687189.1_2631	1485	1423.63	21.5961	1.41279
lcl|NW_015386352.1_cds_XP_015687182.2_2632	1479	1440.95	0	0
lcl|NW_015386352.1_cds_XP_015687184.2_2633	852	813.949	0	0
lcl|NW_015386352.1_cds_XP_015687190.2_2634	1470	1431.95	0	0
lcl|NW_015386352.1_cds_XP_015687191.1_2635	582	555.47	34	5.70058
lcl|NW_015386352.1_cds_XP_015687192.2_2636	1470	1431.95	0	0
lcl|NW_015386352.1_cds_XP_015687185.2_2637	1257	1218.95	0	0
lcl|NW_015386352.1_cds_XP_015687186.2_2638	1470	1431.95	0	0
lcl|NW_015386352.1_cds_XP_015687187.1_2639	2025	1884.72	1	0.0494145
lcl|NW_015386352.1_cds_XP_015687193.1_2640	1473	1382.4	11	0.741071
lcl|NW_015386352.1_cds_XP_015687188.1_2641	3132	2932.5	15.8458	0.503242
lcl|NW_015386353.1_cds_XP_015687197.1_2642	1728	1677.82	113	6.27239
lcl|NW_015386353.1_cds_XP_015687198.1_2643	1860	1839.3	76	3.84824
lcl|NW_015386353.1_cds_XP_015687199.1_2644	2157	2199.1	211	8.9359
lcl|NW_015386353.1_cds_XP_015687200.1_2645	1266	1071.23	4	0.34776
lcl|NW_015386353.1_cds_XP_015687201.1_2646	795	756.439	306	37.6746
lcl|NW_015386353.1_cds_XP_015687195.1_2647	549	503.892	7	1.29378
lcl|NW_015386353.1_cds_XP_015687202.1_2648	570	552.018	132	22.2701
lcl|NW_015386353.1_cds_XP_015687203.1_2649	3531	3556.2	10	0.261888
lcl|NW_015386353.1_cds_XP_015687196.2_2650	1125	1117.4	5	0.416737
lcl|NW_015386354.1_cds_XP_015687232.1_2651	831	732.27	347	44.1326
lcl|NW_015386354.1_cds_XP_015687204.1_2652	1476	1424.38	42	2.74614
lcl|NW_015386354.1_cds_XP_015687233.1_2653	2304	2132.02	102	4.45564
lcl|NW_015386354.1_cds_XP_029143088.1_2654	1974	1935.95	0	0
lcl|NW_015386354.1_cds_XP_015687235.1_2655	1959	1920.95	0	0
lcl|NW_015386354.1_cds_XP_015687207.1_2656	3648	3433.09	1	0.0271279
lcl|NW_015386354.1_cds_XP_015687208.1_2657	951	912.949	0	0
lcl|NW_015386354.1_cds_XP_015687209.1_2658	1455	1148.93	1	0.0810603
lcl|NW_015386354.1_cds_XP_015687210.1_2659	1128	922.83	27	2.72486
lcl|NW_015386354.1_cds_XP_015687224.1_2660	789	672.697	37	5.12252
lcl|NW_015386354.1_cds_XP_029143089.1_2661	1662	1583.28	9	0.529404
lcl|NW_015386354.1_cds_XP_029143090.1_2662	1647	1632.96	63	3.59308
lcl|NW_015386354.1_cds_XP_015687225.1_2663	723	646.949	7	1.0077
lcl|NW_015386354.1_cds_XP_029143086.1_2664	372	337.709	155	42.7454
lcl|NW_015386354.1_cds_XP_015687226.2_2665	885	758.287	40	4.91279
lcl|NW_015386354.1_cds_XP_015687227.1_2666	954	869.107	190	20.3602
lcl|NW_015386354.1_cds_XP_029143091.1_2667	5454	5265.1	92	1.62736
lcl|NW_015386354.1_cds_XP_029143092.1_2668	1098	971.574	5	0.479287
lcl|NW_015386354.1_cds_XP_015687217.1_2669	867	760.714	5	0.612139
lcl|NW_015386354.1_cds_XP_015687237.1_2670	297	265.832	1	0.350344
lcl|NW_015386354.1_cds_XP_029143093.1_2671	1311	1298.79	2	0.143414
lcl|NW_015386354.1_cds_XP_029143087.1_2672	648	598.347	33	5.13644
lcl|NW_015386354.1_cds_XP_015687228.1_2673	2694	2569.44	327	11.8525
lcl|NW_015386354.1_cds_XP_015687229.1_2674	837	706.782	10	1.3177
lcl|NW_015386354.1_cds_XP_029143094.1_2675	1686	1508.49	1	0.0617387
lcl|NW_015386354.1_cds_XP_015687231.1_2676	2586	2335.12	128	5.10508
lcl|NW_015386354.1_cds_XP_015687219.1_2677	1308	1181.14	1	0.0788494
lcl|NW_015386354.1_cds_XP_015687238.1_2678	609	557.082	179	29.9251
lcl|NW_015386354.1_cds_XP_015687220.1_2679	2289	2250.95	0	0
lcl|NW_015386354.1_cds_XP_015687221.1_2680	1422	1317.04	2	0.141427
lcl|NW_015386354.1_cds_XP_015687239.1_2681	1254	1110.83	2	0.167681
lcl|NW_015386354.1_cds_XP_015687240.1_2682	978	861.235	178	19.2486
lcl|NW_015386354.1_cds_XP_015687222.1_2683	906	802.635	2	0.232067
lcl|NW_015386355.1_cds_XP_015687241.1_2684	2163	2140.59	29	1.26173
lcl|NW_015386355.1_cds_XP_015687246.1_2685	1038	994.284	323	30.2547
lcl|NW_015386355.1_cds_XP_029143097.1_2686	1863	1882.48	8	0.395786
lcl|NW_015386355.1_cds_XP_015687247.1_2687	777	751.739	76	9.4156
lcl|NW_015386355.1_cds_XP_029143096.1_2688	1026	987.949	0	0
lcl|NW_015386355.1_cds_XP_015687248.1_2689	1689	1689.1	385	21.2279
lcl|NW_015386355.1_cds_XP_015687249.1_2690	567	510.703	809	147.53
lcl|NW_015386355.1_cds_XP_015687250.1_2691	1416	1419.18	194.4	12.7574
lcl|NW_015386355.1_cds_XP_015687251.1_2692	1350	1353.61	182.579	12.562
lcl|NW_015386355.1_cds_XP_015687252.1_2693	1329	1332.79	10.4052	0.727097
lcl|NW_015386355.1_cds_XP_015687253.1_2694	1329	1332.79	10.4052	0.727097
lcl|NW_015386355.1_cds_XP_015687254.1_2695	1092	1077.6	480.211	41.5026
lcl|NW_015386355.1_cds_XP_029143098.1_2696	3298	3177.33	1254	36.7567
lcl|NW_015386355.1_cds_XP_029143095.1_2697	1584	1565.45	30	1.78478
lcl|NW_015386356.1_cds_XP_015687258.1_2698	3303	3340.12	59	1.6451
lcl|NW_015386356.1_cds_XP_015687259.2_2699	9519	9990.45	287	2.67546
lcl|NW_015386356.1_cds_XP_015687300.1_2700	1050	1011.95	0	0
lcl|NW_015386356.1_cds_XP_015687301.1_2701	1887	1872.75	2	0.0994608
lcl|NW_015386356.1_cds_XP_015687266.1_2702	1581	1530.95	62	3.77166
lcl|NW_015386356.1_cds_XP_015687260.1_2703	1917	1921.46	32	1.55103
lcl|NW_015386356.1_cds_XP_015687267.1_2704	2733	2751.09	280	9.47884
lcl|NW_015386356.1_cds_XP_015687269.1_2705	3579	3630.18	131	3.36081
lcl|NW_015386356.1_cds_XP_015687271.1_2706	951	911.349	109.933	11.2343
lcl|NW_015386356.1_cds_XP_015687270.1_2707	1086	1096.6	36.0671	3.06313
lcl|NW_015386356.1_cds_XP_029143100.1_2708	2295	2253.58	3	0.12398
lcl|NW_015386356.1_cds_XP_015687272.1_2709	939	902.574	108	11.144
lcl|NW_015386356.1_cds_XP_015687273.2_2710	1389	1396.34	890	59.3608
lcl|NW_015386356.1_cds_XP_015687274.1_2711	1167	1157.16	0	0
lcl|NW_015386356.1_cds_XP_015687275.1_2712	522	474.534	19	3.72896
lcl|NW_015386356.1_cds_XP_015687277.1_2713	1038	958.37	0	0
lcl|NW_015386356.1_cds_XP_015687278.1_2714	1038	958.37	0	0
lcl|NW_015386356.1_cds_XP_015687279.1_2715	969	890.979	0	0
lcl|NW_015386356.1_cds_XP_015687280.1_2716	936	861.801	5	0.540336
lcl|NW_015386356.1_cds_XP_015687261.1_2717	3102	3045.52	80	2.44641
lcl|NW_015386356.1_cds_XP_015687281.1_2718	1449	1447.09	122	7.85172
lcl|NW_015386356.1_cds_XP_015687282.1_2719	897	861.761	104	11.2395
lcl|NW_015386356.1_cds_XP_015687262.1_2720	855	818.256	18	2.04873
lcl|NW_015386356.1_cds_XP_015687283.1_2721	2112	2142.71	2556	111.096
lcl|NW_015386356.1_cds_XP_015687263.1_2722	1302	1227.01	14	1.06263
lcl|NW_015386356.1_cds_XP_029143101.1_2723	1755	1750.97	29	1.54248
lcl|NW_015386356.1_cds_XP_015687284.1_2724	849	840.167	42.5	4.71112
lcl|NW_015386356.1_cds_XP_015687286.1_2725	849	840.167	42.5	4.71112
lcl|NW_015386356.1_cds_XP_015687288.1_2726	1059	1004.39	138	12.7961
lcl|NW_015386356.1_cds_XP_015687289.1_2727	1317	1287.41	231	16.7108
lcl|NW_015386356.1_cds_XP_029143102.1_2728	2952	2920.23	11	0.350814
lcl|NW_015386356.1_cds_XP_015687291.1_2729	3402	3423.51	143	3.89014
lcl|NW_015386356.1_cds_XP_015687292.1_2730	576	567.589	94.2449	15.4641
lcl|NW_015386356.1_cds_XP_015687294.1_2731	564	554.643	169.755	28.5043
lcl|NW_015386356.1_cds_XP_015687264.1_2732	1941	1906.97	54	2.63725
lcl|NW_015386356.1_cds_XP_015687265.1_2733	1815	1823.12	25	1.27711
lcl|NW_015386356.1_cds_XP_015687295.1_2734	2004	2010.3	83	3.84519
lcl|NW_015386356.1_cds_XP_029143099.1_2735	915	828.682	1	0.112386
lcl|NW_015386356.1_cds_XP_015687297.1_2736	1398	1321.47	546	38.4801
lcl|NW_015386356.1_cds_XP_015687303.1_2737	669	630.949	0	0
lcl|NW_015386356.1_cds_XP_015687299.1_2738	3573	3628.69	19	0.487646
lcl|NW_015386357.1_cds_XP_015687327.1_2739	963	924.949	0	0
lcl|NW_015386357.1_cds_XP_015687326.1_2740	999	960.949	0	0
lcl|NW_015386357.1_cds_XP_015687304.1_2741	960	874.795	517	55.0409
lcl|NW_015386357.1_cds_XP_015687307.1_2742	951	857.016	77.5965	8.43247
lcl|NW_015386357.1_cds_XP_015687308.1_2743	906	819.269	9.58448e-08	1.08954e-08
lcl|NW_015386357.1_cds_XP_015687309.1_2744	816	739.863	192.403	24.2194
lcl|NW_015386357.1_cds_XP_015687310.1_2745	2217	2216.15	1144	48.076
lcl|NW_015386357.1_cds_XP_015687311.1_2746	525	503.458	161	29.7827
lcl|NW_015386357.1_cds_XP_015687312.1_2747	723	694.671	871	116.772
lcl|NW_015386357.1_cds_XP_015687314.1_2748	1566	1533.17	278.805	16.9361
lcl|NW_015386357.1_cds_XP_029143104.1_2749	1662	1625.55	3.13804	0.179787
lcl|NW_015386357.1_cds_XP_015687318.1_2750	783	721.773	81.862	10.5629
lcl|NW_015386357.1_cds_XP_015687305.1_2751	1476	1469.08	34	2.15544
lcl|NW_015386357.1_cds_XP_015687306.1_2752	1311	1272.95	0	0
lcl|NW_015386357.1_cds_XP_029143107.1_2753	681	642.949	0	0
lcl|NW_015386357.1_cds_XP_029143105.1_2754	2337	2299.7	351	14.2147
lcl|NW_015386357.1_cds_XP_015687320.1_2755	3879	3756.3	104	2.57854
lcl|NW_015386357.1_cds_XP_015687321.1_2756	1179	1148.55	52	4.21651
lcl|NW_015386357.1_cds_XP_015687323.1_2757	1566	1593.53	286	16.7151
lcl|NW_015386357.1_cds_XP_015687328.1_2758	579	513.948	16	2.89936
lcl|NW_015386357.1_cds_XP_015687324.1_2759	1083	1039.4	947	84.853
lcl|NW_015386357.1_cds_XP_015687325.1_2760	1515	1504.73	1211.32	74.9721
lcl|NW_015386357.1_cds_XP_015687329.1_2761	231	192.949	0	0
lcl|NW_015386358.1_cds_XP_029143110.1_2762	921	882.949	0	0
lcl|NW_015386358.1_cds_XP_029143112.1_2763	969	945.224	1	0.0985295
lcl|NW_015386358.1_cds_XP_015687330.1_2764	897	858.949	0	0
lcl|NW_015386358.1_cds_XP_029143113.1_2765	903	864.949	0	0
lcl|NW_015386358.1_cds_XP_029143114.1_2766	924	901.573	3	0.3099
lcl|NW_015386358.1_cds_XP_029143115.1_2767	957	918.949	0	0
lcl|NW_015386358.1_cds_XP_015687335.1_2768	924	954.52	20	1.9514
lcl|NW_015386358.1_cds_XP_015687336.1_2769	924	954.52	20	1.9514
lcl|NW_015386358.1_cds_XP_015687334.1_2770	4047	4189.17	51	1.13382
lcl|NW_015386358.1_cds_XP_015687337.1_2771	2253	2281.19	275.5	11.2476
lcl|NW_015386358.1_cds_XP_015687338.1_2772	2253	2281.19	275.5	11.2476
lcl|NW_015386358.1_cds_XP_015687339.1_2773	2274	2214	764	32.1379
lcl|NW_015386358.1_cds_XP_015687340.1_2774	1146	1129.84	91	7.50114
lcl|NW_015386358.1_cds_XP_015687342.1_2775	1089	1034.62	20.5358	1.84854
lcl|NW_015386358.1_cds_XP_015687343.1_2776	1050	992.997	907.464	85.1104
lcl|NW_015386358.1_cds_XP_015687331.1_2777	1437	1370.54	25	1.69883
lcl|NW_015386358.1_cds_XP_029143108.1_2778	1680	1711.71	25	1.36022
lcl|NW_015386358.1_cds_XP_029143116.1_2779	474	435.949	0	0
lcl|NW_015386358.1_cds_XP_015687344.1_2780	993	914.392	684	69.6666
lcl|NW_015386358.1_cds_XP_015687345.1_2781	1134	1094.91	33.5	2.84949
lcl|NW_015386358.1_cds_XP_015687346.1_2782	1134	1094.91	33.5	2.84949
lcl|NW_015386358.1_cds_XP_015687347.2_2783	816	777.949	0	0
lcl|NW_015386358.1_cds_XP_029143117.1_2784	567	528.949	0	0
lcl|NW_015386359.1_cds_XP_015687348.1_2785	351	312.949	0	0
lcl|NW_015386359.1_cds_XP_015687349.1_2786	957	883.386	1082	114.072
lcl|NW_015386359.1_cds_XP_015687350.1_2787	975	876.81	102	10.8342
lcl|NW_015386359.1_cds_XP_015687351.1_2788	855	828.017	147	16.5341
lcl|NW_015386359.1_cds_XP_015687353.1_2789	1809	1788.19	216	11.2497
lcl|NW_015386359.1_cds_XP_015687354.1_2790	1872	1877.61	69.9062	3.46746
lcl|NW_015386359.1_cds_XP_015687355.1_2791	231	179.769	145	75.1199
lcl|NW_015386360.1_cds_XP_015687360.1_2792	1134	1136.59	604	49.4918
lcl|NW_015386360.1_cds_XP_015687361.1_2793	1290	1282.87	8	0.580775
lcl|NW_015386360.1_cds_XP_029143119.1_2794	393	370.297	26	6.53919
lcl|NW_015386360.1_cds_XP_029143120.1_2795	1161	1206.61	1	0.0771851
lcl|NW_015386360.1_cds_XP_015687365.1_2796	1191	1152.95	0	0
lcl|NW_015386360.1_cds_XP_029143118.1_2797	1188	1157.21	1	0.0804802
lcl|NW_015386360.1_cds_XP_015687366.1_2798	1182	1143.95	0	0
lcl|NW_015386360.1_cds_XP_015687358.1_2799	1185	1146.95	0	0
lcl|NW_015386360.1_cds_XP_015687359.1_2800	1176	1137.95	0	0
lcl|NW_015386360.1_cds_XP_029143121.1_2801	1779	1752.69	4	0.212547
lcl|NW_015386361.1_cds_XP_015687370.1_2802	1398	1381.76	779	52.5058
lcl|NW_015386361.1_cds_XP_015687371.1_2803	738	687.978	138	18.6813
lcl|NW_015386361.1_cds_XP_029143122.1_2804	2121	2060.2	9	0.406849
lcl|NW_015386361.1_cds_XP_015687372.1_2805	882	815.371	9	1.02799
lcl|NW_015386361.1_cds_XP_015687368.1_2806	615	576.949	0	0
lcl|NW_015386361.1_cds_XP_015687373.1_2807	405	376.05	34	8.42044
lcl|NW_015386361.1_cds_XP_015687369.1_2808	816	718.723	1.18319	0.153318
lcl|NW_015386362.1_cds_XP_015687384.1_2809	951	870.298	35	3.74543
lcl|NW_015386362.1_cds_XP_015687385.1_2810	951	870.298	35	3.74543
lcl|NW_015386362.1_cds_XP_015687387.1_2811	546	523.759	183	32.5402
lcl|NW_015386362.1_cds_XP_015687376.2_2812	2610	2494.81	79	2.94911
lcl|NW_015386362.1_cds_XP_015687377.1_2813	1383	1271.2	56	4.10274
lcl|NW_015386362.1_cds_XP_029143123.1_2814	972	924.374	111.5	11.2338
lcl|NW_015386362.1_cds_XP_015687380.1_2815	972	924.374	111.5	11.2338
lcl|NW_015386362.1_cds_XP_015687388.1_2816	972	900.25	1	0.103452
lcl|NW_015386362.1_cds_XP_015687389.1_2817	2040	1891.13	1	0.0492471
lcl|NW_015386362.1_cds_XP_015687378.1_2818	1041	883.55	73	7.69472
lcl|NW_015386362.1_cds_XP_015687382.1_2819	564	519.607	4	0.716945
lcl|NW_015386362.1_cds_XP_029143124.1_2820	1449	1280.82	60	4.36281
lcl|NW_015386362.1_cds_XP_015687390.1_2821	156	101.312	764	702.316
lcl|NW_015386362.1_cds_XP_015687379.1_2822	993	898.767	1	0.103623
lcl|NW_015386362.1_cds_XP_015687391.1_2823	804	695.755	394.326	52.7838
lcl|NW_015386362.1_cds_XP_015687392.1_2824	261	222.949	0	0
lcl|NW_015386363.1_cds_XP_015687396.1_2825	2313	2343.71	0	0
lcl|NW_015386363.1_cds_XP_015687397.1_2826	2274	2290.64	210.63	8.56376
lcl|NW_015386363.1_cds_XP_015687395.1_2827	2145	2168.07	160.37	6.88891
lcl|NW_015386363.1_cds_XP_029143125.1_2828	2265	2293.28	6.14163e-07	2.49418e-08
lcl|NW_015386363.1_cds_XP_029143126.1_2829	1413	1445.17	1	0.0644438
lcl|NW_015386363.1_cds_XP_015687398.1_2830	1422	1428.64	399	26.0106
lcl|NW_015386363.1_cds_XP_015687399.1_2831	7296	7336.16	817	10.3718
lcl|NW_015386363.1_cds_XP_015687400.1_2832	466	457.516	81.336	16.5569
lcl|NW_015386364.1_cds_XP_015687401.1_2833	831	808.909	38	4.37507
lcl|NW_015386365.1_cds_XP_029143127.1_2834	375	348.956	24.5	6.53877
lcl|NW_015386365.1_cds_XP_015687415.1_2835	375	348.956	24.5	6.53877
lcl|NW_015386365.1_cds_XP_015687403.1_2836	888	849.949	0	0
lcl|NW_015386365.1_cds_XP_015687404.1_2837	1335	1296.95	0	0
lcl|NW_015386365.1_cds_XP_015687406.1_2838	1437	1405.11	31	2.05472
lcl|NW_015386365.1_cds_XP_015687416.1_2839	2334	2271.74	14	0.573945
lcl|NW_015386365.1_cds_XP_015687417.1_2840	1380	1276.45	25.3118	1.84681
lcl|NW_015386365.1_cds_XP_015687407.1_2841	5901	5834.43	2580.58	41.1927
lcl|NW_015386365.1_cds_XP_015687409.1_2842	921	874.997	89.8543	9.56386
lcl|NW_015386365.1_cds_XP_015687408.1_2843	933	885.016	1789.15	188.276
lcl|NW_015386365.1_cds_XP_015687411.1_2844	1236	1169.94	83	6.60716
lcl|NW_015386365.1_cds_XP_015687418.1_2845	558	517.142	6	1.08054
lcl|NW_015386365.1_cds_XP_015687412.1_2846	4596	4687.56	132	2.62258
lcl|NW_015386365.1_cds_XP_015687413.1_2847	2583	2622.87	24	0.85219
lcl|NW_015386365.1_cds_XP_015687405.1_2848	1464	1525.96	9	0.549287
lcl|NW_015386366.1_cds_XP_015687423.1_2849	3039	3034.54	105	3.22254
lcl|NW_015386366.1_cds_XP_015687424.1_2850	2781	2802.57	750	24.9233
lcl|NW_015386366.1_cds_XP_029143132.1_2851	819	738.059	262	33.0607
lcl|NW_015386366.1_cds_XP_029143129.1_2852	1728	1662.64	240.806	13.4887
lcl|NW_015386366.1_cds_XP_029143131.1_2853	1707	1648.22	103.619	5.85498
lcl|NW_015386366.1_cds_XP_029143130.1_2854	1512	1465.69	250.575	15.922
lcl|NW_015386366.1_cds_XP_015687426.1_2855	2232	2244.04	202	8.38344
lcl|NW_015386366.1_cds_XP_015687427.1_2856	1920	1935.49	1944	93.542
lcl|NW_015386366.1_cds_XP_015687428.1_2857	318	275.395	222	75.0755
lcl|NW_015386366.1_cds_XP_015687429.1_2858	1839	1864.22	5	0.24979
lcl|NW_015386366.1_cds_XP_015687419.2_2859	1995	2013.17	1	0.0462615
lcl|NW_015386366.1_cds_XP_015687421.1_2860	702	646.902	1	0.143967
lcl|NW_015386366.1_cds_XP_015687430.2_2861	564	555.455	36	6.03608
lcl|NW_015386366.1_cds_XP_029143128.1_2862	1266	1227.95	0	0
lcl|NW_015386366.1_cds_XP_015687422.1_2863	1170	1156.25	174	14.0152
lcl|NW_015386367.1_cds_XP_015687433.1_2864	519	442.747	115	24.1905
lcl|NW_015386367.1_cds_XP_029143133.1_2865	1218	1154.54	1436	115.837
lcl|NW_015386368.1_cds_XP_015687441.1_2866	5097	4780.11	40	0.779334
lcl|NW_015386368.1_cds_XP_015687443.1_2867	4074	3864.22	225.415	5.43278
lcl|NW_015386368.1_cds_XP_015687444.1_2868	603	556.061	128	21.4382
lcl|NW_015386368.1_cds_XP_015687434.1_2869	321	269.743	1377	475.429
lcl|NW_015386368.1_cds_XP_015687445.1_2870	1485	1369.95	23	1.5636
lcl|NW_015386368.1_cds_XP_015687435.1_2871	1038	918.134	40.88	4.14673
lcl|NW_015386368.1_cds_XP_015687446.1_2872	483	451.712	5127	1057.07
lcl|NW_015386368.1_cds_XP_029143134.1_2873	2982	2943.95	0	0
lcl|NW_015386368.1_cds_XP_015687437.1_2874	2427	2155.93	48	2.07352
lcl|NW_015386368.1_cds_XP_029143135.1_2875	3351	3132.03	6	0.178413
lcl|NW_015386368.1_cds_XP_015687447.1_2876	579	504.004	4	0.739141
lcl|NW_015386368.1_cds_XP_015687449.1_2877	258	194.891	53.7711	25.6957
lcl|NW_015386368.1_cds_XP_015687448.1_2878	264	198.822	23.2289	10.8809
lcl|NW_015386368.1_cds_XP_015687438.1_2879	1563	1420.79	32	2.0976
lcl|NW_015386368.1_cds_XP_015687453.1_2880	588	549.949	0	0
lcl|NW_015386368.1_cds_XP_015687439.1_2881	1140	1101.95	0	0
lcl|NW_015386368.1_cds_XP_015687454.1_2882	522	483.949	0	0
lcl|NW_015386368.1_cds_XP_015687440.1_2883	4335	4296.95	0	0
lcl|NW_015386368.1_cds_XP_015687450.1_2884	1848	1838.76	99.0888	5.01882
lcl|NW_015386369.1_cds_XP_029143136.1_2885	1683	1742.69	28	1.49637
lcl|NW_015386369.1_cds_XP_029143140.1_2886	624	600.48	3	0.465291
lcl|NW_015386369.1_cds_XP_015687458.1_2887	1539	1559.61	19	1.13459
lcl|NW_015386369.1_cds_XP_029143141.1_2888	1554	1547.61	1	0.0601781
lcl|NW_015386369.1_cds_XP_015687460.1_2889	2871	2919.27	5	0.159513
lcl|NW_015386369.1_cds_XP_029143137.1_2890	1308	1347.49	124.389	8.59719
lcl|NW_015386369.1_cds_XP_029143138.1_2891	1305	1344.44	52.6109	3.64449
lcl|NW_015386369.1_cds_XP_029143139.1_2892	1305	1345.16	0	0
lcl|NW_015386369.1_cds_XP_015687465.1_2893	1890	1837.46	3	0.152057
lcl|NW_015386369.1_cds_XP_015687466.1_2894	1329	1261.65	59	4.35527
lcl|NW_015386369.1_cds_XP_015687467.1_2895	1242	1202.46	136	10.5335
lcl|NW_015386369.1_cds_XP_015687468.1_2896	1632	1605.51	31	1.79825
lcl|NW_015386369.1_cds_XP_029143142.1_2897	693	683.767	1	0.136205
lcl|NW_015386369.1_cds_XP_015687469.1_2898	159	106.773	129.87	113.279
lcl|NW_015386369.1_cds_XP_029143143.1_2899	2010	1971.95	0	0
lcl|NW_015386369.1_cds_XP_015687470.1_2900	531	512.576	56	10.1749
lcl|NW_015386369.1_cds_XP_015687471.1_2901	357	333.766	401	111.893
lcl|NW_015386370.1_cds_XP_015687479.1_2902	726	650.202	1514.66	216.954
lcl|NW_015386370.1_cds_XP_015687482.1_2903	657	595.258	3079.34	481.785
lcl|NW_015386370.1_cds_XP_015687483.2_2904	2973	2999.76	153.553	4.76732
lcl|NW_015386370.1_cds_XP_015687485.1_2905	1113	1044.11	27.2068	2.42678
lcl|NW_015386370.1_cds_XP_015687484.1_2906	927	862.117	34.2399	3.69886
lcl|NW_015386370.1_cds_XP_015687486.1_2907	1086	1128.21	8	0.660389
lcl|NW_015386370.1_cds_XP_015687487.1_2908	3381	3510.67	77	2.04269
lcl|NW_015386370.1_cds_XP_015687488.1_2909	1350	1295.58	476	34.2173
lcl|NW_015386370.1_cds_XP_015687522.1_2910	1512	1541.28	10	0.604254
lcl|NW_015386370.1_cds_XP_015687489.1_2911	1935	1938.63	82	3.93931
lcl|NW_015386370.1_cds_XP_015687523.1_2912	1086	1109.89	10	0.839117
lcl|NW_015386370.1_cds_XP_015687490.1_2913	1830	1855.75	166	8.33086
lcl|NW_015386370.1_cds_XP_015687492.1_2914	999	950.171	14	1.37223
lcl|NW_015386370.1_cds_XP_015687493.1_2915	669	614.686	3618	548.172
lcl|NW_015386370.1_cds_XP_015687494.1_2916	1008	976.203	286	27.2852
lcl|NW_015386370.1_cds_XP_015687495.1_2917	537	477.056	13	2.53791
lcl|NW_015386370.1_cds_XP_029143148.1_2918	2886	2845.71	2	0.0654546
lcl|NW_015386370.1_cds_XP_015687496.1_2919	1950	1945.86	1021.31	48.8818
lcl|NW_015386370.1_cds_XP_015687497.1_2920	1572	1540.55	23.6885	1.43206
lcl|NW_015386370.1_cds_XP_015687499.2_2921	2286	2253.44	53	2.19043
lcl|NW_015386370.1_cds_XP_015687524.1_2922	1002	963.549	25	2.41639
lcl|NW_015386370.1_cds_XP_029143149.1_2923	2064	2110.53	14	0.617784
lcl|NW_015386370.1_cds_XP_015687500.1_2924	1581	1534.39	1532	92.9876
lcl|NW_015386370.1_cds_XP_015687501.1_2925	1581	1534.39	1532	92.9876
lcl|NW_015386370.1_cds_XP_015687503.1_2926	1872	1854.58	67.2193	3.37559
lcl|NW_015386370.1_cds_XP_015687502.1_2927	2085	2067.32	178.264	8.03077
lcl|NW_015386370.1_cds_XP_015687505.1_2928	2109	2091.37	147.517	6.56919
lcl|NW_015386370.1_cds_XP_015687506.1_2929	615	602.16	1002	154.973
lcl|NW_015386370.1_cds_XP_015687507.1_2930	426	372.272	18	4.50312
lcl|NW_015386370.1_cds_XP_015687508.1_2931	426	372.272	18	4.50312
lcl|NW_015386370.1_cds_XP_015687476.1_2932	1461	1492.72	8	0.499129
lcl|NW_015386370.1_cds_XP_015687509.1_2933	8202	8288.47	1242	13.9556
lcl|NW_015386370.1_cds_XP_015687510.1_2934	831	821.661	2	0.226693
lcl|NW_015386370.1_cds_XP_015687511.1_2935	1599	1601.6	79	4.59383
lcl|NW_015386370.1_cds_XP_029143144.1_2936	1608	1579.45	0.00107368	6.33098e-05
lcl|NW_015386370.1_cds_XP_029143145.1_2937	1596	1567.6	0.997769	0.0592783
lcl|NW_015386370.1_cds_XP_015687526.1_2938	1608	1579.33	0.00114642	6.76041e-05
lcl|NW_015386370.1_cds_XP_015687528.1_2939	1611	1588	1.00781e-05	5.91054e-07
lcl|NW_015386370.1_cds_XP_015687527.1_2940	1617	1593.65	4.14847e-07	2.42436e-08
lcl|NW_015386370.1_cds_XP_015687512.1_2941	1605	1634.32	267	15.2151
lcl|NW_015386370.1_cds_XP_015687513.1_2942	1611	1623.67	12	0.688313
lcl|NW_015386370.1_cds_XP_015687514.1_2943	744	672.936	10	1.38397
lcl|NW_015386370.1_cds_XP_015687517.1_2944	750	639.938	61.1342	8.89708
lcl|NW_015386370.1_cds_XP_015687516.1_2945	891	781.502	338.866	40.383
lcl|NW_015386370.1_cds_XP_015687518.1_2946	2385	2428.3	210	8.05414
lcl|NW_015386370.1_cds_XP_015687519.1_2947	2229	2217.2	337	14.1555
lcl|NW_015386370.1_cds_XP_015687520.2_2948	2610	2644.65	91	3.20461
lcl|NW_015386370.1_cds_XP_029143146.1_2949	1080	1049.51	63	5.59058
lcl|NW_015386370.1_cds_XP_015687477.2_2950	363	311.987	282	84.181
lcl|NW_015386370.1_cds_XP_029143150.1_2951	1788	1749.95	0	0
lcl|NW_015386370.1_cds_XP_029143151.1_2952	897	858.949	0	0
lcl|NW_015386370.1_cds_XP_029143152.1_2953	5490	5451.95	0	0
lcl|NW_015386370.1_cds_XP_015687521.1_2954	1383	1335.16	7	0.488278
lcl|NW_015386371.1_cds_XP_029143153.1_2955	2160	2121.77	46	2.01911
lcl|NW_015386371.1_cds_XP_015687532.1_2956	607	582.995	30.0715	4.80388
lcl|NW_015386372.1_cds_XP_015687539.1_2957	855	794.984	99	11.5979
lcl|NW_015386372.1_cds_XP_015687533.1_2958	1830	1768.65	98.8831	5.20694
lcl|NW_015386372.1_cds_XP_029143154.1_2959	1449	1343.73	650.61	45.093
lcl|NW_015386372.1_cds_XP_015687535.1_2960	1101	1034.65	22	1.9803
lcl|NW_015386372.1_cds_XP_015687536.1_2961	2223	2250.28	1033	42.7529
lcl|NW_015386372.1_cds_XP_015687538.1_2962	1272	1216.64	396	30.3135
lcl|NW_015386373.1_cds_XP_015687558.1_2963	507	452.342	1	0.205889
lcl|NW_015386373.1_cds_XP_015687541.1_2964	915	846.531	90	9.9015
lcl|NW_015386373.1_cds_XP_029143156.1_2965	396	323.068	276	79.5641
lcl|NW_015386373.1_cds_XP_015687543.1_2966	561	492.719	651.839	123.209
lcl|NW_015386373.1_cds_XP_015687542.1_2967	666	605.857	0	0
lcl|NW_015386373.1_cds_XP_015687544.1_2968	708	657.973	17.1606	2.42899
lcl|NW_015386373.1_cds_XP_015687546.2_2969	1782	1776.6	237	12.4239
lcl|NW_015386373.1_cds_XP_015687547.1_2970	1215	1164.78	29	2.31877
lcl|NW_015386373.1_cds_XP_029143157.1_2971	1512	1426.21	15	0.979513
lcl|NW_015386373.1_cds_XP_015687550.1_2972	1281	1308.3	17	1.21016
lcl|NW_015386373.1_cds_XP_015687551.1_2973	321	270.347	112	38.5832
lcl|NW_015386373.1_cds_XP_015687552.1_2974	408	375.026	408	101.321
lcl|NW_015386373.1_cds_XP_015687560.1_2975	399	360.949	0	0
lcl|NW_015386373.1_cds_XP_029143155.1_2976	159	102.719	2	1.81335
lcl|NW_015386373.1_cds_XP_015687553.1_2977	399	355.932	1610	421.269
lcl|NW_015386373.1_cds_XP_015687554.1_2978	837	816.497	49.7329	5.67271
lcl|NW_015386373.1_cds_XP_015687555.1_2979	804	741.763	320	40.1778
lcl|NW_015386373.1_cds_XP_015687556.1_2980	666	592.955	156.431	24.5698
lcl|NW_015386373.1_cds_XP_015687540.1_2981	444	399.639	73.5689	17.1446
lcl|NW_015386373.1_cds_XP_015687557.1_2982	1044	986.989	453	42.7452
lcl|NW_015386374.1_cds_XP_015687561.1_2983	1443	1382.5	142	9.56585
lcl|NW_015386374.1_cds_XP_015687563.1_2984	747	709.559	252	33.076
lcl|NW_015386374.1_cds_XP_015687562.1_2985	2007	1879.68	460	22.7916
lcl|NW_015386375.1_cds_XP_029143159.1_2986	243	204.949	0	0
lcl|NW_015386375.1_cds_XP_029143160.1_2987	816	777.949	0	0
lcl|NW_015386375.1_cds_XP_015687564.1_2988	2598	2612.8	33	1.17628
lcl|NW_015386375.1_cds_XP_015687566.1_2989	585	562.208	6	0.99393
lcl|NW_015386375.1_cds_XP_015687567.1_2990	729	671.138	186	25.8109
lcl|NW_015386375.1_cds_XP_015687565.1_2991	1815	1830.51	4	0.203511
lcl|NW_015386376.1_cds_XP_015687572.1_2992	384	330.585	91	25.6366
lcl|NW_015386376.1_cds_XP_015687568.1_2993	7287	7450.05	281	3.51276
lcl|NW_015386376.1_cds_XP_015687569.1_2994	1146	1148.83	63	5.10725
lcl|NW_015386376.1_cds_XP_015687573.1_2995	1185	1107.75	13	1.09296
lcl|NW_015386376.1_cds_XP_015687571.1_2996	3405	3431.76	702	19.0512
lcl|NW_015386376.1_cds_XP_015687574.1_2997	1230	1130.77	52	4.28282
lcl|NW_015386377.1_cds_XP_015687575.1_2998	500	415.09	55	12.3402
lcl|NW_015386377.1_cds_XP_015687581.1_2999	5844	5548.22	7081	118.862
lcl|NW_015386377.1_cds_XP_029143162.1_3000	1554	1441.43	1	0.064611
lcl|NW_015386377.1_cds_XP_015687577.1_3001	2226	2167.41	8	0.343756
lcl|NW_015386377.1_cds_XP_029143161.1_3002	2739	2575.17	19	0.687147
lcl|NW_015386377.1_cds_XP_015687579.1_3003	663	639.324	1	0.145673
lcl|NW_015386377.1_cds_XP_029143163.1_3004	1224	1185.95	0	0
lcl|NW_015386378.1_cds_XP_015687583.1_3005	1668	1515.25	32.0621	1.97065
lcl|NW_015386378.1_cds_XP_015687587.1_3006	477	426.052	47.0801	10.2914
lcl|NW_015386378.1_cds_XP_015687584.1_3007	945	857.731	72.3132	7.85177
lcl|NW_015386378.1_cds_XP_029143165.1_3008	840	763.111	16	1.95269
lcl|NW_015386378.1_cds_XP_015687588.1_3009	1932	1753.79	15	0.796556
lcl|NW_015386378.1_cds_XP_015687586.1_3010	276	231.568	24	9.65237
lcl|NW_015386379.1_cds_XP_015687590.1_3011	969	926.686	173.306	17.4174
lcl|NW_015386379.1_cds_XP_015687591.1_3012	966	924.302	680.898	68.6072
lcl|NW_015386379.1_cds_XP_015687592.1_3013	2172	2201.51	115	4.86494
lcl|NW_015386380.1_cds_XP_015687594.1_3014	759	718.859	8.17592	1.05924
lcl|NW_015386380.1_cds_XP_015687595.1_3015	2724	2726.14	98	3.34796
lcl|NW_015386381.1_cds_XP_015687598.1_3016	1383	1366.38	174	11.8598
lcl|NW_015386381.1_cds_XP_015687596.1_3017	1584	1545.95	0	0
lcl|NW_015386382.1_cds_XP_015687599.1_3018	5167	5482.12	1	0.0169884
lcl|NW_015386382.1_cds_XP_015687604.1_3019	558	471.228	2	0.395276
lcl|NW_015386382.1_cds_XP_015687603.2_3020	1284	1295.37	6	0.431379
lcl|NW_015386382.1_cds_XP_015687605.1_3021	1965	1912.98	840	40.8951
lcl|NW_015386382.1_cds_XP_029143168.1_3022	1071	1032.95	0	0
lcl|NW_015386382.1_cds_XP_015687607.2_3023	810	745.499	164.043	20.4933
lcl|NW_015386382.1_cds_XP_015687608.1_3024	696	645.519	37.9573	5.4763
lcl|NW_015386382.1_cds_XP_015687606.1_3025	2334	2376.35	2	0.0783829
lcl|NW_015386382.1_cds_XP_029143169.1_3026	2595	2625.12	1	0.0354774
lcl|NW_015386382.1_cds_XP_015687611.1_3027	1209	1170.95	0	0
lcl|NW_015386382.1_cds_XP_029143167.1_3028	3537	3525.27	0	0
lcl|NW_015386382.1_cds_XP_029143166.1_3029	3672	3679.05	2.31533	0.058611
lcl|NW_015386382.1_cds_XP_015687613.1_3030	3684	3683.71	0.684669	0.01731
lcl|NW_015386382.1_cds_XP_015687612.1_3031	3762	3768.59	0	0
lcl|NW_015386382.1_cds_XP_015687602.1_3032	1725	1751.16	1	0.0531833
lcl|NW_015386383.1_cds_XP_015687624.1_3033	870	831.949	0	0
lcl|NW_015386383.1_cds_XP_015687623.1_3034	891	852.949	0	0
lcl|NW_015386383.1_cds_XP_015687615.1_3035	2208	2187.16	743	31.638
lcl|NW_015386383.1_cds_XP_015687619.1_3036	1464	1472.58	76.5305	4.84013
lcl|NW_015386383.1_cds_XP_015687618.1_3037	1464	1468.62	80.4695	5.10298
lcl|NW_015386383.1_cds_XP_015687620.1_3038	1206	1160.28	29	2.32775
lcl|NW_015386383.1_cds_XP_029143171.1_3039	960	909.662	5	0.511907
lcl|NW_015386383.1_cds_XP_015687627.1_3040	1461	1383.22	2.57724e-06	1.73526e-07
lcl|NW_015386383.1_cds_XP_015687626.1_3041	1464	1386.71	2.67569e-07	1.79701e-08
lcl|NW_015386383.1_cds_XP_029143170.1_3042	1437	1362.17	3	0.205112
lcl|NW_015386383.1_cds_XP_029143172.1_3043	2232	2204.1	7	0.29578
lcl|NW_015386383.1_cds_XP_015687621.1_3044	1254	1277.87	150	10.9321
lcl|NW_015386383.1_cds_XP_015687614.2_3045	954	901.194	3	0.31003
lcl|NW_015386383.1_cds_XP_015687630.2_3046	1491	1414.48	6	0.395053
lcl|NW_015386383.1_cds_XP_015687622.1_3047	2196	2161.97	66	2.84313
lcl|NW_015386384.1_cds_XP_015687631.1_3048	1728	1746.3	99.2073	5.29085
lcl|NW_015386385.1_cds_XP_015687634.1_3049	1419	1430.02	106	6.90344
lcl|NW_015386385.1_cds_XP_015687632.1_3050	3228	3298.94	44	1.24216
lcl|NW_015386385.1_cds_XP_015687635.1_3051	1650	1639.35	55424	3148.67
lcl|NW_015386385.1_cds_XP_015687636.1_3052	3417	3487.81	316	8.43793
lcl|NW_015386385.1_cds_XP_015687633.1_3053	1110	1084.62	1	0.0858667
lcl|NW_015386385.1_cds_XP_015687637.1_3054	7539	7552.67	63	0.776858
lcl|NW_015386386.1_cds_XP_015687652.1_3055	2151	2204.93	54	2.28086
lcl|NW_015386386.1_cds_XP_015687641.1_3056	1434	1472.69	378.519	23.9374
lcl|NW_015386386.1_cds_XP_015687642.1_3057	1434	1472.95	207.547	13.1229
lcl|NW_015386386.1_cds_XP_015687640.1_3058	1437	1476.18	0.00249885	0.000157654
lcl|NW_015386386.1_cds_XP_015687643.1_3059	339	305.002	7.93173	2.42196
lcl|NW_015386386.1_cds_XP_015687644.1_3060	4896	4976.17	15	0.280735
lcl|NW_015386386.1_cds_XP_029143174.1_3061	1458	1333.03	94	6.56736
lcl|NW_015386386.1_cds_XP_015687645.1_3062	3150	3147.68	4	0.118351
lcl|NW_015386386.1_cds_XP_015687653.1_3063	399	360.949	0	0
lcl|NW_015386386.1_cds_XP_015687654.2_3064	417	378.949	0	0
lcl|NW_015386386.1_cds_XP_015687655.1_3065	1197	1265.27	1	0.0736068
lcl|NW_015386386.1_cds_XP_015687656.1_3066	1137	1096.04	4	0.339889
lcl|NW_015386386.1_cds_XP_015687657.1_3067	1839	1774.69	12	0.62974
lcl|NW_015386386.1_cds_XP_015687646.1_3068	279	263.639	406	143.423
lcl|NW_015386386.1_cds_XP_029143173.1_3069	2376	2259.38	300	12.3661
lcl|NW_015386386.1_cds_XP_015687648.1_3070	3621	3607.26	47	1.21345
lcl|NW_015386386.1_cds_XP_015687649.1_3071	3738	3722.32	0	0
lcl|NW_015386386.1_cds_XP_015687651.1_3072	1110	1024.51	67	6.09062
lcl|NW_015386387.1_cds_XP_015687660.1_3073	558	526.27	50.5783	8.9507
lcl|NW_015386387.1_cds_XP_015687661.1_3074	525	492.9	26.4217	4.99232
lcl|NW_015386387.1_cds_XP_015687667.1_3075	1407	1304.5	33.9685	2.42513
lcl|NW_015386387.1_cds_XP_015687666.1_3076	1485	1387.64	0	0
lcl|NW_015386387.1_cds_XP_015687663.1_3077	2817	2771.45	282.024	9.47719
lcl|NW_015386387.1_cds_XP_015687665.1_3078	2631	2597.03	6.16309	0.221015
lcl|NW_015386387.1_cds_XP_015687664.1_3079	2802	2773.53	583.844	19.605
lcl|NW_015386387.1_cds_XP_015687662.1_3080	2895	2856.66	4.51644e-06	1.47244e-07
lcl|NW_015386387.1_cds_XP_029143175.1_3081	1044	984.539	25	2.36488
lcl|NW_015386387.1_cds_XP_015687668.1_3082	444	394.961	92.272	21.7579
lcl|NW_015386387.1_cds_XP_015687669.1_3083	417	378.796	9.59457	2.35896
lcl|NW_015386387.1_cds_XP_015687670.1_3084	414	370.782	47.1335	11.8389
lcl|NW_015386387.1_cds_XP_015687672.1_3085	414	354.75	31	8.13844
lcl|NW_015386387.1_cds_XP_015687671.1_3086	1326	1313.47	40	2.83624
lcl|NW_015386388.1_cds_XP_015687789.1_3087	669	648.496	2	0.287226
lcl|NW_015386388.1_cds_XP_015687695.1_3088	2811	2855.71	6	0.195677
lcl|NW_015386388.1_cds_XP_015687696.1_3089	3525	3561.96	2	0.0522928
lcl|NW_015386388.1_cds_XP_015687697.1_3090	1269	1217.28	172.596	13.2051
lcl|NW_015386388.1_cds_XP_015687698.1_3091	2205	2158.22	112	4.83308
lcl|NW_015386388.1_cds_XP_015687790.1_3092	1068	1029.95	0	0
lcl|NW_015386388.1_cds_XP_015687674.2_3093	1107	1044.26	1	0.0891852
lcl|NW_015386388.1_cds_XP_015687700.1_3094	639	577.852	225.406	36.3287
lcl|NW_015386388.1_cds_XP_029143179.1_3095	498	430.926	65.5943	14.1764
lcl|NW_015386388.1_cds_XP_029143189.1_3096	1314	1275.95	0	0
lcl|NW_015386388.1_cds_XP_015687675.1_3097	390	351.949	0	0
lcl|NW_015386388.1_cds_XP_015687701.1_3098	2379	2434.29	8	0.306069
lcl|NW_015386388.1_cds_XP_015687702.1_3099	1215	1173.58	88	6.9835
lcl|NW_015386388.1_cds_XP_015687704.1_3100	2253	2228.67	50.0507	2.09154
lcl|NW_015386388.1_cds_XP_015687676.1_3101	1650	1656.9	66	3.70979
lcl|NW_015386388.1_cds_XP_015687791.1_3102	1536	1497.95	0	0
lcl|NW_015386388.1_cds_XP_015687708.1_3103	588	560.276	48	7.97885
lcl|NW_015386388.1_cds_XP_015687709.1_3104	588	560.276	48	7.97885
lcl|NW_015386388.1_cds_XP_015687705.1_3105	1536	1449.88	5.6098e-08	3.60345e-09
lcl|NW_015386388.1_cds_XP_015687706.1_3106	1524	1439.8	566.976	36.6745
lcl|NW_015386388.1_cds_XP_015687707.1_3107	1359	1269.71	111.024	8.14351
lcl|NW_015386388.1_cds_XP_015687710.1_3108	1269	1168.21	31	2.4714
lcl|NW_015386388.1_cds_XP_015687711.1_3109	1815	1747.56	34	1.81196
lcl|NW_015386388.1_cds_XP_015687713.1_3110	3306	3352.81	389	10.8054
lcl|NW_015386388.1_cds_XP_015687677.1_3111	1314	1345.49	95.2672	6.59422
lcl|NW_015386388.1_cds_XP_015687678.1_3112	1236	1289.23	76.7328	5.5431
lcl|NW_015386388.1_cds_XP_015687716.1_3113	885	910.416	603.5	61.736
lcl|NW_015386388.1_cds_XP_015687717.1_3114	885	910.416	603.5	61.736
lcl|NW_015386388.1_cds_XP_015687714.1_3115	1674	1721.59	8.7658	0.474202
lcl|NW_015386388.1_cds_XP_015687715.1_3116	1692	1741.95	80.2342	4.28968
lcl|NW_015386388.1_cds_XP_015687718.1_3117	2028	2026.66	116	5.33064
lcl|NW_015386388.1_cds_XP_015687719.1_3118	2025	2024.35	0	0
lcl|NW_015386388.1_cds_XP_015687720.1_3119	1377	1356.99	65	4.46107
lcl|NW_015386388.1_cds_XP_015687721.1_3120	900	911.453	69	7.05044
lcl|NW_015386388.1_cds_XP_015687722.1_3121	1026	1034.73	14.4375	1.29947
lcl|NW_015386388.1_cds_XP_015687723.1_3122	2280	2193.52	371.928	15.7913
lcl|NW_015386388.1_cds_XP_029143180.1_3123	2700	2719.4	117	4.00695
lcl|NW_015386388.1_cds_XP_015687794.1_3124	1335	1296.95	0	0
lcl|NW_015386388.1_cds_XP_015687792.1_3125	1341	1302.95	0	0
lcl|NW_015386388.1_cds_XP_015687727.1_3126	1023	997.361	398.31	37.1937
lcl|NW_015386388.1_cds_XP_015687726.1_3127	1068	1048.44	366.69	32.5731
lcl|NW_015386388.1_cds_XP_029143182.1_3128	1236	1216.29	7	0.535995
lcl|NW_015386388.1_cds_XP_015687730.1_3129	1650	1654.11	29	1.63281
lcl|NW_015386388.1_cds_XP_015687729.1_3130	1308	1254.3	7	0.519754
lcl|NW_015386388.1_cds_XP_015687733.1_3131	2499	2495.06	72.3454	2.70042
lcl|NW_015386388.1_cds_XP_015687732.1_3132	2502	2497.51	29.4029	1.09644
lcl|NW_015386388.1_cds_XP_015687734.1_3133	570	508.862	7566	1384.74
lcl|NW_015386388.1_cds_XP_029143190.1_3134	1953	1928.05	3	0.144912
lcl|NW_015386388.1_cds_XP_015687737.1_3135	591	525.929	18518	3279.2
lcl|NW_015386388.1_cds_XP_015687795.1_3136	1230	1160.7	2	0.160477
lcl|NW_015386388.1_cds_XP_029143176.1_3137	1443	1489.65	5	0.312598
lcl|NW_015386388.1_cds_XP_015687738.1_3138	1311	1302.03	15	1.07293
lcl|NW_015386388.1_cds_XP_015687739.1_3139	4776	4858.21	245	4.69668
lcl|NW_015386388.1_cds_XP_015687740.1_3140	4458	4480.28	104	2.16187
lcl|NW_015386388.1_cds_XP_015687797.1_3141	1059	1020.95	0	0
lcl|NW_015386388.1_cds_XP_015687741.1_3142	702	667.837	80	11.1563
lcl|NW_015386388.1_cds_XP_029143183.1_3143	699	665.083	1.76848e-07	2.47643e-08
lcl|NW_015386388.1_cds_XP_015687743.1_3144	1329	1290.64	162	11.6899
lcl|NW_015386388.1_cds_XP_015687680.2_3145	726	690.849	13	1.75252
lcl|NW_015386388.1_cds_XP_015687744.1_3146	546	502.346	3041	563.787
lcl|NW_015386388.1_cds_XP_015687681.1_3147	825	734.049	1	0.126875
lcl|NW_015386388.1_cds_XP_015687745.1_3148	972	921.34	22	2.22384
lcl|NW_015386388.1_cds_XP_015687746.1_3149	3696	3811.38	109	2.66346
lcl|NW_015386388.1_cds_XP_015687748.1_3150	342	294.942	74	23.3666
lcl|NW_015386388.1_cds_XP_015687749.1_3151	1626	1611.1	355	20.5214
lcl|NW_015386388.1_cds_XP_015687682.1_3152	957	918.949	0	0
lcl|NW_015386388.1_cds_XP_015687683.1_3153	1602	1606.65	1	0.057967
lcl|NW_015386388.1_cds_XP_015687684.2_3154	963	924.949	0	0
lcl|NW_015386388.1_cds_XP_029143191.1_3155	1350	1311.95	0	0
lcl|NW_015386388.1_cds_XP_015687798.1_3156	783	744.949	0	0
lcl|NW_015386388.1_cds_XP_015687750.1_3157	462	441.814	29	6.11308
lcl|NW_015386388.1_cds_XP_015687751.1_3158	1362	1359.41	75	5.13823
lcl|NW_015386388.1_cds_XP_015687752.1_3159	1566	1528.14	1744	106.288
lcl|NW_015386388.1_cds_XP_029143192.1_3160	708	669.949	0	0
lcl|NW_015386388.1_cds_XP_015687753.1_3161	2994	3044.4	126	3.85452
lcl|NW_015386388.1_cds_XP_015687685.1_3162	1698	1593.16	13.9562	0.815846
lcl|NW_015386388.1_cds_XP_015687754.1_3163	1794	1743.75	119	6.35571
lcl|NW_015386388.1_cds_XP_015687755.1_3164	1050	977.9	5	0.476186
lcl|NW_015386388.1_cds_XP_015687756.1_3165	2124	2122.13	182	7.9873
lcl|NW_015386388.1_cds_XP_029143193.1_3166	1899	1843.91	5	0.252541
lcl|NW_015386388.1_cds_XP_015687759.1_3167	1320	1315.62	29	2.05291
lcl|NW_015386388.1_cds_XP_015687760.1_3168	1713	1684.36	6	0.331755
lcl|NW_015386388.1_cds_XP_015687761.1_3169	1377	1388.44	29.3492	1.96866
lcl|NW_015386388.1_cds_XP_015687799.1_3170	918	879.949	0	0
lcl|NW_015386388.1_cds_XP_015687762.1_3171	4461	4409.03	8	0.168985
lcl|NW_015386388.1_cds_XP_015687763.1_3172	786	738.702	12	1.51291
lcl|NW_015386388.1_cds_XP_015687764.1_3173	2124	2174.82	57	2.44091
lcl|NW_015386388.1_cds_XP_029143194.1_3174	1251	1230.48	1	0.0756882
lcl|NW_015386388.1_cds_XP_015687765.1_3175	1239	1177.79	118	9.33074
lcl|NW_015386388.1_cds_XP_029143177.1_3176	846	807.949	0	0
lcl|NW_015386388.1_cds_XP_015687766.1_3177	1377	1314.81	12	0.849999
lcl|NW_015386388.1_cds_XP_015687767.1_3178	1401	1367.84	1	0.0680871
lcl|NW_015386388.1_cds_XP_029143185.1_3179	1494	1455.95	0	0
lcl|NW_015386388.1_cds_XP_015687687.2_3180	1671	1632.95	0	0
lcl|NW_015386388.1_cds_XP_015687802.1_3181	1062	1023.95	0	0
lcl|NW_015386388.1_cds_XP_015687768.1_3182	1287	1178.2	43	3.399
lcl|NW_015386388.1_cds_XP_015687770.2_3183	2787	2820.15	963	31.8021
lcl|NW_015386388.1_cds_XP_029143186.1_3184	942	913.401	4	0.40785
lcl|NW_015386388.1_cds_XP_015687803.1_3185	1374	1335.95	0	0
lcl|NW_015386388.1_cds_XP_029143178.1_3186	1068	1029.95	0	0
lcl|NW_015386388.1_cds_XP_015687773.1_3187	1410	1389.79	86	5.76303
lcl|NW_015386388.1_cds_XP_029143187.1_3188	1368	1339.93	9	0.625547
lcl|NW_015386388.1_cds_XP_015687806.2_3189	1383	1362.62	2.96213e-06	2.02457e-07
lcl|NW_015386388.1_cds_XP_015687690.2_3190	1233	1194.95	0	0
lcl|NW_015386388.1_cds_XP_015687774.1_3191	342	292.795	3726	1185.17
lcl|NW_015386388.1_cds_XP_015687807.1_3192	309	270.949	0	0
lcl|NW_015386388.1_cds_XP_029143195.1_3193	1344	1295.69	4	0.287516
lcl|NW_015386388.1_cds_XP_015687775.1_3194	2235	2242.32	207.5	8.6183
lcl|NW_015386388.1_cds_XP_015687776.1_3195	2235	2242.32	207.5	8.6183
lcl|NW_015386388.1_cds_XP_015687777.1_3196	2235	2242.32	207.5	8.6183
lcl|NW_015386388.1_cds_XP_015687778.1_3197	2235	2242.32	207.5	8.6183
lcl|NW_015386388.1_cds_XP_029143196.1_3198	2637	2640.41	2	0.0705441
lcl|NW_015386388.1_cds_XP_015687780.1_3199	813	788.439	8	0.944981
lcl|NW_015386388.1_cds_XP_015687691.1_3200	444	405.949	0	0
lcl|NW_015386388.1_cds_XP_015687782.2_3201	1380	1341.95	0	0
lcl|NW_015386388.1_cds_XP_029143197.1_3202	1275	1225.53	1	0.0759938
lcl|NW_015386388.1_cds_XP_015687783.1_3203	1530	1437.01	94	6.09211
lcl|NW_015386388.1_cds_XP_015687784.1_3204	1221	1205.13	1039	80.2939
lcl|NW_015386388.1_cds_XP_015687785.1_3205	2520	2396.65	638	24.7923
lcl|NW_015386388.1_cds_XP_029143198.1_3206	957	969.378	1	0.0960745
lcl|NW_015386388.1_cds_XP_015687787.1_3207	546	523.544	7.12692	1.2678
lcl|NW_015386388.1_cds_XP_015687786.1_3208	549	525.63	20.8731	3.69835
lcl|NW_015386388.1_cds_XP_015687788.1_3209	537	504.194	0	0
lcl|NW_015386388.1_cds_XP_015687693.1_3210	1545	1429.75	3	0.195417
lcl|NW_015386388.1_cds_XP_015687694.1_3211	758	719.949	0	0
lcl|NW_015386389.1_cds_XP_015687829.1_3212	945	914.4	95	9.67584
lcl|NW_015386389.1_cds_XP_015687809.1_3213	843	811.107	42	4.8225
lcl|NW_015386389.1_cds_XP_015687825.1_3214	3030	3094.79	215	6.47007
lcl|NW_015386389.1_cds_XP_015687830.1_3215	2193	2057.96	41	1.85545
lcl|NW_015386389.1_cds_XP_015687831.1_3216	1164	1125.95	0	0
lcl|NW_015386389.1_cds_XP_015687832.1_3217	1083	1044.95	0	0
lcl|NW_015386389.1_cds_XP_029143199.1_3218	14226	13704.1	93	0.632025
lcl|NW_015386389.1_cds_XP_015687811.1_3219	1320	1153.94	36	2.90549
lcl|NW_015386389.1_cds_XP_015687812.1_3220	1017	919.978	13	1.31603
lcl|NW_015386389.1_cds_XP_015687813.1_3221	1533	1494.95	0	0
lcl|NW_015386389.1_cds_XP_015687833.1_3222	1023	984.949	0	0
lcl|NW_015386389.1_cds_XP_029143200.1_3223	5202	5032.13	126	2.33196
lcl|NW_015386389.1_cds_XP_015687835.1_3224	645	537.751	0	0
lcl|NW_015386389.1_cds_XP_015687834.1_3225	693	577.364	434	70.0069
lcl|NW_015386389.1_cds_XP_029143202.1_3226	459	358.59	13	3.37634
lcl|NW_015386389.1_cds_XP_015687816.1_3227	3801	3565.85	38	0.992481
lcl|NW_015386389.1_cds_XP_015687817.2_3228	1275	1236.95	0	0
lcl|NW_015386389.1_cds_XP_015687819.1_3229	1185	1081.16	2	0.172283
lcl|NW_015386389.1_cds_XP_015687828.1_3230	2280	2164.88	73	3.14044
lcl|NW_015386389.1_cds_XP_015687821.2_3231	2892	2693.64	182	6.29264
lcl|NW_015386389.1_cds_XP_029143201.1_3232	1515	1403.9	5	0.331692
lcl|NW_015386389.1_cds_XP_015687836.1_3233	225	152.645	97	59.1821
lcl|NW_015386389.1_cds_XP_015687823.1_3234	1341	1284.11	7	0.50769
lcl|NW_015386389.1_cds_XP_015687824.1_3235	2322	2180.87	1	0.0427044
lcl|NW_015386390.1_cds_XP_015687846.1_3236	972	904.106	92	9.47697
lcl|NW_015386390.1_cds_XP_029143206.1_3237	3219	3129.06	48.2362	1.43569
lcl|NW_015386390.1_cds_XP_015687847.1_3238	921	927.081	38	3.8174
lcl|NW_015386390.1_cds_XP_015687848.1_3239	1227	1174.41	11	0.872315
lcl|NW_015386390.1_cds_XP_029143203.1_3240	1935	1896.95	0	0
lcl|NW_015386390.1_cds_XP_015687840.1_3241	843	804.949	0	0
lcl|NW_015386390.1_cds_XP_015687850.1_3242	711	626.972	17	2.52524
lcl|NW_015386390.1_cds_XP_015687841.1_3243	1446	1298.79	1	0.0717074
lcl|NW_015386390.1_cds_XP_029143204.1_3244	2343	2304.95	0	0
lcl|NW_015386390.1_cds_XP_015687851.1_3245	1419	1310.43	2	0.142141
lcl|NW_015386390.1_cds_XP_015687852.1_3246	996	903.842	67	6.90373
lcl|NW_015386390.1_cds_XP_015687853.1_3247	996	903.842	67	6.90373
lcl|NW_015386390.1_cds_XP_015687854.1_3248	945	915.593	626.512	63.7277
lcl|NW_015386390.1_cds_XP_029143207.1_3249	813	795.758	1250.49	146.352
lcl|NW_015386390.1_cds_XP_015687855.1_3250	786	769.28	182	22.0338
lcl|NW_015386390.1_cds_XP_015687856.1_3251	876	830.856	11	1.23301
lcl|NW_015386390.1_cds_XP_015687842.1_3252	990	951.949	0	0
lcl|NW_015386390.1_cds_XP_015687857.1_3253	3651	3549.01	1602	42.0394
lcl|NW_015386390.1_cds_XP_015687874.1_3254	1590	1547.85	1	0.0601691
lcl|NW_015386390.1_cds_XP_015687873.1_3255	1986	1939.66	0	0
lcl|NW_015386390.1_cds_XP_015687872.1_3256	2253	2210.53	0	0
lcl|NW_015386390.1_cds_XP_015687858.1_3257	1221	1159.78	1635	131.293
lcl|NW_015386390.1_cds_XP_015687861.1_3258	336	296.55	57	17.901
lcl|NW_015386390.1_cds_XP_015687862.1_3259	333	294.949	0	0
lcl|NW_015386390.1_cds_XP_015687843.1_3260	1113	1033.37	25	2.25313
lcl|NW_015386390.1_cds_XP_015687844.1_3261	1653	1523.53	4	0.244518
lcl|NW_015386390.1_cds_XP_029143208.1_3262	3129	3092.97	70	2.10777
lcl|NW_015386390.1_cds_XP_015687875.1_3263	441	423.057	239	52.6139
lcl|NW_015386390.1_cds_XP_015687876.1_3264	1179	1115.26	31	2.58873
lcl|NW_015386390.1_cds_XP_015687864.1_3265	1329	1279.68	143	10.4073
lcl|NW_015386390.1_cds_XP_015687877.1_3266	1125	1086.95	0	0
lcl|NW_015386390.1_cds_XP_015687878.1_3267	1347	1283.52	72	5.22433
lcl|NW_015386390.1_cds_XP_015687865.1_3268	10590	10641.6	39	0.341317
lcl|NW_015386390.1_cds_XP_015687866.1_3269	1959	1916.51	18	0.874709
lcl|NW_015386390.1_cds_XP_015687867.1_3270	1395	1394.73	0	0
lcl|NW_015386390.1_cds_XP_015687868.1_3271	1395	1401.12	0	0
lcl|NW_015386390.1_cds_XP_029143209.1_3272	1053	1046.57	0	0
lcl|NW_015386390.1_cds_XP_015687869.1_3273	1269	1265.57	3	0.220767
lcl|NW_015386390.1_cds_XP_015687845.1_3274	5866	5896.15	6.5114	0.102851
lcl|NW_015386391.1_cds_XP_015687965.1_3275	1458	1419.95	0	0
lcl|NW_015386391.1_cds_XP_015687964.1_3276	1470	1431.95	0	0
lcl|NW_015386391.1_cds_XP_029138765.1_3277	1428	1389.95	0	0
lcl|NW_015386391.1_cds_XP_015687880.1_3278	1986	1947.95	0	0
lcl|NW_015386391.1_cds_XP_029138766.1_3279	816	777.949	0	0
lcl|NW_015386391.1_cds_XP_015687966.1_3280	681	642.949	0	0
lcl|NW_015386391.1_cds_XP_015687883.1_3281	1164	1025.92	25	2.26949
lcl|NW_015386391.1_cds_XP_015687884.1_3282	1758	1521.59	179	10.9561
lcl|NW_015386391.1_cds_XP_015687885.1_3283	456	374.864	4	0.993774
lcl|NW_015386391.1_cds_XP_029138767.1_3284	5370	5084.19	11	0.201499
lcl|NW_015386391.1_cds_XP_015687919.1_3285	957	875.363	1580	168.101
lcl|NW_015386391.1_cds_XP_015687887.1_3286	858	815.636	3	0.342552
lcl|NW_015386391.1_cds_XP_015687920.1_3287	138	85.7933	472	512.377
lcl|NW_015386391.1_cds_XP_015687888.1_3288	711	635.23	2	0.293225
lcl|NW_015386391.1_cds_XP_015687967.1_3289	729	656.512	6	0.851158
lcl|NW_015386391.1_cds_XP_015687890.1_3290	1239	1200.95	0	0
lcl|NW_015386391.1_cds_XP_015687968.1_3291	591	484.141	2.35795	0.45359
lcl|NW_015386391.1_cds_XP_015687970.1_3292	420	354.988	18.642	4.89082
lcl|NW_015386391.1_cds_XP_015687891.1_3293	1410	1371.95	0	0
lcl|NW_015386391.1_cds_XP_015687923.1_3294	792	730.686	9062	1155.03
lcl|NW_015386391.1_cds_XP_015687922.1_3295	1107	1000.97	33	3.07039
lcl|NW_015386391.1_cds_XP_015687972.1_3296	3462	3305.62	7	0.197218
lcl|NW_015386391.1_cds_XP_015687971.1_3297	3639	3485.39	0	0
lcl|NW_015386391.1_cds_XP_029138768.1_3298	1206	1167.95	0	0
lcl|NW_015386391.1_cds_XP_029138769.1_3299	3867	3597.44	1	0.0258886
lcl|NW_015386391.1_cds_XP_029138770.1_3300	3453	3204.44	3	0.0871907
lcl|NW_015386391.1_cds_XP_015687973.1_3301	1248	1170.86	2	0.159084
lcl|NW_015386391.1_cds_XP_015687924.1_3302	2265	2099.36	24.6085	1.09169
lcl|NW_015386391.1_cds_XP_015687925.1_3303	2265	2100.74	14.3915	0.638022
lcl|NW_015386391.1_cds_XP_015687895.1_3304	1011	942.24	164	16.21
lcl|NW_015386391.1_cds_XP_015687974.1_3305	915	876.949	0	0
lcl|NW_015386391.1_cds_XP_015687975.1_3306	1305	1193.61	1	0.0780259
lcl|NW_015386391.1_cds_XP_015687896.1_3307	978	939.949	0	0
lcl|NW_015386391.1_cds_XP_015687926.1_3308	3108	3068.84	158	4.79496
lcl|NW_015386391.1_cds_XP_015687897.1_3309	5700	5508.18	70	1.18356
lcl|NW_015386391.1_cds_XP_015687927.1_3310	576	528.072	7	1.23454
lcl|NW_015386391.1_cds_XP_029138772.1_3311	1053	930.04	1	0.100138
lcl|NW_015386391.1_cds_XP_015687928.1_3312	1389	1231.49	90	6.80635
lcl|NW_015386391.1_cds_XP_029138773.1_3313	4296	3985.06	5	0.116852
lcl|NW_015386391.1_cds_XP_015687978.1_3314	840	741.969	5	0.627604
lcl|NW_015386391.1_cds_XP_015687979.1_3315	2577	2493.7	0	0
lcl|NW_015386391.1_cds_XP_015687980.2_3316	2331	2280.35	1	0.0408413
lcl|NW_015386391.1_cds_XP_015687982.1_3317	2391	2333.62	0	0
lcl|NW_015386391.1_cds_XP_015687983.1_3318	6036	5503.11	25.0485	0.423911
lcl|NW_015386391.1_cds_XP_015687898.1_3319	1041	1000.75	6	0.558374
lcl|NW_015386391.1_cds_XP_015687900.1_3320	570	502.833	1	0.185216
lcl|NW_015386391.1_cds_XP_015687984.1_3321	1266	1227.95	0	0
lcl|NW_015386391.1_cds_XP_015687930.1_3322	2571	2343.18	15.4324	0.613381
lcl|NW_015386391.1_cds_XP_015687931.1_3323	2529	2303.65	0	0
lcl|NW_015386391.1_cds_XP_015687932.1_3324	2475	2244.99	0	0
lcl|NW_015386391.1_cds_XP_015687933.1_3325	2418	2191.34	7.56757	0.321624
lcl|NW_015386391.1_cds_XP_029138774.1_3326	2841	2802.95	0	0
lcl|NW_015386391.1_cds_XP_015687985.1_3327	492	449.176	312	64.6903
lcl|NW_015386391.1_cds_XP_015687934.1_3328	1878	1781	125	6.53654
lcl|NW_015386391.1_cds_XP_015687936.1_3329	489	403.344	147	33.9425
lcl|NW_015386391.1_cds_XP_029138775.1_3330	1674	1437.37	6	0.388762
lcl|NW_015386391.1_cds_XP_015687903.1_3331	1620	1517.85	14	0.859016
lcl|NW_015386391.1_cds_XP_015687986.1_3332	1413	1354.78	1	0.0687438
lcl|NW_015386391.1_cds_XP_029138776.1_3333	2211	2064.54	10	0.451106
lcl|NW_015386391.1_cds_XP_015687904.1_3334	1398	1359.95	0	0
lcl|NW_015386391.1_cds_XP_015687988.1_3335	594	513.712	10	1.81293
lcl|NW_015386391.1_cds_XP_015687937.1_3336	1887	1734.61	77	4.13419
lcl|NW_015386391.1_cds_XP_029138777.1_3337	1131	1064.05	5	0.437634
lcl|NW_015386391.1_cds_XP_015687906.1_3338	1914	1855.4	11	0.552149
lcl|NW_015386391.1_cds_XP_015687989.1_3339	1842	1733.25	9	0.483596
lcl|NW_015386391.1_cds_XP_015687907.1_3340	2739	2421.98	24	0.922875
lcl|NW_015386391.1_cds_XP_015687938.1_3341	5979	5683.86	54	0.884813
lcl|NW_015386391.1_cds_XP_029138761.1_3342	1188	1134.1	29	2.38149
lcl|NW_015386391.1_cds_XP_029138763.1_3343	1230	1101.26	16	1.3531
lcl|NW_015386391.1_cds_XP_029143211.1_3344	2088	2049.95	0	0
lcl|NW_015386391.1_cds_XP_015687941.1_3345	552	486.819	9.38289	1.79503
lcl|NW_015386391.1_cds_XP_015687943.1_3346	1080	976.045	83.8248	7.99841
lcl|NW_015386391.1_cds_XP_015687942.1_3347	1116	1008.15	193.175	17.8455
lcl|NW_015386391.1_cds_XP_015687909.1_3348	747	708.949	0	0
lcl|NW_015386391.1_cds_XP_015687944.1_3349	1470	1328.76	33	2.31296
lcl|NW_015386391.1_cds_XP_015687911.1_3350	1647	1608.95	0	0
lcl|NW_015386391.1_cds_XP_015687945.1_3351	1098	1047.45	217	19.2943
lcl|NW_015386391.1_cds_XP_015687912.2_3352	645	588.853	16	2.53055
lcl|NW_015386391.1_cds_XP_015687947.1_3353	681	646.883	17	2.44751
lcl|NW_015386391.1_cds_XP_015687950.1_3354	648	610.167	87	13.2792
lcl|NW_015386391.1_cds_XP_015687949.1_3355	2697	2574.23	112	4.05202
lcl|NW_015386391.1_cds_XP_015687948.1_3356	1098	992.56	0	0
lcl|NW_015386391.1_cds_XP_015687951.1_3357	402	360.352	628	162.306
lcl|NW_015386391.1_cds_XP_015687990.1_3358	1791	1672.61	8	0.445449
lcl|NW_015386391.1_cds_XP_015687952.1_3359	894	819.625	16.5828	1.88427
lcl|NW_015386391.1_cds_XP_015687953.1_3360	846	770.199	15.7086	1.89949
lcl|NW_015386391.1_cds_XP_015687954.1_3361	846	770.199	15.7086	1.89949
lcl|NW_015386391.1_cds_XP_029138778.1_3362	2550	2300.2	14	0.566844
lcl|NW_015386391.1_cds_XP_029138779.1_3363	2754	2715.95	0	0
lcl|NW_015386391.1_cds_XP_015687913.1_3364	1179	1140.95	0	0
lcl|NW_015386391.1_cds_XP_015687955.1_3365	1362	1188.76	252	19.7428
lcl|NW_015386391.1_cds_XP_015687957.1_3366	612	556.429	29	4.85389
lcl|NW_015386391.1_cds_XP_015687958.1_3367	612	556.429	29	4.85389
lcl|NW_015386391.1_cds_XP_015687914.2_3368	774	723.304	3	0.386279
lcl|NW_015386391.1_cds_XP_015687959.1_3369	2328	2192.67	24	1.01939
lcl|NW_015386391.1_cds_XP_015687961.1_3370	1140	1088.44	0	0
lcl|NW_015386391.1_cds_XP_015687960.1_3371	1155	1108.4	173	14.5362
lcl|NW_015386391.1_cds_XP_015687915.1_3372	1986	1912.27	403	19.6272
lcl|NW_015386391.1_cds_XP_029143212.1_3373	1410	1371.95	0	0
lcl|NW_015386391.1_cds_XP_015687963.1_3374	717	657.389	9	1.27503
lcl|NW_015386391.1_cds_XP_015687962.1_3375	741	702.949	0	0
lcl|NW_015386391.1_cds_XP_029138780.1_3376	1215	1176.95	0	0
lcl|NW_015386391.1_cds_XP_015687916.1_3377	1416	1377.95	0	0
lcl|NW_015386391.1_cds_XP_015687917.1_3378	3291	3143.26	2	0.0592586
lcl|NW_015386391.1_cds_XP_029138781.1_3379	3363	3271.73	70	1.99261
lcl|NW_015386391.1_cds_XP_029143213.1_3380	1017	978.949	0	0
lcl|NW_015386391.1_cds_XP_015687993.1_3381	1056	1017.95	0	0
lcl|NW_015386392.1_cds_XP_015688008.1_3382	912	837.985	105.738	11.7515
lcl|NW_015386392.1_cds_XP_015688007.1_3383	966	892.084	490.71	51.2295
lcl|NW_015386392.1_cds_XP_015688006.1_3384	969	894.15	454.552	47.345
lcl|NW_015386392.1_cds_XP_015688009.1_3385	3249	3187.64	93	2.71716
lcl|NW_015386392.1_cds_XP_015688033.1_3386	981	942.949	0	0
lcl|NW_015386392.1_cds_XP_029138782.1_3387	2568	2316.61	74	2.97496
lcl|NW_015386392.1_cds_XP_015688010.1_3388	1470	1444.72	15	0.96696
lcl|NW_015386392.1_cds_XP_029138788.1_3389	1392	1362.82	6	0.410027
lcl|NW_015386392.1_cds_XP_029138789.1_3390	2385	2346.95	0	0
lcl|NW_015386392.1_cds_XP_015688035.1_3391	1281	1153.74	0	0
lcl|NW_015386392.1_cds_XP_029138783.1_3392	1239	1102.91	1.31287e-08	1.10862e-09
lcl|NW_015386392.1_cds_XP_015688034.1_3393	1221	1080.6	1	0.0861861
lcl|NW_015386392.1_cds_XP_029138785.1_3394	3630	3548.65	27	0.708602
lcl|NW_015386392.1_cds_XP_029138790.1_3395	552	513.949	0	0
lcl|NW_015386392.1_cds_XP_015687998.1_3396	927	888.949	0	0
lcl|NW_015386392.1_cds_XP_015688012.1_3397	822	794.596	597	69.9728
lcl|NW_015386392.1_cds_XP_015688036.1_3398	1077	1038.95	0	0
lcl|NW_015386392.1_cds_XP_015688013.1_3399	3210	3092.96	45.1557	1.35969
lcl|NW_015386392.1_cds_XP_015688015.1_3400	2604	2517.04	20	0.740015
lcl|NW_015386392.1_cds_XP_029138784.1_3401	1392	1365.81	51.9998	3.5458
lcl|NW_015386392.1_cds_XP_015688037.1_3402	1257	1221.17	0.000225056	1.71639e-05
lcl|NW_015386392.1_cds_XP_015688016.1_3403	816	754.182	45	5.55697
lcl|NW_015386392.1_cds_XP_029138786.1_3404	14493	14747.9	553	3.49219
lcl|NW_015386392.1_cds_XP_015688039.1_3405	1827	1772.98	9	0.472759
lcl|NW_015386392.1_cds_XP_015688020.1_3406	1719	1685.12	0.000855086	4.72586e-05
lcl|NW_015386392.1_cds_XP_015688019.1_3407	1695	1666.74	21.9991	1.22924
lcl|NW_015386392.1_cds_XP_015688021.1_3408	555	501.739	447	82.9719
lcl|NW_015386392.1_cds_XP_015688040.1_3409	1203	1164.95	0	0
lcl|NW_015386392.1_cds_XP_015688022.1_3410	1860	1804.01	113	5.83365
lcl|NW_015386392.1_cds_XP_015687999.2_3411	708	662.479	6	0.843492
lcl|NW_015386392.1_cds_XP_015688023.1_3412	1596	1502.77	124	7.68478
lcl|NW_015386392.1_cds_XP_029138791.1_3413	1599	1543.44	88	5.31001
lcl|NW_015386392.1_cds_XP_029138787.1_3414	1125	1067.74	24	2.09338
lcl|NW_015386392.1_cds_XP_015688027.1_3415	5916	5877.95	0	0
lcl|NW_015386392.1_cds_XP_015688000.1_3416	6003	5964.95	0	0
lcl|NW_015386392.1_cds_XP_029138792.1_3417	5082	5043.95	0	0
lcl|NW_015386392.1_cds_XP_015688028.1_3418	2034	2056.64	176.249	7.98125
lcl|NW_015386392.1_cds_XP_015688030.1_3419	1203	1154.51	48.7827	3.93522
lcl|NW_015386392.1_cds_XP_015688029.1_3420	1206	1157.39	305.217	24.5601
lcl|NW_015386392.1_cds_XP_015688002.1_3421	3951	3909.17	2	0.0476482
lcl|NW_015386392.1_cds_XP_015688041.1_3422	1746	1709.08	3	0.163478
lcl|NW_015386392.1_cds_XP_015688031.1_3423	7578	7566.45	65	0.80006
lcl|NW_015386392.1_cds_XP_015688004.1_3424	1653	1614.95	0	0
lcl|NW_015386392.1_cds_XP_015688005.2_3425	1644	1605.95	0	0
lcl|NW_015386392.1_cds_XP_015688032.1_3426	1599	1515.86	42	2.58042
lcl|NW_015386392.1_cds_XP_015688042.1_3427	903	864.949	0	0
lcl|NW_015386393.1_cds_XP_015688043.1_3428	1215	1233.2	4	0.302084
lcl|NW_015386393.1_cds_XP_015665434.1_3429	1062	1033.45	17	1.532
lcl|NW_015386393.1_cds_XP_015688044.1_3430	9345	9800.44	204	1.93859
lcl|NW_015386393.1_cds_XP_015665435.1_3431	1005	959.76	79	7.66595
lcl|NW_015386393.1_cds_XP_015665436.1_3432	219	209.026	236	105.151
lcl|NW_015386393.1_cds_XP_015665399.1_3433	942	943.611	5	0.49349
lcl|NW_015386393.1_cds_XP_015665437.1_3434	432	372.627	595.707	148.888
lcl|NW_015386393.1_cds_XP_015665438.1_3435	432	372.627	595.707	148.888
lcl|NW_015386393.1_cds_XP_015665440.1_3436	432	367.372	235.293	59.6491
lcl|NW_015386393.1_cds_XP_015665439.1_3437	432	367.372	235.293	59.6491
lcl|NW_015386393.1_cds_XP_015665442.1_3438	765	749.241	102.25	12.7099
lcl|NW_015386393.1_cds_XP_015665443.1_3439	765	749.241	102.25	12.7099
lcl|NW_015386393.1_cds_XP_015665444.1_3440	765	749.241	102.25	12.7099
lcl|NW_015386393.1_cds_XP_015665445.1_3441	765	749.241	102.25	12.7099
lcl|NW_015386393.1_cds_XP_029138796.1_3442	723	663.591	40	5.61385
lcl|NW_015386393.1_cds_XP_015665447.1_3443	2712	2723.11	199	6.80596
lcl|NW_015386393.1_cds_XP_015665448.2_3444	873	853.925	69	7.52542
lcl|NW_015386393.1_cds_XP_015665449.1_3445	1614	1557.33	85	5.08323
lcl|NW_015386393.1_cds_XP_015665400.1_3446	1479	1449.1	15	0.964038
lcl|NW_015386393.1_cds_XP_015665524.1_3447	321	279.82	14	4.65963
lcl|NW_015386393.1_cds_XP_015665525.1_3448	321	279.82	14	4.65963
lcl|NW_015386393.1_cds_XP_015665450.1_3449	1234	1209.92	859	66.1206
lcl|NW_015386393.1_cds_XP_015665451.1_3450	624	547.454	655.61	111.532
lcl|NW_015386393.1_cds_XP_015665452.1_3451	345	287.065	178	57.7485
lcl|NW_015386393.1_cds_XP_015665456.1_3452	855	790.798	4.41759	0.52026
lcl|NW_015386393.1_cds_XP_015665455.1_3453	750	665.083	249.582	34.9494
lcl|NW_015386393.1_cds_XP_015665454.1_3454	855	792.491	0	0
lcl|NW_015386393.1_cds_XP_015665457.1_3455	750	667.82	0	0
lcl|NW_015386393.1_cds_XP_029138797.1_3456	996	906.807	14	1.43785
lcl|NW_015386393.1_cds_XP_015665459.1_3457	2727	2620.3	156	5.54466
lcl|NW_015386393.1_cds_XP_015665401.1_3458	1197	1158.95	0	0
lcl|NW_015386393.1_cds_XP_029138806.1_3459	738	692.229	11	1.47994
lcl|NW_015386393.1_cds_XP_029138798.1_3460	1005	1008.7	47	4.33946
lcl|NW_015386393.1_cds_XP_015665461.1_3461	2625	2548.35	116	4.23936
lcl|NW_015386393.1_cds_XP_015665462.1_3462	1230	1130.62	12	0.988475
lcl|NW_015386393.1_cds_XP_015665526.1_3463	1827	1742.27	33	1.76401
lcl|NW_015386393.1_cds_XP_015665527.1_3464	228	195.75	68	32.3526
lcl|NW_015386393.1_cds_XP_015665463.1_3465	906	872.888	105	11.2029
lcl|NW_015386393.1_cds_XP_029138807.1_3466	765	726.949	0	0
lcl|NW_015386393.1_cds_XP_015665402.1_3467	4227	4188.95	0	0
lcl|NW_015386393.1_cds_XP_029138793.1_3468	3393	3302.55	6	0.169201
lcl|NW_015386393.1_cds_XP_015665530.2_3469	1176	1161.99	35	2.80522
lcl|NW_015386393.1_cds_XP_015665404.1_3470	5295	5339.22	20	0.348862
lcl|NW_015386393.1_cds_XP_015665464.1_3471	864	800.383	403	46.8931
lcl|NW_015386393.1_cds_XP_015665531.1_3472	2184	2134.42	33	1.43991
lcl|NW_015386393.1_cds_XP_015665532.1_3473	4434	4333.8	4	0.0859593
lcl|NW_015386393.1_cds_XP_029138808.1_3474	2052	2026.62	4	0.183818
lcl|NW_015386393.1_cds_XP_015665466.1_3475	1215	1169.55	16	1.2741
lcl|NW_015386393.1_cds_XP_015665405.1_3476	756	717.187	47	6.10333
lcl|NW_015386393.1_cds_XP_029138809.1_3477	3993	3860.33	45	1.08565
lcl|NW_015386393.1_cds_XP_029138799.1_3478	2988	2986.62	16	0.498932
lcl|NW_015386393.1_cds_XP_015665469.1_3479	792	707.575	69	9.08193
lcl|NW_015386393.1_cds_XP_015665534.1_3480	318	245.71	3128	1185.62
lcl|NW_015386393.1_cds_XP_029138800.1_3481	2295	2217.65	52	2.18379
lcl|NW_015386393.1_cds_XP_015665471.1_3482	1779	1738.76	204	10.9268
lcl|NW_015386393.1_cds_XP_015665535.1_3483	411	379.301	505	123.996
lcl|NW_015386393.1_cds_XP_015665406.2_3484	603	513.498	5	0.906844
lcl|NW_015386393.1_cds_XP_015665472.1_3485	576	519.415	309.5	55.4942
lcl|NW_015386393.1_cds_XP_015665474.1_3486	576	519.415	309.5	55.4942
lcl|NW_015386393.1_cds_XP_015665475.1_3487	1485	1455.02	54	3.45643
lcl|NW_015386393.1_cds_XP_029138810.1_3488	1128	1103.72	33	2.78456
lcl|NW_015386393.1_cds_XP_029138801.1_3489	6225	6095.32	126	1.9252
lcl|NW_015386393.1_cds_XP_015665536.1_3490	1023	979.869	91	8.64918
lcl|NW_015386393.1_cds_XP_015665537.1_3491	636	588.799	21	3.32165
lcl|NW_015386393.1_cds_XP_015665477.1_3492	663	609.337	62	9.47623
lcl|NW_015386393.1_cds_XP_029138811.1_3493	2328	2261.69	10	0.411782
lcl|NW_015386393.1_cds_XP_015665538.2_3494	912	873.949	0	0
lcl|NW_015386393.1_cds_XP_015665539.1_3495	420	353.384	207	54.5538
lcl|NW_015386393.1_cds_XP_015665479.1_3496	630	607.997	28	4.28902
lcl|NW_015386393.1_cds_XP_015665541.1_3497	975	930.402	6	0.600595
lcl|NW_015386393.1_cds_XP_015665542.1_3498	1155	1116.95	0	0
lcl|NW_015386393.1_cds_XP_015665543.1_3499	1671	1652.61	10	0.56355
lcl|NW_015386393.1_cds_XP_015665480.1_3500	1806	1696.13	97	5.32617
lcl|NW_015386393.1_cds_XP_015665544.1_3501	294	237.976	49	19.1763
lcl|NW_015386393.1_cds_XP_015665481.1_3502	309	271.823	177	60.6441
lcl|NW_015386393.1_cds_XP_015665409.1_3503	3357	3193.29	7	0.204156
lcl|NW_015386393.1_cds_XP_015665410.1_3504	1491	1422.4	1	0.0654755
lcl|NW_015386393.1_cds_XP_015665482.1_3505	1392	1249.8	182	13.5623
lcl|NW_015386393.1_cds_XP_015665545.1_3506	735	663.801	2	0.280604
lcl|NW_015386393.1_cds_XP_015665484.1_3507	786	747.949	0	0
lcl|NW_015386393.1_cds_XP_015665483.1_3508	795	731.845	1.42485	0.181323
lcl|NW_015386393.1_cds_XP_015665411.1_3509	528	489.058	1	0.190432
lcl|NW_015386393.1_cds_XP_015665547.1_3510	669	597.629	1.57515	0.245465
lcl|NW_015386393.1_cds_XP_015665412.1_3511	1293	1215.18	1650	126.457
lcl|NW_015386393.1_cds_XP_029138802.1_3512	2313	2253.03	12	0.49604
lcl|NW_015386393.1_cds_XP_015665487.1_3513	1671	1612.95	269	15.5322
lcl|NW_015386393.1_cds_XP_015665548.1_3514	2127	2014.43	1	0.0462327
lcl|NW_015386393.1_cds_XP_015665549.1_3515	774	707.393	59	7.7677
lcl|NW_015386393.1_cds_XP_015665551.1_3516	2508	2389.18	10	0.389809
lcl|NW_015386393.1_cds_XP_015665490.1_3517	819	771.344	58	7.00295
lcl|NW_015386393.1_cds_XP_015665413.1_3518	1104	1061.2	4	0.351045
lcl|NW_015386393.1_cds_XP_015665491.1_3519	1737	1639.29	27	1.53394
lcl|NW_015386393.1_cds_XP_015665492.1_3520	954	865.512	237	25.5022
lcl|NW_015386393.1_cds_XP_015665552.2_3521	519	471.012	1	0.197729
lcl|NW_015386393.1_cds_XP_015665493.1_3522	633	603.744	583	89.9325
lcl|NW_015386393.1_cds_XP_015665494.1_3523	633	603.744	583	89.9325
lcl|NW_015386393.1_cds_XP_029138812.1_3524	3417	3373.12	14	0.386543
lcl|NW_015386393.1_cds_XP_015665495.1_3525	912	843.066	25	2.76172
lcl|NW_015386393.1_cds_XP_015665415.1_3526	750	686.897	3	0.406753
lcl|NW_015386393.1_cds_XP_029138813.1_3527	3606	3575.81	6	0.156271
lcl|NW_015386393.1_cds_XP_015665496.1_3528	2217	2069.27	17	0.765125
lcl|NW_015386393.1_cds_XP_015665553.2_3529	1068	1015.2	1	0.0917383
lcl|NW_015386393.1_cds_XP_015665417.1_3530	1020	981.949	0	0
lcl|NW_015386393.1_cds_XP_015665554.1_3531	948	858.52	17	1.84417
lcl|NW_015386393.1_cds_XP_015665497.1_3532	1482	1465.98	89	5.65412
lcl|NW_015386393.1_cds_XP_015665555.1_3533	600	561.949	0	0
lcl|NW_015386393.1_cds_XP_015665499.1_3534	1005	994.59	81	7.58477
lcl|NW_015386393.1_cds_XP_015665498.1_3535	1008	989.228	4.95528e-07	4.66523e-08
lcl|NW_015386393.1_cds_XP_015665418.1_3536	1380	1303.87	100	7.14279
lcl|NW_015386393.1_cds_XP_015665502.1_3537	906	873.33	112.5	11.9971
lcl|NW_015386393.1_cds_XP_015665503.1_3538	906	873.33	112.5	11.9971
lcl|NW_015386393.1_cds_XP_015665419.1_3539	5436	5397.95	0	0
lcl|NW_015386393.1_cds_XP_015665421.1_3540	1560	1524.46	144	8.79728
lcl|NW_015386393.1_cds_XP_015665504.1_3541	906	865.306	39	4.19755
lcl|NW_015386393.1_cds_XP_015665556.1_3542	687	648.949	0	0
lcl|NW_015386393.1_cds_XP_029138804.1_3543	3672	3569.12	91	2.37455
lcl|NW_015386393.1_cds_XP_015665422.1_3544	4062	4023.95	0	0
lcl|NW_015386393.1_cds_XP_015665423.1_3545	1380	1341.95	0	0
lcl|NW_015386393.1_cds_XP_015665424.1_3546	1857	1773.66	59	3.09801
lcl|NW_015386393.1_cds_XP_015665506.1_3547	858	815.502	83.5758	9.54458
lcl|NW_015386393.1_cds_XP_015665508.1_3548	762	719.929	122.424	15.8372
lcl|NW_015386393.1_cds_XP_015665557.1_3549	1356	1232.52	7	0.528941
lcl|NW_015386393.1_cds_XP_015665558.2_3550	1422	1342.47	3	0.208122
lcl|NW_015386393.1_cds_XP_015665559.1_3551	684	624.265	39	5.81831
lcl|NW_015386393.1_cds_XP_015665509.1_3552	1248	1177.15	16	1.26587
lcl|NW_015386393.1_cds_XP_015665560.1_3553	1134	1078.52	9	0.777169
lcl|NW_015386393.1_cds_XP_015665510.1_3554	1398	1384.32	96	6.45856
lcl|NW_015386393.1_cds_XP_015665511.1_3555	648	578.952	47.5	7.64103
lcl|NW_015386393.1_cds_XP_015665512.1_3556	648	578.952	47.5	7.64103
lcl|NW_015386393.1_cds_XP_015665513.2_3557	744	684.027	33	4.49306
lcl|NW_015386393.1_cds_XP_015665514.1_3558	3624	3592.18	395	10.241
lcl|NW_015386393.1_cds_XP_029138805.1_3559	4617	4421.71	25	0.526564
lcl|NW_015386393.1_cds_XP_015665516.1_3560	450	379.876	138	33.8329
lcl|NW_015386393.1_cds_XP_015665562.1_3561	942	865.595	78	8.39231
lcl|NW_015386393.1_cds_XP_015665426.1_3562	1860	1821.95	0	0
lcl|NW_015386393.1_cds_XP_015665517.1_3563	1494	1386.99	82.1555	5.5165
lcl|NW_015386393.1_cds_XP_015665518.1_3564	1368	1268.81	61.9223	4.54517
lcl|NW_015386393.1_cds_XP_015665519.1_3565	1368	1268.81	61.9223	4.54517
lcl|NW_015386393.1_cds_XP_015665520.1_3566	657	624.957	904	134.716
lcl|NW_015386393.1_cds_XP_015665521.1_3567	3318	3223.04	5	0.144479
lcl|NW_015386393.1_cds_XP_015665427.1_3568	3282	3285.75	3	0.0850332
lcl|NW_015386393.1_cds_XP_015665428.1_3569	1806	1745.51	1	0.0533556
lcl|NW_015386393.1_cds_XP_029138814.1_3570	1152	1113.95	0	0
lcl|NW_015386393.1_cds_XP_015665430.1_3571	1194	1155.95	0	0
lcl|NW_015386393.1_cds_XP_015665522.1_3572	639	618.384	10	1.50606
lcl|NW_015386393.1_cds_XP_015665431.1_3573	4173	4255.48	110.406	2.41626
lcl|NW_015386393.1_cds_XP_029138815.1_3574	4977	5315.12	57.5304	1.00806
lcl|NW_015386393.1_cds_XP_015665433.1_3575	654	615.132	6.68595	1.01227
lcl|NW_015386394.1_cds_XP_029138816.1_3576	624	585.949	0	0
lcl|NW_015386394.1_cds_XP_015665563.2_3577	861	822.949	0	0
lcl|NW_015386394.1_cds_XP_015665564.1_3578	933	894.949	0	0
lcl|NW_015386394.1_cds_XP_015665565.1_3579	927	888.949	0	0
lcl|NW_015386394.1_cds_XP_015665566.1_3580	939	900.949	0	0
lcl|NW_015386394.1_cds_XP_015665567.1_3581	933	894.949	0	0
lcl|NW_015386394.1_cds_XP_015665568.1_3582	972	933.949	0	0
lcl|NW_015386394.1_cds_XP_015665569.1_3583	984	945.949	0	0
lcl|NW_015386394.1_cds_XP_015665570.1_3584	954	915.949	0	0
lcl|NW_015386394.1_cds_XP_015665572.1_3585	936	897.949	0	0
lcl|NW_015386394.1_cds_XP_015665573.1_3586	954	915.949	0	0
lcl|NW_015386394.1_cds_XP_015665574.1_3587	960	921.949	0	0
lcl|NW_015386394.1_cds_XP_015665575.2_3588	951	912.949	0	0
lcl|NW_015386394.1_cds_XP_015665576.2_3589	966	999.934	1	0.0931386
lcl|NW_015386394.1_cds_XP_015665578.1_3590	936	897.949	0	0
lcl|NW_015386394.1_cds_XP_015665689.1_3591	918	948.643	2	0.196349
lcl|NW_015386394.1_cds_XP_015665579.1_3592	933	894.949	0	0
lcl|NW_015386394.1_cds_XP_029138823.1_3593	915	876.949	0	0
lcl|NW_015386394.1_cds_XP_029138824.1_3594	966	927.949	0	0
lcl|NW_015386394.1_cds_XP_029138825.1_3595	873	834.949	0	0
lcl|NW_015386394.1_cds_XP_029138826.1_3596	2613	2656.12	2	0.0701267
lcl|NW_015386394.1_cds_XP_029138827.1_3597	2604	2565.95	0	0
lcl|NW_015386394.1_cds_XP_029138828.1_3598	2256	2217.95	0	0
lcl|NW_015386394.1_cds_XP_029138829.1_3599	2538	2574.71	2	0.0723441
lcl|NW_015386394.1_cds_XP_015665584.1_3600	951	912.949	0	0
lcl|NW_015386394.1_cds_XP_015665585.1_3601	954	915.949	0	0
lcl|NW_015386394.1_cds_XP_015665586.2_3602	933	894.949	0	0
lcl|NW_015386394.1_cds_XP_015665587.1_3603	975	936.949	0	0
lcl|NW_015386394.1_cds_XP_015665589.2_3604	1164	1125.95	0	0
lcl|NW_015386394.1_cds_XP_029138830.1_3605	1695	1656.95	0	0
lcl|NW_015386394.1_cds_XP_029138831.1_3606	984	945.949	0	0
lcl|NW_015386394.1_cds_XP_015665590.1_3607	1836	1797.95	0	0
lcl|NW_015386394.1_cds_XP_015665591.1_3608	1836	1797.95	0	0
lcl|NW_015386394.1_cds_XP_015665592.1_3609	753	720.964	1	0.129178
lcl|NW_015386394.1_cds_XP_015665593.1_3610	957	1025.69	3	0.272399
lcl|NW_015386394.1_cds_XP_015665639.1_3611	1689	1717.39	555	30.0971
lcl|NW_015386394.1_cds_XP_015665594.1_3612	1266	1271.49	3	0.219741
lcl|NW_015386394.1_cds_XP_015665595.1_3613	1041	1002.95	0	0
lcl|NW_015386394.1_cds_XP_015665596.1_3614	1167	1128.95	0	0
lcl|NW_015386394.1_cds_XP_015665597.2_3615	972	933.949	0	0
lcl|NW_015386394.1_cds_XP_015665598.1_3616	975	936.949	0	0
lcl|NW_015386394.1_cds_XP_015665600.1_3617	1062	1023.95	0	0
lcl|NW_015386394.1_cds_XP_015665601.1_3618	972	933.949	0	0
lcl|NW_015386394.1_cds_XP_015665602.1_3619	945	906.949	0	0
lcl|NW_015386394.1_cds_XP_015665603.1_3620	939	900.949	0	0
lcl|NW_015386394.1_cds_XP_015665604.1_3621	945	906.949	0	0
lcl|NW_015386394.1_cds_XP_015665605.1_3622	984	945.949	0	0
lcl|NW_015386394.1_cds_XP_029138832.1_3623	948	909.949	0	0
lcl|NW_015386394.1_cds_XP_015665606.1_3624	990	951.949	0	0
lcl|NW_015386394.1_cds_XP_029138833.1_3625	960	921.949	0	0
lcl|NW_015386394.1_cds_XP_015665608.1_3626	984	945.949	0	0
lcl|NW_015386394.1_cds_XP_029138834.1_3627	1023	984.949	0	0
lcl|NW_015386394.1_cds_XP_029138835.1_3628	642	603.949	0	0
lcl|NW_015386394.1_cds_XP_015665609.1_3629	966	927.949	0	0
lcl|NW_015386394.1_cds_XP_015665611.1_3630	942	903.949	0	0
lcl|NW_015386394.1_cds_XP_015665612.1_3631	978	939.949	0	0
lcl|NW_015386394.1_cds_XP_015665613.2_3632	954	915.949	0	0
lcl|NW_015386394.1_cds_XP_015665614.1_3633	978	939.949	0	0
lcl|NW_015386394.1_cds_XP_015665615.1_3634	951	912.949	0	0
lcl|NW_015386394.1_cds_XP_015665616.1_3635	948	909.949	0	0
lcl|NW_015386394.1_cds_XP_015665617.1_3636	951	912.949	0	0
lcl|NW_015386394.1_cds_XP_015665618.1_3637	975	936.949	0	0
lcl|NW_015386394.1_cds_XP_015665641.1_3638	690	663.757	2.33584e-06	3.27744e-07
lcl|NW_015386394.1_cds_XP_015665640.1_3639	852	836.413	105	11.6915
lcl|NW_015386394.1_cds_XP_015665642.1_3640	294	267.911	17	5.90962
lcl|NW_015386394.1_cds_XP_015665619.1_3641	1065	1060.43	1	0.0878253
lcl|NW_015386394.1_cds_XP_015665620.2_3642	1179	1207.21	4	0.308587
lcl|NW_015386394.1_cds_XP_015665622.1_3643	1290	1251.95	0	0
lcl|NW_015386394.1_cds_XP_015665644.1_3644	663	596.53	51.5	8.04037
lcl|NW_015386394.1_cds_XP_015665645.1_3645	663	596.53	51.5	8.04037
lcl|NW_015386394.1_cds_XP_015665646.1_3646	552	516.732	94.9538	17.1139
lcl|NW_015386394.1_cds_XP_015665647.1_3647	2559	2501.81	109	4.05764
lcl|NW_015386394.1_cds_XP_015665650.1_3648	648	592.332	6	0.943381
lcl|NW_015386394.1_cds_XP_015665648.1_3649	999	952.083	17.5	1.71185
lcl|NW_015386394.1_cds_XP_015665649.1_3650	999	952.083	17.5	1.71185
lcl|NW_015386394.1_cds_XP_015665691.1_3651	2085	2026.19	8	0.367715
lcl|NW_015386394.1_cds_XP_015665651.1_3652	1863	1888.51	41	2.02193
lcl|NW_015386394.1_cds_XP_015665692.1_3653	1860	1911.44	0	0
lcl|NW_015386394.1_cds_XP_029138817.1_3654	1704	1754.57	0.4962	0.0263383
lcl|NW_015386394.1_cds_XP_015665693.1_3655	1860	1911.71	0	0
lcl|NW_015386394.1_cds_XP_029138818.1_3656	1704	1754.69	0.5038	0.0267398
lcl|NW_015386394.1_cds_XP_015665652.1_3657	939	887.208	20.639	2.16653
lcl|NW_015386394.1_cds_XP_015665694.1_3658	882	818.977	12.361	1.40567
lcl|NW_015386394.1_cds_XP_015665653.1_3659	906	831.785	35	3.91885
lcl|NW_015386394.1_cds_XP_015665623.1_3660	2703	2664.95	0	0
lcl|NW_015386394.1_cds_XP_029138837.1_3661	2058	2019.95	0	0
lcl|NW_015386394.1_cds_XP_015665654.1_3662	1098	1090.41	3	0.256231
lcl|NW_015386394.1_cds_XP_015665657.1_3663	567	525.6	33	5.84736
lcl|NW_015386394.1_cds_XP_029138819.1_3664	840	837.347	3	0.33367
lcl|NW_015386394.1_cds_XP_015665695.1_3665	1941	1918.77	2	0.0970751
lcl|NW_015386394.1_cds_XP_029138841.1_3666	2664	2640.71	49	1.72813
lcl|NW_015386394.1_cds_XP_015665659.1_3667	921	859.192	7	0.758768
lcl|NW_015386394.1_cds_XP_029138820.1_3668	5565	5526.95	0	0
lcl|NW_015386394.1_cds_XP_015665627.1_3669	597	558.949	0	0
lcl|NW_015386394.1_cds_XP_015665696.1_3670	1593	1554.95	0	0
lcl|NW_015386394.1_cds_XP_015665660.1_3671	804	752.44	351	43.4447
lcl|NW_015386394.1_cds_XP_015665661.1_3672	780	728.086	0	0
lcl|NW_015386394.1_cds_XP_029138838.1_3673	504	465.949	0	0
lcl|NW_015386394.1_cds_XP_015665629.1_3674	3471	3474.77	106	2.84106
lcl|NW_015386394.1_cds_XP_015665697.1_3675	795	762.202	1	0.122189
lcl|NW_015386394.1_cds_XP_015665662.1_3676	3342	3350.38	50	1.38988
lcl|NW_015386394.1_cds_XP_015665663.1_3677	1308	1228.7	99	7.50398
lcl|NW_015386394.1_cds_XP_029138842.1_3678	1098	1053.71	24	2.12125
lcl|NW_015386394.1_cds_XP_015665664.1_3679	1389	1342.83	451	31.2794
lcl|NW_015386394.1_cds_XP_015665698.1_3680	1701	1691.05	43	2.36818
lcl|NW_015386394.1_cds_XP_015665665.1_3681	3087	3147.89	23	0.680472
lcl|NW_015386394.1_cds_XP_015665666.1_3682	1545	1611.21	1520.95	87.9153
lcl|NW_015386394.1_cds_XP_015665668.1_3683	3603	3493.99	17	0.453136
lcl|NW_015386394.1_cds_XP_015665631.1_3684	696	658.195	11	1.55646
lcl|NW_015386394.1_cds_XP_015665669.1_3685	1311	1258.96	623.401	46.1164
lcl|NW_015386394.1_cds_XP_015665670.1_3686	1467	1431.52	25	1.62646
lcl|NW_015386394.1_cds_XP_015665699.1_3687	615	576.949	0	0
lcl|NW_015386394.1_cds_XP_015665671.1_3688	996	953.99	0	0
lcl|NW_015386394.1_cds_XP_015665672.1_3689	978	933.563	23	2.29449
lcl|NW_015386394.1_cds_XP_015665633.1_3690	483	458.754	2	0.406023
lcl|NW_015386394.1_cds_XP_015665673.1_3691	2313	2305.61	86	3.47387
lcl|NW_015386394.1_cds_XP_015665674.1_3692	1263	1274.09	22	1.60814
lcl|NW_015386394.1_cds_XP_015665676.1_3693	2808	2827.99	73.7096	2.42744
lcl|NW_015386394.1_cds_XP_029138843.1_3694	2937	2953.89	0	0
lcl|NW_015386394.1_cds_XP_029138821.1_3695	279	233.155	3	1.19833
lcl|NW_015386394.1_cds_XP_029138839.1_3696	1086	988.05	2	0.188518
lcl|NW_015386394.1_cds_XP_015665701.1_3697	2331	2375.7	1	0.0392021
lcl|NW_015386394.1_cds_XP_029138822.1_3698	858	819.949	0	0
lcl|NW_015386394.1_cds_XP_015665677.1_3699	972	929.123	4123.69	413.347
lcl|NW_015386394.1_cds_XP_015665678.1_3700	969	918.507	5071.31	514.208
lcl|NW_015386394.1_cds_XP_015665680.1_3701	876	836.933	222	24.7038
lcl|NW_015386394.1_cds_XP_015665681.1_3702	630	551.672	142	23.9722
lcl|NW_015386394.1_cds_XP_015665635.1_3703	5883	5821.3	15.089	0.241403
lcl|NW_015386394.1_cds_XP_015665703.1_3704	609	566.832	4	0.657214
lcl|NW_015386394.1_cds_XP_015665682.1_3705	4461	4356.06	182.231	3.89609
lcl|NW_015386394.1_cds_XP_015665683.1_3706	1329	1290	31	2.23807
lcl|NW_015386394.1_cds_XP_015665684.1_3707	801	791.44	103.537	12.1836
lcl|NW_015386394.1_cds_XP_015665636.1_3708	1350	1311.95	0	0
lcl|NW_015386394.1_cds_XP_029138840.1_3709	1971	1979.29	2	0.094107
lcl|NW_015386394.1_cds_XP_015665704.1_3710	540	501.949	0	0
lcl|NW_015386394.1_cds_XP_015665637.1_3711	1698	1699.61	4	0.219186
lcl|NW_015386394.1_cds_XP_015665686.1_3712	2784	2742.92	109	3.70096
lcl|NW_015386394.1_cds_XP_015665687.1_3713	1443	1365.93	709.579	48.3809
lcl|NW_015386394.1_cds_XP_015665688.1_3714	1437	1355.42	48.4208	3.32705
lcl|NW_015386394.1_cds_XP_015665638.1_3715	915	831.029	32.875	3.68426
lcl|NW_015386395.1_cds_XP_015665807.1_3716	1416	1420.58	11.6224	0.761955
lcl|NW_015386395.1_cds_XP_015665808.1_3717	1419	1423.91	1.37764	0.0901059
lcl|NW_015386395.1_cds_XP_015665809.1_3718	858	805.674	16	1.84953
lcl|NW_015386395.1_cds_XP_015665810.1_3719	1377	1328.85	163	11.4239
lcl|NW_015386395.1_cds_XP_015665811.1_3720	3993	3954.95	0	0
lcl|NW_015386395.1_cds_XP_015665731.1_3721	639	638.201	441.069	64.3651
lcl|NW_015386395.1_cds_XP_015665705.2_3722	690	706.084	0.0346195	0.00456632
lcl|NW_015386395.1_cds_XP_015665732.1_3723	1275	1240.59	15	1.12607
lcl|NW_015386395.1_cds_XP_015665812.1_3724	492	454.211	33.327	6.83344
lcl|NW_015386395.1_cds_XP_015665813.1_3725	492	454.211	33.327	6.83344
lcl|NW_015386395.1_cds_XP_015665733.1_3726	1620	1514.99	20	1.22948
lcl|NW_015386395.1_cds_XP_015665814.1_3727	906	898.263	125	12.9601
lcl|NW_015386395.1_cds_XP_015665706.1_3728	2124	2094.44	0.206208	0.00916938
lcl|NW_015386395.1_cds_XP_015665734.1_3729	777	719.583	57.4579	7.43652
lcl|NW_015386395.1_cds_XP_015665817.1_3730	1092	1053.95	0	0
lcl|NW_015386395.1_cds_XP_015665818.1_3731	846	832.361	3	0.335669
lcl|NW_015386395.1_cds_XP_015665735.1_3732	615	557.9	2.81495	0.469912
lcl|NW_015386395.1_cds_XP_015665736.1_3733	585	496.843	1501.18	281.393
lcl|NW_015386395.1_cds_XP_029138849.1_3734	4410	4371.95	0	0
lcl|NW_015386395.1_cds_XP_029138863.1_3735	1611	1528.55	4.70421	0.286621
lcl|NW_015386395.1_cds_XP_015665709.1_3736	2910	2897.91	10	0.321379
lcl|NW_015386395.1_cds_XP_015665737.2_3737	1656	1649.5	6	0.338767
lcl|NW_015386395.1_cds_XP_015665739.1_3738	1200	1124.14	6.14076	0.50875
lcl|NW_015386395.1_cds_XP_015665740.1_3739	1203	1127.53	0.412745	0.0340922
lcl|NW_015386395.1_cds_XP_015665710.1_3740	1251	1212.95	0	0
lcl|NW_015386395.1_cds_XP_015665711.1_3741	1068	1029.95	0	0
lcl|NW_015386395.1_cds_XP_015665820.1_3742	654	615.949	0	0
lcl|NW_015386395.1_cds_XP_029138845.1_3743	2715	2499.06	3.77269	0.140597
lcl|NW_015386395.1_cds_XP_015665741.1_3744	2010	1994.05	327.092	15.2769
lcl|NW_015386395.1_cds_XP_029138850.1_3745	693	647.238	19	2.73395
lcl|NW_015386395.1_cds_XP_015665743.1_3746	1509	1457.85	105	6.70775
lcl|NW_015386395.1_cds_XP_015665744.1_3747	2466	2447	43.4074	1.65208
lcl|NW_015386395.1_cds_XP_015665712.1_3748	1572	1533.95	0	0
lcl|NW_015386395.1_cds_XP_015665713.1_3749	1356	1353.03	7	0.481829
lcl|NW_015386395.1_cds_XP_029138851.1_3750	816	777.949	0	0
lcl|NW_015386395.1_cds_XP_029138847.1_3751	699	660.949	0	0
lcl|NW_015386395.1_cds_XP_015665716.1_3752	2151	2112.95	0	0
lcl|NW_015386395.1_cds_XP_029138846.1_3753	2160	2121.95	0	0
lcl|NW_015386395.1_cds_XP_015665745.1_3754	1011	928.584	56	5.61653
lcl|NW_015386395.1_cds_XP_015665747.1_3755	2583	2602.3	51.4286	1.84056
lcl|NW_015386395.1_cds_XP_015665718.1_3756	714	675.949	0	0
lcl|NW_015386395.1_cds_XP_029138852.1_3757	2241	2243.45	1	0.041513
lcl|NW_015386395.1_cds_XP_015665719.1_3758	1344	1305.95	0	0
lcl|NW_015386395.1_cds_XP_015665748.1_3759	1434	1348.75	16	1.10481
lcl|NW_015386395.1_cds_XP_015665720.1_3760	750	685.674	1	0.135826
lcl|NW_015386395.1_cds_XP_029138853.1_3761	648	601.271	2	0.309786
lcl|NW_015386395.1_cds_XP_015665749.1_3762	1191	1119.65	905	75.278
lcl|NW_015386395.1_cds_XP_015665750.1_3763	825	768.712	350	42.4039
lcl|NW_015386395.1_cds_XP_029138854.1_3764	3321	3309.85	1	0.028138
lcl|NW_015386395.1_cds_XP_015665751.1_3765	1827	1779.21	62	3.24538
lcl|NW_015386395.1_cds_XP_015665752.1_3766	1368	1282.87	1406	102.072
lcl|NW_015386395.1_cds_XP_029138864.1_3767	1818	1753.38	105.291	5.59265
lcl|NW_015386395.1_cds_XP_015665823.1_3768	1005	954.833	1	0.097538
lcl|NW_015386395.1_cds_XP_015665754.1_3769	612	538.856	4345.25	751.006
lcl|NW_015386395.1_cds_XP_015665722.1_3770	1737	1682.84	0.0276127	0.00152815
lcl|NW_015386395.1_cds_XP_015665824.1_3771	867	847.652	59.9948	6.5917
lcl|NW_015386395.1_cds_XP_029138865.1_3772	3399	3205.17	310.699	9.02795
lcl|NW_015386395.1_cds_XP_029138848.1_3773	678	638.169	16	2.33499
lcl|NW_015386395.1_cds_XP_029138855.1_3774	396	356.399	1	0.261315
lcl|NW_015386395.1_cds_XP_015665756.1_3775	561	551.545	297.353	50.2103
lcl|NW_015386395.1_cds_XP_029138856.1_3776	2508	2469.95	0	0
lcl|NW_015386395.1_cds_XP_029138857.1_3777	1266	1196.96	6	0.466844
lcl|NW_015386395.1_cds_XP_015665759.1_3778	792	757.017	5	0.615129
lcl|NW_015386395.1_cds_XP_015665760.1_3779	1986	1957.81	21	0.998964
lcl|NW_015386395.1_cds_XP_015665723.1_3780	618	561.193	4	0.663818
lcl|NW_015386395.1_cds_XP_015665828.1_3781	576	518.27	8	1.43759
lcl|NW_015386395.1_cds_XP_015665761.1_3782	537	479.695	1148	222.884
lcl|NW_015386395.1_cds_XP_015665763.1_3783	534	474.611	1613.7	316.655
lcl|NW_015386395.1_cds_XP_015665762.1_3784	2199	2135.53	15.0404	0.655925
lcl|NW_015386395.1_cds_XP_015665764.1_3785	1110	1098.96	51.7666	4.38701
lcl|NW_015386395.1_cds_XP_015665767.1_3786	1056	1047.25	1505.54	133.888
lcl|NW_015386395.1_cds_XP_015665829.1_3787	204	155.795	105.806	63.2495
lcl|NW_015386395.1_cds_XP_015665830.1_3788	720	662.584	6	0.843358
lcl|NW_015386395.1_cds_XP_015665831.1_3789	720	662.584	6	0.843358
lcl|NW_015386395.1_cds_XP_015665832.1_3790	840	797.429	0	0
lcl|NW_015386395.1_cds_XP_015665768.1_3791	1962	1940.85	165.506	7.94188
lcl|NW_015386395.1_cds_XP_015665833.1_3792	1851	1738.61	1	0.0535671
lcl|NW_015386395.1_cds_XP_029138858.1_3793	1233	1194.95	0	0
lcl|NW_015386395.1_cds_XP_015665770.1_3794	1263	1236.62	49.8553	3.7547
lcl|NW_015386395.1_cds_XP_015665769.1_3795	1242	1212.04	9.1447	0.702672
lcl|NW_015386395.1_cds_XP_015665774.1_3796	1083	1044.95	0	0
lcl|NW_015386395.1_cds_XP_015665773.1_3797	1182	1143.95	0	0
lcl|NW_015386395.1_cds_XP_015665775.1_3798	1479	1412.5	33.0697	2.18043
lcl|NW_015386395.1_cds_XP_015665776.1_3799	1380	1367.97	979.044	66.6543
lcl|NW_015386395.1_cds_XP_015665724.1_3800	3078	3121.23	37.883	1.13037
lcl|NW_015386395.1_cds_XP_015665777.1_3801	1974	1903.14	17.2445	0.843879
lcl|NW_015386395.1_cds_XP_015665779.1_3802	3003	2914.12	2462.27	78.6919
lcl|NW_015386395.1_cds_XP_029138859.1_3803	1335	1303.61	5.82147	0.415898
lcl|NW_015386395.1_cds_XP_015665782.1_3804	924	889.638	114.064	11.9409
lcl|NW_015386395.1_cds_XP_015665781.1_3805	933	898.013	113.936	11.8163
lcl|NW_015386395.1_cds_XP_015665783.1_3806	1563	1602.12	55.9695	3.25356
lcl|NW_015386395.1_cds_XP_015665835.1_3807	1089	1101.51	33	2.79015
lcl|NW_015386395.1_cds_XP_015665836.1_3808	522	483.949	0	0
lcl|NW_015386395.1_cds_XP_015665725.1_3809	1416	1377.95	0	0
lcl|NW_015386395.1_cds_XP_015665785.1_3810	2736	2645.88	1451.35	51.0864
lcl|NW_015386395.1_cds_XP_015665726.1_3811	1305	1304.1	69.7235	4.97933
lcl|NW_015386395.1_cds_XP_015665786.1_3812	2232	2275.82	100	4.09226
lcl|NW_015386395.1_cds_XP_029138860.1_3813	864	825.949	0	0
lcl|NW_015386395.1_cds_XP_015665789.1_3814	816	745.898	110.774	13.8312
lcl|NW_015386395.1_cds_XP_015665791.1_3815	921	887.368	373	39.1477
lcl|NW_015386395.1_cds_XP_015665728.1_3816	894	855.949	0	0
lcl|NW_015386395.1_cds_XP_015665837.1_3817	918	879.949	0	0
lcl|NW_015386395.1_cds_XP_015665729.1_3818	894	855.949	0	0
lcl|NW_015386395.1_cds_XP_015665838.1_3819	915	876.949	0	0
lcl|NW_015386395.1_cds_XP_015665839.1_3820	909	870.949	0	0
lcl|NW_015386395.1_cds_XP_015665841.1_3821	915	876.949	0	0
lcl|NW_015386395.1_cds_XP_015665793.1_3822	1362	1340.43	86	5.97524
lcl|NW_015386395.1_cds_XP_015665792.1_3823	1377	1359.02	0	0
lcl|NW_015386395.1_cds_XP_015665842.1_3824	882	830.826	43	4.82014
lcl|NW_015386395.1_cds_XP_015665843.1_3825	888	846.043	34.5831	3.80691
lcl|NW_015386395.1_cds_XP_015665795.1_3826	888	859.352	2369.86	256.834
lcl|NW_015386395.1_cds_XP_015665796.1_3827	888	859.352	2369.86	256.834
lcl|NW_015386395.1_cds_XP_029138861.1_3828	1707	1668.95	0	0
lcl|NW_015386395.1_cds_XP_015665798.1_3829	1686	1639.35	0	0
lcl|NW_015386395.1_cds_XP_029138862.1_3830	1443	1435.75	2	0.129733
lcl|NW_015386395.1_cds_XP_015665845.1_3831	819	785.226	0	0
lcl|NW_015386395.1_cds_XP_015665799.1_3832	1746	1757.76	8.64869	0.45824
lcl|NW_015386395.1_cds_XP_015665847.1_3833	657	657.793	4	0.566334
lcl|NW_015386395.1_cds_XP_015665800.1_3834	645	605.293	321.5	49.4672
lcl|NW_015386395.1_cds_XP_015665801.1_3835	645	605.293	321.5	49.4672
lcl|NW_015386395.1_cds_XP_015665803.1_3836	6423	6334.24	1493.53	21.9594
lcl|NW_015386395.1_cds_XP_015665806.1_3837	357	301.621	30.3965	9.38564
lcl|NW_015386395.1_cds_XP_015665805.1_3838	360	304.234	346.995	106.223
lcl|NW_015386395.1_cds_XP_015665730.2_3839	900	861.949	0	0
lcl|NW_015386396.1_cds_XP_015665851.1_3840	1464	1448.05	24	1.54358
lcl|NW_015386396.1_cds_XP_015665852.1_3841	1131	1088.16	131	11.2119
lcl|NW_015386396.1_cds_XP_015665853.1_3842	1074	1049.23	26.0776	2.31472
lcl|NW_015386396.1_cds_XP_015665855.1_3843	1074	1049.23	26.0776	2.31472
lcl|NW_015386396.1_cds_XP_015665856.1_3844	1074	1049.23	26.0776	2.31472
lcl|NW_015386396.1_cds_XP_015665857.1_3845	951	926.965	8.76713	0.880837
lcl|NW_015386396.1_cds_XP_015665859.1_3846	1446	1392.13	17.2664	1.1551
lcl|NW_015386396.1_cds_XP_015665858.1_3847	1575	1526.02	170.734	10.4198
lcl|NW_015386396.1_cds_XP_015665861.1_3848	1614	1637.66	280	15.9234
lcl|NW_015386396.1_cds_XP_029138866.1_3849	1071	1086.06	82	7.03175
lcl|NW_015386396.1_cds_XP_015665862.1_3850	1149	1124.97	163	13.4943
lcl|NW_015386396.1_cds_XP_015665864.1_3851	1578	1445.48	6	0.38658
lcl|NW_015386396.1_cds_XP_029138867.1_3852	4530	4526.98	53	1.09036
lcl|NW_015386396.1_cds_XP_029138868.1_3853	5022	5026.02	124	2.29773
lcl|NW_015386396.1_cds_XP_015665849.1_3854	4938	4925.13	35.1443	0.664566
lcl|NW_015386396.1_cds_XP_015665866.1_3855	4986	4982.78	210.856	3.94108
lcl|NW_015386396.1_cds_XP_015665850.1_3856	1671	1672.34	25	1.39225
lcl|NW_015386396.1_cds_XP_015665868.1_3857	1299	1260.95	0	0
lcl|NW_015386396.1_cds_XP_015665867.1_3858	1278	1214.56	14	1.07352
lcl|NW_015386397.1_cds_XP_015665888.1_3859	360	317.853	9.95578	2.91709
lcl|NW_015386397.1_cds_XP_015665951.1_3860	1041	1012.01	3	0.276081
lcl|NW_015386397.1_cds_XP_015665889.1_3861	585	543.684	77.3867	13.2563
lcl|NW_015386397.1_cds_XP_015665869.1_3862	1473	1434.95	0	0
lcl|NW_015386397.1_cds_XP_015665891.1_3863	1761	1727.23	2	0.10784
lcl|NW_015386397.1_cds_XP_029138872.1_3864	687	648.949	0	0
lcl|NW_015386397.1_cds_XP_015665892.1_3865	687	655.082	6	0.853016
lcl|NW_015386397.1_cds_XP_015665893.1_3866	558	481.021	6	1.16169
lcl|NW_015386397.1_cds_XP_015665871.1_3867	672	633.949	0	0
lcl|NW_015386397.1_cds_XP_015665872.1_3868	801	762.949	0	0
lcl|NW_015386397.1_cds_XP_015665952.1_3869	1344	1352.87	3	0.206522
lcl|NW_015386397.1_cds_XP_015665894.1_3870	774	745.482	26	3.24816
lcl|NW_015386397.1_cds_XP_015665953.1_3871	288	249.949	0	0
lcl|NW_015386397.1_cds_XP_015665956.1_3872	1626	1587.95	0	0
lcl|NW_015386397.1_cds_XP_015665957.1_3873	1617	1578.95	0	0
lcl|NW_015386397.1_cds_XP_015665955.1_3874	1608	1569.95	0	0
lcl|NW_015386397.1_cds_XP_015665896.1_3875	4365	4384.77	0	0
lcl|NW_015386397.1_cds_XP_015665895.1_3876	4173	4176.28	247.98	5.53005
lcl|NW_015386397.1_cds_XP_015665897.1_3877	1197	1187.3	55	4.31423
lcl|NW_015386397.1_cds_XP_029138882.1_3878	2391	2352.95	0	0
lcl|NW_015386397.1_cds_XP_015665900.1_3879	1263	1227.75	1	0.0758563
lcl|NW_015386397.1_cds_XP_015665901.1_3880	1257	1286.84	18	1.30271
lcl|NW_015386397.1_cds_XP_029138883.1_3881	3165	3189.73	8	0.233581
lcl|NW_015386397.1_cds_XP_015665903.1_3882	870	862.945	2	0.215848
lcl|NW_015386397.1_cds_XP_015665873.2_3883	852	757.426	2	0.245918
lcl|NW_015386397.1_cds_XP_015665904.1_3884	1836	1849.63	17.0634	0.859176
lcl|NW_015386397.1_cds_XP_029138884.1_3885	1293	1279.38	33	2.40223
lcl|NW_015386397.1_cds_XP_029138885.1_3886	1209	1194.17	0	0
lcl|NW_015386397.1_cds_XP_015665906.1_3887	1095	1067.88	420	36.6293
lcl|NW_015386397.1_cds_XP_015665907.1_3888	1125	1073.64	44.2608	3.8394
lcl|NW_015386397.1_cds_XP_015665958.1_3889	801	786.452	2	0.236842
lcl|NW_015386397.1_cds_XP_015665960.2_3890	1737	1754.42	2	0.106169
lcl|NW_015386397.1_cds_XP_015665908.1_3891	819	748.881	1960	243.75
lcl|NW_015386397.1_cds_XP_015665910.1_3892	1833	1837.28	160.324	8.12689
lcl|NW_015386397.1_cds_XP_029138873.1_3893	894	885.207	3	0.31563
lcl|NW_015386397.1_cds_XP_029138874.1_3894	1041	1011.04	7	0.644809
lcl|NW_015386397.1_cds_XP_015665961.1_3895	210	171.949	0	0
lcl|NW_015386397.1_cds_XP_029138875.1_3896	1137	1098.95	0	0
lcl|NW_015386397.1_cds_XP_015665963.1_3897	1314	1239.31	1	0.0751487
lcl|NW_015386397.1_cds_XP_015665962.1_3898	1731	1661.02	0	0
lcl|NW_015386397.1_cds_XP_029138876.1_3899	447	408.949	0	0
lcl|NW_015386397.1_cds_XP_015665912.1_3900	777	723.755	276	35.5156
lcl|NW_015386397.1_cds_XP_015665913.2_3901	1089	1062.35	54	4.73397
lcl|NW_015386397.1_cds_XP_015665914.1_3902	408	376.765	149	36.8313
lcl|NW_015386397.1_cds_XP_015665915.1_3903	1302	1284.89	72	5.21876
lcl|NW_015386397.1_cds_XP_015665916.1_3904	1302	1284.89	72	5.21876
lcl|NW_015386397.1_cds_XP_015665917.1_3905	564	540.255	1	0.172386
lcl|NW_015386397.1_cds_XP_029138886.1_3906	2235	2207.57	17	0.717192
lcl|NW_015386397.1_cds_XP_015665878.1_3907	966	927.949	0	0
lcl|NW_015386397.1_cds_XP_015665964.1_3908	750	711.949	0	0
lcl|NW_015386397.1_cds_XP_015665965.1_3909	735	696.949	0	0
lcl|NW_015386397.1_cds_XP_015665967.1_3910	726	687.949	0	0
lcl|NW_015386397.1_cds_XP_015665968.1_3911	654	615.949	0	0
lcl|NW_015386397.1_cds_XP_015665970.1_3912	681	642.949	0	0
lcl|NW_015386397.1_cds_XP_015665969.1_3913	816	777.949	0	0
lcl|NW_015386397.1_cds_XP_029138890.1_3914	735	696.949	0	0
lcl|NW_015386397.1_cds_XP_029138889.1_3915	1242	1203.95	0	0
lcl|NW_015386397.1_cds_XP_029138888.1_3916	1254	1215.95	0	0
lcl|NW_015386397.1_cds_XP_029138887.1_3917	1257	1218.95	0	0
lcl|NW_015386397.1_cds_XP_015665971.1_3918	1242	1203.95	0	0
lcl|NW_015386397.1_cds_XP_015665972.2_3919	1158	1119.95	0	0
lcl|NW_015386397.1_cds_XP_015665880.2_3920	1038	999.949	0	0
lcl|NW_015386397.1_cds_XP_029138877.1_3921	780	741.949	0	0
lcl|NW_015386397.1_cds_XP_015665918.1_3922	696	675.867	67	9.23241
lcl|NW_015386397.1_cds_XP_015665919.1_3923	696	675.867	67	9.23241
lcl|NW_015386397.1_cds_XP_015665920.1_3924	558	496.503	57.5248	10.7903
lcl|NW_015386397.1_cds_XP_015665922.1_3925	558	496.503	57.5248	10.7903
lcl|NW_015386397.1_cds_XP_015665923.1_3926	2295	2344.51	43.2644	1.71862
lcl|NW_015386397.1_cds_XP_015665924.1_3927	660	600.39	492	76.319
lcl|NW_015386397.1_cds_XP_015665925.1_3928	1521	1505.12	946	58.536
lcl|NW_015386397.1_cds_XP_015665926.1_3929	324	268.594	68	23.5783
lcl|NW_015386397.1_cds_XP_015665973.1_3930	780	745.698	3	0.374679
lcl|NW_015386397.1_cds_XP_015665928.1_3931	1206	1179.13	30.5927	2.41633
lcl|NW_015386397.1_cds_XP_015665927.1_3932	1818	1795.13	37.2035	1.93014
lcl|NW_015386397.1_cds_XP_015665929.1_3933	1104	1068.06	6	0.523187
lcl|NW_015386397.1_cds_XP_015665930.1_3934	1278	1238.08	25	1.88059
lcl|NW_015386397.1_cds_XP_015665974.1_3935	984	939.808	11	1.09007
lcl|NW_015386397.1_cds_XP_015665931.1_3936	753	716.647	104.966	13.641
lcl|NW_015386397.1_cds_XP_029138869.1_3937	2694	2721.23	6	0.205347
lcl|NW_015386397.1_cds_XP_015665884.1_3938	1785	1746.95	0	0
lcl|NW_015386397.1_cds_XP_029138892.1_3939	1833	1794.95	0	0
lcl|NW_015386397.1_cds_XP_015665934.1_3940	2631	2683.4	301.815	10.4751
lcl|NW_015386397.1_cds_XP_015665935.1_3941	2628	2653.21	268.29	9.4175
lcl|NW_015386397.1_cds_XP_015665936.1_3942	861	830.902	291	32.617
lcl|NW_015386397.1_cds_XP_029138878.1_3943	6501	6542.87	1	0.0142342
lcl|NW_015386397.1_cds_XP_015665885.1_3944	1899	1754.07	1	0.0530952
lcl|NW_015386397.1_cds_XP_029138893.1_3945	4725	4768.67	25	0.488252
lcl|NW_015386397.1_cds_XP_015665938.1_3946	3492	3523.2	3	0.0793022
lcl|NW_015386397.1_cds_XP_029138879.1_3947	1851	1633.91	2	0.114
lcl|NW_015386397.1_cds_XP_029138894.1_3948	3189	3186.28	14	0.409209
lcl|NW_015386397.1_cds_XP_015665941.1_3949	390	333.523	6	1.67543
lcl|NW_015386397.1_cds_XP_015665940.1_3950	744	698.1	6	0.800451
lcl|NW_015386397.1_cds_XP_015665942.1_3951	1647	1675.31	103	5.72589
lcl|NW_015386397.1_cds_XP_015665976.1_3952	2289	2252.44	54	2.23276
lcl|NW_015386397.1_cds_XP_015665945.1_3953	2544	2481.02	26	0.975987
lcl|NW_015386397.1_cds_XP_015665944.1_3954	639	578.443	351	56.5129
lcl|NW_015386397.1_cds_XP_029138871.1_3955	3186	3147.95	0	0
lcl|NW_015386397.1_cds_XP_029138880.1_3956	390	351.949	0	0
lcl|NW_015386397.1_cds_XP_029138881.1_3957	3216	3116.79	5	0.149405
lcl|NW_015386397.1_cds_XP_015665946.1_3958	2355	2324.55	8.67836	0.347696
lcl|NW_015386397.1_cds_XP_015665948.1_3959	2316	2283.53	189.127	7.71343
lcl|NW_015386397.1_cds_XP_015665947.1_3960	2319	2290.79	145.873	5.93048
lcl|NW_015386397.1_cds_XP_015665949.1_3961	1110	1086.94	94	8.05423
lcl|NW_015386397.1_cds_XP_015665950.1_3962	2496	2554.66	366	13.3429
lcl|NW_015386397.1_cds_XP_015665978.1_3963	621	581.8	4	0.640306
lcl|NW_015386398.1_cds_XP_029138903.1_3964	12576	12764.6	19	0.138627
lcl|NW_015386398.1_cds_XP_015665997.1_3965	312	273.949	0	0
lcl|NW_015386398.1_cds_XP_015665993.1_3966	669	630.949	0	0
lcl|NW_015386398.1_cds_XP_015665996.1_3967	312	273.949	0	0
lcl|NW_015386398.1_cds_XP_015665992.1_3968	756	717.949	0	0
lcl|NW_015386398.1_cds_XP_015665995.1_3969	654	615.949	0	0
lcl|NW_015386398.1_cds_XP_015665980.2_3970	1011	972.949	0	0
lcl|NW_015386398.1_cds_XP_015666022.1_3971	1023	951.405	8.24121	0.806727
lcl|NW_015386398.1_cds_XP_015665998.1_3972	834	797.425	253	29.5483
lcl|NW_015386398.1_cds_XP_015665999.1_3973	2436	2376.33	40	1.56767
lcl|NW_015386398.1_cds_XP_015666000.1_3974	1341	1275.93	12.5	0.912396
lcl|NW_015386398.1_cds_XP_015666001.1_3975	1341	1275.93	12.5	0.912396
lcl|NW_015386398.1_cds_XP_015666003.1_3976	807	766.01	13.5	1.64135
lcl|NW_015386398.1_cds_XP_015666004.1_3977	807	766.01	13.5	1.64135
lcl|NW_015386398.1_cds_XP_015666024.1_3978	276	229.031	184	74.8211
lcl|NW_015386398.1_cds_XP_015666025.1_3979	1515	1478.97	2	0.125943
lcl|NW_015386398.1_cds_XP_015666005.1_3980	1131	1117.49	21.7995	1.81678
lcl|NW_015386398.1_cds_XP_015666026.1_3981	960	936.396	11	1.09404
lcl|NW_015386398.1_cds_XP_015666027.1_3982	360	330.474	26.4184	7.44509
lcl|NW_015386398.1_cds_XP_029138895.1_3983	1347	1308.95	0	0
lcl|NW_015386398.1_cds_XP_015666006.1_3984	924	891.076	204.183	21.3406
lcl|NW_015386398.1_cds_XP_015666007.1_3985	1095	1023.52	349.926	31.8406
lcl|NW_015386398.1_cds_XP_015666028.1_3986	756	698.765	13	1.73266
lcl|NW_015386398.1_cds_XP_029138904.1_3987	693	674.106	0	0
lcl|NW_015386398.1_cds_XP_015666008.1_3988	2544	2484.37	179.094	6.71378
lcl|NW_015386398.1_cds_XP_029138905.1_3989	1347	1297.95	59	4.23346
lcl|NW_015386398.1_cds_XP_015665982.1_3990	810	771.949	0	0
lcl|NW_015386398.1_cds_XP_015666029.1_3991	648	617.379	3	0.452554
lcl|NW_015386398.1_cds_XP_015666013.1_3992	3054	2920.18	0	0
lcl|NW_015386398.1_cds_XP_015666015.1_3993	723	692.083	262.093	35.2694
lcl|NW_015386398.1_cds_XP_015666014.1_3994	1356	1320.66	94	6.62887
lcl|NW_015386398.1_cds_XP_015666016.1_3995	1026	980.007	50.8261	4.83014
lcl|NW_015386398.1_cds_XP_015666017.1_3996	1014	960.336	12.1027	1.17371
lcl|NW_015386398.1_cds_XP_029138906.1_3997	447	400.775	1729.71	401.953
lcl|NW_015386398.1_cds_XP_029138896.1_3998	1839	1776.14	14	0.734095
lcl|NW_015386398.1_cds_XP_015666031.1_3999	663	654.776	18.7694	2.66969
lcl|NW_015386398.1_cds_XP_015666032.1_4000	663	654.776	18.7694	2.66969
lcl|NW_015386398.1_cds_XP_015665984.1_4001	981	942.949	0	0
lcl|NW_015386398.1_cds_XP_029138897.1_4002	2865	2826.95	0	0
lcl|NW_015386398.1_cds_XP_015666018.1_4003	642	616.082	16.2691	2.45939
lcl|NW_015386398.1_cds_XP_015666019.1_4004	642	616.082	16.2691	2.45939
lcl|NW_015386398.1_cds_XP_029138900.1_4005	1701	1587.51	4	0.234663
lcl|NW_015386398.1_cds_XP_015666035.1_4006	741	676.44	11.5115	1.58491
lcl|NW_015386398.1_cds_XP_015666036.1_4007	1158	1119.95	0	0
lcl|NW_015386398.1_cds_XP_015665986.1_4008	696	657.949	0	0
lcl|NW_015386398.1_cds_XP_015666037.1_4009	1362	1294.95	2.95335	0.212404
lcl|NW_015386398.1_cds_XP_015666039.1_4010	363	298.13	30	9.37165
lcl|NW_015386398.1_cds_XP_029138898.1_4011	549	534.66	6	1.04514
lcl|NW_015386398.1_cds_XP_015665989.1_4012	651	605.381	3	0.461523
lcl|NW_015386398.1_cds_XP_015666040.1_4013	708	651.832	6	0.857268
lcl|NW_015386398.1_cds_XP_015666020.1_4014	984	919.277	82	8.30747
lcl|NW_015386398.1_cds_XP_015666021.1_4015	720	694.907	73	9.78358
lcl|NW_015386398.1_cds_XP_015666041.1_4016	609	537.925	2.35456	0.407651
lcl|NW_015386398.1_cds_XP_015666042.1_4017	1563	1464.96	3	0.19072
lcl|NW_015386398.1_cds_XP_029138899.1_4018	1698	1630.82	2	0.114215
lcl|NW_015386398.1_cds_XP_029138901.1_4019	3486	3363.98	5	0.138426
lcl|NW_015386398.1_cds_XP_015666045.1_4020	1131	1089.41	3.83413	0.327777
lcl|NW_015386398.1_cds_XP_029138902.1_4021	648	594.919	1	0.156546
lcl|NW_015386398.1_cds_XP_015666046.2_4022	2367	2249.08	8.58375	0.355446
lcl|NW_015386398.1_cds_XP_015666048.1_4023	450	411.775	0.0451053	0.0102016
lcl|NW_015386398.1_cds_XP_015666047.1_4024	906	833.649	2	0.223433
lcl|NW_015386398.1_cds_XP_015666049.1_4025	717	656.658	9	1.27645
lcl|NW_015386398.1_cds_XP_015665991.1_4026	1113	1053.52	3	0.265203
lcl|NW_015386399.1_cds_XP_015666093.1_4027	633	605.153	11	1.69289
lcl|NW_015386399.1_cds_XP_015666094.1_4028	168	127.058	184	134.871
lcl|NW_015386399.1_cds_XP_015666057.1_4029	1551	1589.52	41.7918	2.44866
lcl|NW_015386399.1_cds_XP_015666056.1_4030	1257	1295.82	11.2082	0.805548
lcl|NW_015386399.1_cds_XP_015666095.1_4031	1761	1749.37	76	4.04608
lcl|NW_015386399.1_cds_XP_015666096.1_4032	1188	1154.53	15	1.21
lcl|NW_015386399.1_cds_XP_015666058.1_4033	1746	1795.52	58	3.00842
lcl|NW_015386399.1_cds_XP_015666097.1_4034	702	641.167	97	14.0897
lcl|NW_015386399.1_cds_XP_015666098.1_4035	1758	1723.45	2	0.108077
lcl|NW_015386399.1_cds_XP_015666059.1_4036	780	779.084	25.1341	3.00455
lcl|NW_015386399.1_cds_XP_029138910.1_4037	789	797.028	48.8571	5.70894
lcl|NW_015386399.1_cds_XP_015666061.1_4038	414	351.96	62	16.4059
lcl|NW_015386399.1_cds_XP_015666060.1_4039	1035	969.887	92	8.83422
lcl|NW_015386399.1_cds_XP_015666062.1_4040	912	902.85	53	5.46716
lcl|NW_015386399.1_cds_XP_015666050.1_4041	2973	2934.95	0	0
lcl|NW_015386399.1_cds_XP_015666099.1_4042	294	250.178	5	1.86133
lcl|NW_015386399.1_cds_XP_015666063.1_4043	1623	1619.03	24	1.38057
lcl|NW_015386399.1_cds_XP_015666066.1_4044	1509	1499.39	77	4.78274
lcl|NW_015386399.1_cds_XP_015666067.1_4045	2649	2645.07	48	1.69007
lcl|NW_015386399.1_cds_XP_015666069.1_4046	318	295.122	2543	802.501
lcl|NW_015386399.1_cds_XP_029138911.1_4047	1506	1467.95	0	0
lcl|NW_015386399.1_cds_XP_015666051.1_4048	597	558.949	0	0
lcl|NW_015386399.1_cds_XP_029138912.1_4049	1707	1627.92	15	0.858141
lcl|NW_015386399.1_cds_XP_015666073.1_4050	1050	973.979	511.976	48.9555
lcl|NW_015386399.1_cds_XP_015666071.1_4051	1062	987.767	145.849	13.7516
lcl|NW_015386399.1_cds_XP_015666072.1_4052	1059	981.232	86.4443	8.20477
lcl|NW_015386399.1_cds_XP_015666070.1_4053	1071	995.019	24.7297	2.31467
lcl|NW_015386399.1_cds_XP_015666074.1_4054	555	503.504	100	18.4969
lcl|NW_015386399.1_cds_XP_015666075.1_4055	555	503.504	100	18.4969
lcl|NW_015386399.1_cds_XP_015666076.1_4056	555	503.504	100	18.4969
lcl|NW_015386399.1_cds_XP_015666077.1_4057	606	546.261	37	6.30816
lcl|NW_015386399.1_cds_XP_015666079.1_4058	1035	1049.91	41	3.63692
lcl|NW_015386399.1_cds_XP_015666100.1_4059	999	960.949	0	0
lcl|NW_015386399.1_cds_XP_015666102.1_4060	1152	1113.95	0	0
lcl|NW_015386399.1_cds_XP_015666103.1_4061	1272	1233.95	0	0
lcl|NW_015386399.1_cds_XP_029138908.1_4062	834	795.949	0	0
lcl|NW_015386399.1_cds_XP_029138909.1_4063	936	897.949	0	0
lcl|NW_015386399.1_cds_XP_015666104.1_4064	891	852.949	0	0
lcl|NW_015386399.1_cds_XP_015666105.1_4065	726	687.949	0	0
lcl|NW_015386399.1_cds_XP_015666106.1_4066	774	735.949	0	0
lcl|NW_015386399.1_cds_XP_015666107.1_4067	1278	1239.95	0	0
lcl|NW_015386399.1_cds_XP_015666108.1_4068	972	933.949	0	0
lcl|NW_015386399.1_cds_XP_015666109.1_4069	993	954.949	0	0
lcl|NW_015386399.1_cds_XP_015666110.1_4070	1221	1182.95	0	0
lcl|NW_015386399.1_cds_XP_015666080.1_4071	1002	958.429	585	56.8457
lcl|NW_015386399.1_cds_XP_015666081.1_4072	2247	2183.25	422.5	18.0229
lcl|NW_015386399.1_cds_XP_015666082.1_4073	2247	2183.25	422.5	18.0229
lcl|NW_015386399.1_cds_XP_015666083.1_4074	732	738.899	4	0.504169
lcl|NW_015386399.1_cds_XP_015666053.1_4075	555	507.088	4	0.734645
lcl|NW_015386399.1_cds_XP_015666084.2_4076	1266	1259.36	26	1.92276
lcl|NW_015386399.1_cds_XP_015666111.1_4077	2292	2181.28	3	0.128089
lcl|NW_015386399.1_cds_XP_015666085.1_4078	1443	1447.11	713.5	45.9191
lcl|NW_015386399.1_cds_XP_015666086.1_4079	1443	1447.11	713.5	45.9191
lcl|NW_015386399.1_cds_XP_015666087.1_4080	1347	1359.57	74	5.06912
lcl|NW_015386399.1_cds_XP_029138913.1_4081	1365	1338.06	18	1.25285
lcl|NW_015386399.1_cds_XP_015666088.1_4082	1245	1227.66	57	4.32413
lcl|NW_015386399.1_cds_XP_015666089.1_4083	630	583.909	461	73.5288
lcl|NW_015386399.1_cds_XP_015666091.1_4084	630	583.909	461	73.5288
lcl|NW_015386399.1_cds_XP_015666092.1_4085	1488	1437.72	141	9.13366
lcl|NW_015386400.1_cds_XP_029138914.1_4086	2655	2616.95	0	0
lcl|NW_015386400.1_cds_XP_015666116.1_4087	2208	2215.42	49	2.05988
lcl|NW_015386400.1_cds_XP_015666117.1_4088	3267	3293.12	157.55	4.45567
lcl|NW_015386400.1_cds_XP_015666118.1_4089	3249	3272.37	120.45	3.42804
lcl|NW_015386400.1_cds_XP_029138917.1_4090	1104	1105.47	1	0.0842466
lcl|NW_015386400.1_cds_XP_015666119.1_4091	780	710.759	22	2.88271
lcl|NW_015386400.1_cds_XP_015666120.1_4092	3840	3846.84	152	3.67994
lcl|NW_015386400.1_cds_XP_015666121.1_4093	1101	1061.54	136	11.9317
lcl|NW_015386400.1_cds_XP_015666123.1_4094	627	582.458	13	2.07864
lcl|NW_015386400.1_cds_XP_015666124.1_4095	624	575.382	0	0
lcl|NW_015386400.1_cds_XP_015666125.2_4096	5409	5515.77	113	1.90798
lcl|NW_015386400.1_cds_XP_015666126.1_4097	696	698.441	71	9.46738
lcl|NW_015386400.1_cds_XP_015666127.1_4098	777	718.539	22.5	2.91631
lcl|NW_015386400.1_cds_XP_015666128.1_4099	777	718.539	22.5	2.91631
lcl|NW_015386400.1_cds_XP_015666155.2_4100	2163	2093.61	11	0.489326
lcl|NW_015386400.1_cds_XP_015666156.1_4101	3567	3528.95	0	0
lcl|NW_015386400.1_cds_XP_029138918.1_4102	4029	4051.39	2	0.0459756
lcl|NW_015386400.1_cds_XP_015666157.1_4103	1761	1722.95	0	0
lcl|NW_015386400.1_cds_XP_015666158.1_4104	2040	2002.09	4	0.186071
lcl|NW_015386400.1_cds_XP_015666129.1_4105	1740	1735.94	309	16.5777
lcl|NW_015386400.1_cds_XP_029138915.1_4106	1062	1008.38	61	5.63388
lcl|NW_015386400.1_cds_XP_015666132.1_4107	1167	1218.5	165.238	12.6296
lcl|NW_015386400.1_cds_XP_015666131.1_4108	1344	1409.59	91.036	6.01479
lcl|NW_015386400.1_cds_XP_015666130.1_4109	1431	1506.18	202.726	12.5353
lcl|NW_015386400.1_cds_XP_015666134.1_4110	1464	1394.89	600	40.0602
lcl|NW_015386400.1_cds_XP_029138919.1_4111	2703	2746.62	22	0.745977
lcl|NW_015386400.1_cds_XP_015666138.1_4112	2163	2121.73	949.613	41.6829
lcl|NW_015386400.1_cds_XP_015666137.1_4113	2169	2126.01	147.387	6.45646
lcl|NW_015386400.1_cds_XP_015666115.1_4114	2787	2748.95	0	0
lcl|NW_015386400.1_cds_XP_015666139.1_4115	618	597.552	1535	239.24
lcl|NW_015386400.1_cds_XP_015666159.1_4116	1050	988.538	2	0.188425
lcl|NW_015386400.1_cds_XP_015666140.1_4117	3129	3006.01	21	0.650625
lcl|NW_015386400.1_cds_XP_015666141.1_4118	1731	1689.69	24	1.32283
lcl|NW_015386400.1_cds_XP_015666142.1_4119	1926	1964.4	244.783	11.6052
lcl|NW_015386400.1_cds_XP_015666160.1_4120	783	768.58	79	9.5728
lcl|NW_015386400.1_cds_XP_029138916.1_4121	1407	1365.91	19	1.29549
lcl|NW_015386400.1_cds_XP_015666144.1_4122	1710	1636.69	1406.6	80.0393
lcl|NW_015386400.1_cds_XP_015666145.1_4123	1470	1408.63	332.403	21.977
lcl|NW_015386400.1_cds_XP_029138920.1_4124	3840	3736.41	208	5.18453
lcl|NW_015386400.1_cds_XP_015666148.1_4125	7011	6929.82	233	3.13137
lcl|NW_015386400.1_cds_XP_015666149.1_4126	2499	2509.64	276	10.2423
lcl|NW_015386400.1_cds_XP_015666152.1_4127	3126	3145.2	0	0
lcl|NW_015386400.1_cds_XP_015666151.1_4128	3300	3345.69	0.000608695	1.6944e-05
lcl|NW_015386400.1_cds_XP_015666150.1_4129	3327	3371.92	173.208	4.78401
lcl|NW_015386400.1_cds_XP_015666153.1_4130	2796	2817.82	0	0
lcl|NW_015386401.1_cds_XP_015666196.1_4131	954	880.475	10.7902	1.14134
lcl|NW_015386401.1_cds_XP_029138929.1_4132	2124	2085.95	0	0
lcl|NW_015386401.1_cds_XP_015666184.1_4133	516	489.238	50.5201	9.61712
lcl|NW_015386401.1_cds_XP_015666183.1_4134	519	491.075	1475.48	279.825
lcl|NW_015386401.1_cds_XP_015666197.1_4135	1449	1264.3	2	0.147326
lcl|NW_015386401.1_cds_XP_015666198.1_4136	501	405.369	302	69.3838
lcl|NW_015386401.1_cds_XP_015666185.1_4137	405	325.201	92	26.3474
lcl|NW_015386401.1_cds_XP_015666162.1_4138	546	507.949	0	0
lcl|NW_015386401.1_cds_XP_029138930.1_4139	1215	1184.67	1	0.0786145
lcl|NW_015386401.1_cds_XP_015666165.1_4140	996	912.332	7	0.714573
lcl|NW_015386401.1_cds_XP_015666199.1_4141	654	581.217	669	107.199
lcl|NW_015386401.1_cds_XP_015666200.1_4142	696	628.146	2	0.296532
lcl|NW_015386401.1_cds_XP_015666166.1_4143	1227	1179.28	21	1.65846
lcl|NW_015386401.1_cds_XP_015666201.2_4144	648	562.955	2990	494.651
lcl|NW_015386401.1_cds_XP_015666167.2_4145	7290	7163.7	2	0.0260012
lcl|NW_015386401.1_cds_XP_029138921.1_4146	2691	2550.43	27	0.985942
lcl|NW_015386401.1_cds_XP_029138922.1_4147	2025	1929.56	3	0.144799
lcl|NW_015386401.1_cds_XP_015666203.1_4148	393	339.202	163	44.7539
lcl|NW_015386401.1_cds_XP_015666204.1_4149	333	269.116	17	5.88316
lcl|NW_015386401.1_cds_XP_015666168.1_4150	2127	1990.72	8	0.374266
lcl|NW_015386401.1_cds_XP_029138923.1_4151	654	615.949	0	0
lcl|NW_015386401.1_cds_XP_015666188.1_4152	522	490.35	51.0056	9.68752
lcl|NW_015386401.1_cds_XP_015666189.1_4153	744	716.29	31	4.03064
lcl|NW_015386401.1_cds_XP_015666206.1_4154	387	329.154	615	174.011
lcl|NW_015386401.1_cds_XP_015666207.1_4155	387	329.154	615	174.011
lcl|NW_015386401.1_cds_XP_015666208.1_4156	387	329.154	615	174.011
lcl|NW_015386401.1_cds_XP_015666209.1_4157	444	386.015	86	20.7489
lcl|NW_015386401.1_cds_XP_015666169.1_4158	1143	1120.68	46	3.82275
lcl|NW_015386401.1_cds_XP_015666170.1_4159	1083	939.255	2	0.198311
lcl|NW_015386401.1_cds_XP_029138925.1_4160	306	241.04	3	1.15913
lcl|NW_015386401.1_cds_XP_029138931.1_4161	1578	1543.52	10	0.603377
lcl|NW_015386401.1_cds_XP_015666190.1_4162	1881	1839.42	9	0.455684
lcl|NW_015386401.1_cds_XP_015666172.1_4163	2292	2264.06	4	0.164541
lcl|NW_015386401.1_cds_XP_029138926.1_4164	3414	3246.43	146	4.18841
lcl|NW_015386401.1_cds_XP_015666175.1_4165	1083	1044.95	0	0
lcl|NW_015386401.1_cds_XP_015666210.1_4166	783	763.227	6	0.732148
lcl|NW_015386401.1_cds_XP_015666191.1_4167	909	839.964	2200	243.929
lcl|NW_015386401.1_cds_XP_015666211.1_4168	1434	1317.87	68	4.80549
lcl|NW_015386401.1_cds_XP_015666176.1_4169	1080	974.558	2	0.191128
lcl|NW_015386401.1_cds_XP_015666177.1_4170	1305	1325.8	4	0.280986
lcl|NW_015386401.1_cds_XP_015666192.1_4171	3120	2979.44	154	4.81379
lcl|NW_015386401.1_cds_XP_015666212.1_4172	1404	1311.54	31	2.20132
lcl|NW_015386401.1_cds_XP_015666195.1_4173	987	956.84	113	10.9987
lcl|NW_015386401.1_cds_XP_015666213.1_4174	1467	1433.62	18	1.16934
lcl|NW_015386401.1_cds_XP_015666178.1_4175	666	627.949	0	0
lcl|NW_015386401.1_cds_XP_015666180.1_4176	930	813.642	5	0.572319
lcl|NW_015386401.1_cds_XP_015666214.1_4177	321	292.321	47	14.9741
lcl|NW_015386401.1_cds_XP_029138927.1_4178	735	680.271	30	4.10715
lcl|NW_015386401.1_cds_XP_015666216.1_4179	423	366.347	27	6.86392
lcl|NW_015386401.1_cds_XP_029138928.1_4180	4107	4068.95	0	0
lcl|NW_015386401.1_cds_XP_015666182.2_4181	699	660.949	0	0
lcl|NW_015386402.1_cds_XP_015666217.1_4182	576	562.697	49	8.11004
lcl|NW_015386402.1_cds_XP_015666218.1_4183	930	907.355	61	6.26115
lcl|NW_015386403.1_cds_XP_015666222.1_4184	1800	1768.36	9	0.473993
lcl|NW_015386403.1_cds_XP_015666223.2_4185	2526	2541.93	26	0.952601
lcl|NW_015386403.1_cds_XP_015666219.1_4186	2310	2308.68	8	0.322721
lcl|NW_015386403.1_cds_XP_015666224.1_4187	648	607.876	107	16.3934
lcl|NW_015386403.1_cds_XP_015666225.1_4188	648	607.876	107	16.3934
lcl|NW_015386403.1_cds_XP_015666226.1_4189	1797	1727	7	0.377492
lcl|NW_015386403.1_cds_XP_015666220.1_4190	3315	3276.95	0	0
lcl|NW_015386403.1_cds_XP_015666227.1_4191	2370	2358.7	49	1.93475
lcl|NW_015386403.1_cds_XP_015666228.1_4192	2469	2435.55	60	2.29432
lcl|NW_015386403.1_cds_XP_015666229.1_4193	2955	2994.6	4	0.124401
lcl|NW_015386403.1_cds_XP_015666237.1_4194	765	726.949	0	0
lcl|NW_015386403.1_cds_XP_015666230.1_4195	1722	1713.54	30	1.63052
lcl|NW_015386403.1_cds_XP_015666231.1_4196	942	913.726	46	4.6886
lcl|NW_015386403.1_cds_XP_015666232.1_4197	249	221.325	23	9.67831
lcl|NW_015386403.1_cds_XP_015666221.1_4198	618	579.949	0	0
lcl|NW_015386403.1_cds_XP_029138932.1_4199	3252	3334.72	169	4.71985
lcl|NW_015386403.1_cds_XP_015666234.1_4200	1575	1565.06	1128	67.1243
lcl|NW_015386403.1_cds_XP_015666235.1_4201	1716	1700.43	132	7.22963
lcl|NW_015386403.1_cds_XP_029138933.1_4202	1398	1436.04	7	0.453975
lcl|NW_015386404.1_cds_XP_029138939.1_4203	855	820.31	24	2.7248
lcl|NW_015386404.1_cds_XP_015666259.1_4204	864	824.764	0	0
lcl|NW_015386404.1_cds_XP_015666239.1_4205	1995	1853.5	12	0.602961
lcl|NW_015386404.1_cds_XP_015666255.1_4206	954	893.822	3	0.312587
lcl|NW_015386404.1_cds_XP_029138934.1_4207	2955	2916.95	0	0
lcl|NW_015386404.1_cds_XP_015666261.2_4208	1491	1437.16	0	0
lcl|NW_015386404.1_cds_XP_029138940.1_4209	1359	1309.85	5	0.355508
lcl|NW_015386404.1_cds_XP_029138935.1_4210	819	780.949	0	0
lcl|NW_015386404.1_cds_XP_029138936.1_4211	3975	3936.48	21	0.496835
lcl|NW_015386404.1_cds_XP_015666241.2_4212	819	780.949	0	0
lcl|NW_015386404.1_cds_XP_029138941.1_4213	579	540.949	0	0
lcl|NW_015386404.1_cds_XP_029138942.1_4214	519	480.949	0	0
lcl|NW_015386404.1_cds_XP_015666262.2_4215	504	465.949	0	0
lcl|NW_015386404.1_cds_XP_015666243.1_4216	1551	1512.95	0	0
lcl|NW_015386404.1_cds_XP_029138943.1_4217	2046	1923.9	1	0.0484082
lcl|NW_015386404.1_cds_XP_015666245.1_4218	747	657.113	1	0.14173
lcl|NW_015386404.1_cds_XP_029138937.1_4219	1188	1107.85	6	0.504395
lcl|NW_015386404.1_cds_XP_015666247.1_4220	1128	1089.95	0	0
lcl|NW_015386404.1_cds_XP_029138944.1_4221	1530	1491.95	0	0
lcl|NW_015386404.1_cds_XP_015666256.1_4222	1350	1259.55	13	0.961235
lcl|NW_015386404.1_cds_XP_015666257.1_4223	1824	1723.4	34	1.83736
lcl|NW_015386404.1_cds_XP_015666250.1_4224	4629	4285.1	6	0.130404
lcl|NW_015386404.1_cds_XP_015666258.1_4225	2217	2157.25	67	2.89251
lcl|NW_015386404.1_cds_XP_015666251.1_4226	846	741.118	155	19.4781
lcl|NW_015386404.1_cds_XP_015666263.1_4227	1002	938.945	3	0.297566
lcl|NW_015386404.1_cds_XP_029138938.1_4228	1206	1167.95	0	0
lcl|NW_015386404.1_cds_XP_015666253.1_4229	705	669.025	1	0.139206
lcl|NW_015386405.1_cds_XP_015666271.1_4230	81	42.9735	0	0
lcl|NW_015386405.1_cds_XP_015666267.1_4231	1701	1736.21	11	0.590053
lcl|NW_015386405.1_cds_XP_015666265.1_4232	450	446.334	9	1.87795
lcl|NW_015386405.1_cds_XP_015666269.1_4233	2265	2226.95	0	0
lcl|NW_015386405.1_cds_XP_015666268.1_4234	2385	2346.95	0	0
lcl|NW_015386405.1_cds_XP_015666270.1_4235	2370	2488.09	3	0.112294
lcl|NW_015386406.1_cds_XP_015666281.1_4236	936	877.141	6	0.637064
lcl|NW_015386406.1_cds_XP_015666296.1_4237	1299	1266.3	31	2.27996
lcl|NW_015386406.1_cds_XP_015666282.1_4238	624	564.953	37.8231	6.23514
lcl|NW_015386406.1_cds_XP_015666283.1_4239	609	550.42	2.17687	0.368333
lcl|NW_015386406.1_cds_XP_015666273.1_4240	897	850.762	2	0.218939
lcl|NW_015386406.1_cds_XP_015666284.1_4241	1347	1309.74	71	5.04864
lcl|NW_015386406.1_cds_XP_015666285.1_4242	1269	1180.79	25	1.97182
lcl|NW_015386406.1_cds_XP_015666287.1_4243	612	588.875	1313	207.655
lcl|NW_015386406.1_cds_XP_015666288.1_4244	534	531.085	15366	2694.62
lcl|NW_015386406.1_cds_XP_015666289.1_4245	495	456.949	0	0
lcl|NW_015386406.1_cds_XP_015666275.1_4246	2544	2542.83	31	1.13539
lcl|NW_015386406.1_cds_XP_029138946.1_4247	2910	2995.71	260	8.08305
lcl|NW_015386406.1_cds_XP_015666276.1_4248	3123	3084.95	0	0
lcl|NW_015386406.1_cds_XP_015666298.1_4249	636	597.949	0	0
lcl|NW_015386406.1_cds_XP_015666277.1_4250	459	420.949	0	0
lcl|NW_015386406.1_cds_XP_015666291.1_4251	957	893.228	134	13.9715
lcl|NW_015386406.1_cds_XP_015666278.1_4252	699	660.949	0	0
lcl|NW_015386406.1_cds_XP_015666292.1_4253	2550	2528.82	122	4.49307
lcl|NW_015386406.1_cds_XP_015666279.2_4254	2292	2292.94	6	0.243702
lcl|NW_015386406.1_cds_XP_029138945.1_4255	3828	3789.95	0	0
lcl|NW_015386406.1_cds_XP_015666300.1_4256	1464	1425.95	0	0
lcl|NW_015386406.1_cds_XP_015666293.1_4257	2283	2334.62	11	0.438811
lcl|NW_015386406.1_cds_XP_015666294.1_4258	13413	13468.7	31	0.214357
lcl|NW_015386406.1_cds_XP_015666280.1_4259	1146	1107.95	0	0
lcl|NW_015386406.1_cds_XP_029138947.1_4260	2607	2568.95	0	0
lcl|NW_015386406.1_cds_XP_029138948.1_4261	1335	1327.44	4	0.280638
lcl|NW_015386407.1_cds_XP_015666304.1_4262	3486	3493.29	11	0.293264
lcl|NW_015386407.1_cds_XP_015666302.1_4263	3612	3625.86	0	0
lcl|NW_015386407.1_cds_XP_015666303.1_4264	3588	3606.56	0	0
lcl|NW_015386407.1_cds_XP_015666301.1_4265	3714	3733.33	0	0
lcl|NW_015386408.1_cds_XP_015666305.1_4266	727	688.949	0	0
lcl|NW_015386408.1_cds_XP_015666338.1_4267	621	552.233	4	0.674589
lcl|NW_015386408.1_cds_XP_015666306.1_4268	8073	8147.11	143	1.63468
lcl|NW_015386408.1_cds_XP_015666307.2_4269	771	719.265	1	0.129483
lcl|NW_015386408.1_cds_XP_015666339.1_4270	396	374.574	2	0.497271
lcl|NW_015386408.1_cds_XP_029138949.1_4271	2481	2524.4	759	28.0018
lcl|NW_015386408.1_cds_XP_015666340.1_4272	270	221.902	3	1.2591
lcl|NW_015386408.1_cds_XP_015666310.1_4273	894	855.949	0	0
lcl|NW_015386408.1_cds_XP_015666311.1_4274	969	930.949	0	0
lcl|NW_015386408.1_cds_XP_015666312.2_4275	1446	1407.95	0	0
lcl|NW_015386408.1_cds_XP_015666315.1_4276	1890	1882.29	219	10.8358
lcl|NW_015386408.1_cds_XP_015666316.1_4277	423	390.901	485	115.552
lcl|NW_015386408.1_cds_XP_015666313.1_4278	1236	1127.86	50	4.12873
lcl|NW_015386408.1_cds_XP_015666317.1_4279	1347	1251.92	97	7.21601
lcl|NW_015386408.1_cds_XP_015666318.1_4280	1110	1119.82	205	17.0492
lcl|NW_015386408.1_cds_XP_015666319.1_4281	1110	1119.82	205	17.0492
lcl|NW_015386408.1_cds_XP_029138951.1_4282	1110	1119.82	205	17.0492
lcl|NW_015386408.1_cds_XP_015666321.1_4283	543	534.896	1317	229.307
lcl|NW_015386408.1_cds_XP_015666322.1_4284	570	508.528	14	2.56398
lcl|NW_015386408.1_cds_XP_015666323.1_4285	1239	1187.56	1303	102.186
lcl|NW_015386408.1_cds_XP_015666324.1_4286	1299	1190.5	29	2.26867
lcl|NW_015386408.1_cds_XP_015666325.1_4287	8553	8454.15	566	6.23517
lcl|NW_015386408.1_cds_XP_015666326.1_4288	1698	1714.28	660	35.8561
lcl|NW_015386408.1_cds_XP_015666327.1_4289	383	308.441	214	64.6164
lcl|NW_015386408.1_cds_XP_015666328.1_4290	891	815.954	672.057	76.7082
lcl|NW_015386408.1_cds_XP_015666329.1_4291	876	798.537	3163.94	369.007
lcl|NW_015386408.1_cds_XP_015666330.1_4292	4977	4764.08	69	1.34887
lcl|NW_015386408.1_cds_XP_015666333.1_4293	477	432.639	12	2.5832
lcl|NW_015386408.1_cds_XP_015666334.1_4294	2208	2238.75	96	3.99363
lcl|NW_015386408.1_cds_XP_015666342.1_4295	432	386.751	2	0.481614
lcl|NW_015386408.1_cds_XP_015666335.1_4296	1359	1324.87	122	8.57604
lcl|NW_015386408.1_cds_XP_015666336.1_4297	270	217.692	69	29.5194
lcl|NW_015386408.1_cds_XP_029138950.1_4298	1065	1026.95	0	0
lcl|NW_015386408.1_cds_XP_015666337.1_4299	1092	1018.86	58	5.3017
lcl|NW_015386408.1_cds_XP_015666314.1_4300	939	895.986	30	3.11833
lcl|NW_015386409.1_cds_XP_015666343.2_4301	909	891.473	4	0.417881
lcl|NW_015386409.1_cds_XP_015666355.1_4302	1677	1646.94	141.937	8.02639
lcl|NW_015386409.1_cds_XP_015666344.1_4303	834	791.307	25	2.94236
lcl|NW_015386409.1_cds_XP_015666356.1_4304	612	580.54	108	17.3258
lcl|NW_015386409.1_cds_XP_015666357.1_4305	927	906.951	49	5.03169
lcl|NW_015386409.1_cds_XP_015666345.1_4306	1269	1230.95	0	0
lcl|NW_015386409.1_cds_XP_015666358.1_4307	630	588.618	94	14.8729
lcl|NW_015386409.1_cds_XP_015666360.1_4308	975	964.076	3064.03	295.994
lcl|NW_015386409.1_cds_XP_015666361.1_4309	972	962.654	876.971	84.8431
lcl|NW_015386409.1_cds_XP_015666363.1_4310	657	644.969	0.133382	0.0192602
lcl|NW_015386409.1_cds_XP_015666364.1_4311	654	642.643	3.86662	0.560354
lcl|NW_015386409.1_cds_XP_029138953.1_4312	492	453.949	0	0
lcl|NW_015386409.1_cds_XP_015666362.1_4313	1257	1239.41	144	10.8205
lcl|NW_015386409.1_cds_XP_015666366.1_4314	426	363.335	59	15.1233
lcl|NW_015386409.1_cds_XP_029138957.1_4315	726	712.24	1	0.13076
lcl|NW_015386409.1_cds_XP_015666367.1_4316	924	857.347	106	11.5146
lcl|NW_015386409.1_cds_XP_015666368.1_4317	924	857.347	106	11.5146
lcl|NW_015386409.1_cds_XP_015666369.1_4318	2022	2063.43	172.466	7.78424
lcl|NW_015386409.1_cds_XP_029138958.1_4319	2721	2798.84	7	0.232928
lcl|NW_015386409.1_cds_XP_029138962.1_4320	897	858.949	0	0
lcl|NW_015386409.1_cds_XP_015666372.1_4321	2787	2866.8	10	0.324866
lcl|NW_015386409.1_cds_XP_015666373.1_4322	471	424.131	938	205.97
lcl|NW_015386409.1_cds_XP_015666374.1_4323	483	420.181	82	18.1752
lcl|NW_015386409.1_cds_XP_029138963.1_4324	1923	1805.92	3	0.154712
lcl|NW_015386409.1_cds_XP_015666402.1_4325	1992	1878.69	0	0
lcl|NW_015386409.1_cds_XP_015666403.1_4326	1701	1662.95	0	0
lcl|NW_015386409.1_cds_XP_015666375.1_4327	1752	1708.47	14	0.76317
lcl|NW_015386409.1_cds_XP_015666376.1_4328	1647	1553.45	568	34.0528
lcl|NW_015386409.1_cds_XP_015666377.1_4329	906	846.282	33	3.63162
lcl|NW_015386409.1_cds_XP_015666378.1_4330	2289	2246.32	92	3.81432
lcl|NW_015386409.1_cds_XP_015666380.1_4331	2181	2083.98	190	8.49105
lcl|NW_015386409.1_cds_XP_015666405.1_4332	696	668.672	219	30.5023
lcl|NW_015386409.1_cds_XP_015666349.1_4333	432	393.949	0	0
lcl|NW_015386409.1_cds_XP_029138959.1_4334	2790	2751.95	0	0
lcl|NW_015386409.1_cds_XP_015666351.1_4335	633	600.739	29	4.49587
lcl|NW_015386409.1_cds_XP_029138954.1_4336	591	529.107	136	23.9385
lcl|NW_015386409.1_cds_XP_015666381.1_4337	3387	3398.6	524	14.3593
lcl|NW_015386409.1_cds_XP_015666382.1_4338	939	943.117	697	68.8285
lcl|NW_015386409.1_cds_XP_029138960.1_4339	2520	2490.67	6	0.224356
lcl|NW_015386409.1_cds_XP_015666386.1_4340	2676	2638.42	39	1.37664
lcl|NW_015386409.1_cds_XP_015666387.1_4341	4251	4375.07	163	3.4698
lcl|NW_015386409.1_cds_XP_015666388.1_4342	477	411.499	349	78.9874
lcl|NW_015386409.1_cds_XP_015666389.1_4343	477	411.499	349	78.9874
lcl|NW_015386409.1_cds_XP_015666390.1_4344	516	438.503	2354	499.961
lcl|NW_015386409.1_cds_XP_015666407.1_4345	660	650	7	1.00296
lcl|NW_015386409.1_cds_XP_015666391.1_4346	3468	3469.68	1070	28.7207
lcl|NW_015386409.1_cds_XP_015666393.1_4347	2178	2208.22	141.427	5.96476
lcl|NW_015386409.1_cds_XP_015666392.1_4348	2217	2245.93	451.573	18.7255
lcl|NW_015386409.1_cds_XP_029138961.1_4349	1257	1255.54	476	35.3084
lcl|NW_015386409.1_cds_XP_015666394.1_4350	2730	2672.84	1482	51.6388
lcl|NW_015386409.1_cds_XP_015666353.1_4351	1650	1601.11	1	0.0581673
lcl|NW_015386409.1_cds_XP_015666396.1_4352	459	441.138	205.379	43.3594
lcl|NW_015386409.1_cds_XP_015666397.1_4353	387	369.771	45.6208	11.4903
lcl|NW_015386409.1_cds_XP_015666408.1_4354	510	392.84	1	0.237075
lcl|NW_015386409.1_cds_XP_015666398.1_4355	1944	1966.3	131	6.20473
lcl|NW_015386409.1_cds_XP_015666354.1_4356	1590	1551.95	0	0
lcl|NW_015386409.1_cds_XP_015666399.1_4357	1209	1185.91	0	0
lcl|NW_015386409.1_cds_XP_029138955.1_4358	1098	1063.69	0	0
lcl|NW_015386409.1_cds_XP_015666400.1_4359	1041	1009.95	1	0.0922147
lcl|NW_015386409.1_cds_XP_029138956.1_4360	1104	1065.95	0	0
lcl|NW_015386409.1_cds_XP_015666401.1_4361	630	598.767	3	0.466622
lcl|NW_015386410.1_cds_XP_015666419.1_4362	2949	2838.12	2	0.0656297
lcl|NW_015386410.1_cds_XP_015666409.1_4363	756	717.949	0	0
lcl|NW_015386410.1_cds_XP_015666411.1_4364	1347	1312.35	411.62	29.211
lcl|NW_015386410.1_cds_XP_029138964.1_4365	1794	1711.46	5.69457	0.309881
lcl|NW_015386410.1_cds_XP_029138965.1_4366	777	738.949	0	0
lcl|NW_015386410.1_cds_XP_029138971.1_4367	5988	5673.29	36.2035	0.594316
lcl|NW_015386410.1_cds_XP_015666432.1_4368	615	574.713	64	10.3712
lcl|NW_015386410.1_cds_XP_015666422.2_4369	1056	965.645	3.74583	0.36127
lcl|NW_015386410.1_cds_XP_015666433.1_4370	1803	1721.75	3	0.162276
lcl|NW_015386410.1_cds_XP_015666423.1_4371	567	487.53	1861.46	355.592
lcl|NW_015386410.1_cds_XP_015666426.1_4372	864	825.949	0	0
lcl|NW_015386410.1_cds_XP_015666425.1_4373	1014	968.787	6	0.576798
lcl|NW_015386410.1_cds_XP_029138966.1_4374	900	861.949	0	0
lcl|NW_015386410.1_cds_XP_015666413.2_4375	1716	1677.95	0	0
lcl|NW_015386410.1_cds_XP_029138967.1_4376	1095	1056.95	0	0
lcl|NW_015386410.1_cds_XP_015666414.1_4377	2118	2010.89	2	0.0926283
lcl|NW_015386410.1_cds_XP_015666434.2_4378	2799	2627.23	6.21782	0.220415
lcl|NW_015386410.1_cds_XP_015666436.2_4379	3048	2915.41	11	0.351394
lcl|NW_015386410.1_cds_XP_015666437.1_4380	357	303.083	327	100.482
lcl|NW_015386410.1_cds_XP_015666416.2_4381	615	576.949	0	0
lcl|NW_015386410.1_cds_XP_015666438.1_4382	972	933.949	0	0
lcl|NW_015386410.1_cds_XP_015666439.1_4383	414	343.062	285.539	77.5165
lcl|NW_015386410.1_cds_XP_015666440.1_4384	414	343.062	285.539	77.5165
lcl|NW_015386410.1_cds_XP_015666428.1_4385	576	537.949	0	0
lcl|NW_015386410.1_cds_XP_015666427.1_4386	633	594.949	0	0
lcl|NW_015386410.1_cds_XP_029138973.1_4387	1554	1515.95	0	0
lcl|NW_015386410.1_cds_XP_015666417.1_4388	1605	1566.95	0	0
lcl|NW_015386410.1_cds_XP_029138972.1_4389	483	444.949	0	0
lcl|NW_015386410.1_cds_XP_015666418.1_4390	921	891.165	9	0.940558
lcl|NW_015386410.1_cds_XP_015666441.1_4391	258	224.642	617	255.797
lcl|NW_015386410.1_cds_XP_015666443.1_4392	726	700.002	31	4.12443
lcl|NW_015386410.1_cds_XP_015666429.1_4393	1500	1449.83	282.48	18.1456
lcl|NW_015386410.1_cds_XP_015666430.1_4394	2154	2061.93	14.125	0.63799
lcl|NW_015386410.1_cds_XP_015666445.1_4395	801	721.659	77	9.9371
lcl|NW_015386410.1_cds_XP_015666446.1_4396	3993	3954.95	0	0
lcl|NW_015386410.1_cds_XP_015666447.1_4397	639	638.364	22.9311	3.34548
lcl|NW_015386410.1_cds_XP_029138974.1_4398	687	703.174	1.96538	0.260307
lcl|NW_015386410.1_cds_XP_029138968.1_4399	1260	1221.95	0	0
lcl|NW_015386410.1_cds_XP_015666448.1_4400	591	565.777	0	0
lcl|NW_015386410.1_cds_XP_015666449.1_4401	492	457.015	8.17301	1.66553
lcl|NW_015386410.1_cds_XP_015666450.1_4402	492	457.015	8.17301	1.66553
lcl|NW_015386410.1_cds_XP_029138970.1_4403	1446	1407.95	0	0
lcl|NW_015386411.1_cds_XP_029138976.1_4404	1311	1266.66	125	9.19077
lcl|NW_015386411.1_cds_XP_015666452.1_4405	972	958.772	356	34.5809
lcl|NW_015386411.1_cds_XP_015666451.1_4406	7202	6930.08	252	3.3866
lcl|NW_015386411.1_cds_XP_015666455.1_4407	2751	2720.92	705	24.131
lcl|NW_015386411.1_cds_XP_015666456.1_4408	852	828.32	89.6375	10.0784
lcl|NW_015386411.1_cds_XP_015666457.1_4409	699	671.227	18.3625	2.54779
lcl|NW_015386411.1_cds_XP_015666462.1_4410	717	626.424	0	0
lcl|NW_015386411.1_cds_XP_015666461.1_4411	1155	1079.81	14	1.20749
lcl|NW_015386411.1_cds_XP_015666459.1_4412	1473	1469.98	38.5	2.43922
lcl|NW_015386411.1_cds_XP_015666460.1_4413	1473	1469.98	38.5	2.43922
lcl|NW_015386411.1_cds_XP_029138977.1_4414	3660	3812.63	2562.81	62.6027
lcl|NW_015386411.1_cds_XP_029138978.1_4415	3774	3931.92	84.1876	1.99409
lcl|NW_015386412.1_cds_XP_015666515.1_4416	510	433.867	59	12.6648
lcl|NW_015386412.1_cds_XP_015666482.1_4417	2052	1856.81	971	48.7028
lcl|NW_015386412.1_cds_XP_015666516.1_4418	3081	2880.49	7	0.226326
lcl|NW_015386412.1_cds_XP_015666483.1_4419	2274	2174.81	53	2.26963
lcl|NW_015386412.1_cds_XP_015666464.1_4420	4881	4836.17	42	0.808815
lcl|NW_015386412.1_cds_XP_015666463.1_4421	480	441.949	0	0
lcl|NW_015386412.1_cds_XP_015666484.1_4422	837	741.883	9	1.12982
lcl|NW_015386412.1_cds_XP_015666486.2_4423	3096	2924	20	0.637022
lcl|NW_015386412.1_cds_XP_015666487.1_4424	1317	1283.48	8	0.580501
lcl|NW_015386412.1_cds_XP_015666517.1_4425	330	290.3	41	13.1534
lcl|NW_015386412.1_cds_XP_015666489.1_4426	930	886.654	52.1826	5.48116
lcl|NW_015386412.1_cds_XP_015666488.1_4427	966	917.542	95.8174	9.72568
lcl|NW_015386412.1_cds_XP_015666518.1_4428	963	924.949	0	0
lcl|NW_015386412.1_cds_XP_015666490.1_4429	1020	946.222	3476	342.128
lcl|NW_015386412.1_cds_XP_029138981.1_4430	2505	2327.84	32	1.28026
lcl|NW_015386412.1_cds_XP_015666491.2_4431	1440	1393.26	91	6.08291
lcl|NW_015386412.1_cds_XP_029138979.1_4432	11250	10940.1	258	2.19634
lcl|NW_015386412.1_cds_XP_015666468.2_4433	1254	1082.55	9	0.774276
lcl|NW_015386412.1_cds_XP_015666519.1_4434	7563	6893.85	3	0.0405285
lcl|NW_015386412.1_cds_XP_015666495.1_4435	981	876.75	0	0
lcl|NW_015386412.1_cds_XP_015666500.1_4436	855	748.133	14.9563	1.86187
lcl|NW_015386412.1_cds_XP_015666496.1_4437	855	754.001	18.9426	2.33975
lcl|NW_015386412.1_cds_XP_015666494.1_4438	855	760.542	132.218	16.1908
lcl|NW_015386412.1_cds_XP_015666492.1_4439	855	760.306	658.119	80.6153
lcl|NW_015386412.1_cds_XP_015666499.1_4440	855	753.709	0	0
lcl|NW_015386412.1_cds_XP_015666497.1_4441	855	753.036	0	0
lcl|NW_015386412.1_cds_XP_015666469.1_4442	1542	1407.42	75	4.96294
lcl|NW_015386412.1_cds_XP_015666520.1_4443	624	547.204	16.3904	2.7896
lcl|NW_015386412.1_cds_XP_029138982.1_4444	1485	1358.35	2	0.137126
lcl|NW_015386412.1_cds_XP_015666522.1_4445	1563	1462.88	61	3.88348
lcl|NW_015386412.1_cds_XP_015666502.1_4446	678	591.211	30	4.72585
lcl|NW_015386412.1_cds_XP_015666501.1_4447	14568	13960	106	0.707167
lcl|NW_015386412.1_cds_XP_015666523.1_4448	1470	1349.97	5	0.344942
lcl|NW_015386412.1_cds_XP_015666524.1_4449	2850	2535.71	5	0.183642
lcl|NW_015386412.1_cds_XP_015666526.2_4450	1467	1248.73	1	0.0745819
lcl|NW_015386412.1_cds_XP_015666503.1_4451	3330	3166.75	24	0.705828
lcl|NW_015386412.1_cds_XP_029138983.1_4452	537	498.949	0	0
lcl|NW_015386412.1_cds_XP_015666530.1_4453	2949	2794.58	8.46463	0.282094
lcl|NW_015386412.1_cds_XP_015666529.1_4454	2952	2796.44	4.53391	0.150997
lcl|NW_015386412.1_cds_XP_015666528.1_4455	2976	2826.52	0	0
lcl|NW_015386412.1_cds_XP_015666527.1_4456	2979	2821.33	0.00145965	4.81834e-05
lcl|NW_015386412.1_cds_XP_029138986.1_4457	3003	2851.46	0	0
lcl|NW_015386412.1_cds_XP_015666504.1_4458	2760	2533.51	103	3.78631
lcl|NW_015386412.1_cds_XP_015666531.1_4459	1059	1008.93	1	0.0923086
lcl|NW_015386412.1_cds_XP_015666505.1_4460	2253	2194.6	86	3.64959
lcl|NW_015386412.1_cds_XP_015666471.1_4461	1533	1494.95	0	0
lcl|NW_015386412.1_cds_XP_015666532.1_4462	882	790.984	1	0.117743
lcl|NW_015386412.1_cds_XP_015666533.1_4463	1557	1452.88	0	0
lcl|NW_015386412.1_cds_XP_015666534.1_4464	1443	1336.89	1	0.0696633
lcl|NW_015386412.1_cds_XP_015666535.1_4465	948	909.949	0	0
lcl|NW_015386412.1_cds_XP_029138984.1_4466	1809	1632.17	13	0.741787
lcl|NW_015386412.1_cds_XP_029138985.1_4467	3864	3623.21	34	0.87395
lcl|NW_015386412.1_cds_XP_015666507.1_4468	2154	2069.99	45	2.02463
lcl|NW_015386412.1_cds_XP_015666509.1_4469	3915	3789.35	43	1.05683
lcl|NW_015386412.1_cds_XP_029138980.1_4470	1167	1090.79	54	4.61054
lcl|NW_015386412.1_cds_XP_015666474.1_4471	1143	983.311	119	11.2709
lcl|NW_015386412.1_cds_XP_015666475.1_4472	4266	3951.81	16	0.377072
lcl|NW_015386412.1_cds_XP_015666476.1_4473	3618	3579.95	0	0
lcl|NW_015386412.1_cds_XP_015666478.1_4474	1263	1104	8	0.674871
lcl|NW_015386412.1_cds_XP_015666510.1_4475	1263	1128.33	62.8427	5.18707
lcl|NW_015386412.1_cds_XP_015666511.1_4476	1245	1117.95	295.157	24.5886
lcl|NW_015386412.1_cds_XP_015666512.1_4477	2454	2335.32	430	17.1484
lcl|NW_015386412.1_cds_XP_015666513.1_4478	1050	995.606	102	9.54144
lcl|NW_015386412.1_cds_XP_015666479.1_4479	642	603.949	0	0
lcl|NW_015386412.1_cds_XP_015666536.1_4480	489	395.705	470	110.619
lcl|NW_015386412.1_cds_XP_029138987.1_4481	6537	6458.03	1.4145	0.0203988
lcl|NW_015386412.1_cds_XP_029138988.1_4482	6543	6464.34	0.585502	0.0084354
lcl|NW_015386412.1_cds_XP_015666480.1_4483	3210	3192.49	7	0.204207
lcl|NW_015386412.1_cds_XP_015666481.1_4484	1341	1302.95	0	0
lcl|NW_015386413.1_cds_XP_015666553.1_4485	1473	1463.04	1159	73.7781
lcl|NW_015386413.1_cds_XP_015666539.1_4486	3171	2683.31	1	0.0347081
lcl|NW_015386413.1_cds_XP_015666540.1_4487	993	869.233	587	62.8931
lcl|NW_015386413.1_cds_XP_015666554.1_4488	1890	1695.7	35	1.9223
lcl|NW_015386413.1_cds_XP_015666562.1_4489	1038	889.141	75	7.85583
lcl|NW_015386413.1_cds_XP_015666564.1_4490	414	345.764	11	2.96288
lcl|NW_015386413.1_cds_XP_015666565.1_4491	1344	1213.87	62	4.75688
lcl|NW_015386413.1_cds_XP_015666555.1_4492	2496	2324.4	11	0.44074
lcl|NW_015386413.1_cds_XP_015666541.1_4493	387	325.427	1	0.286186
lcl|NW_015386413.1_cds_XP_015666542.1_4494	5739	5495.79	47	0.796469
lcl|NW_015386413.1_cds_XP_029138989.1_4495	3612	3573.95	0	0
lcl|NW_015386413.1_cds_XP_029138990.1_4496	5718	5476.34	11	0.18707
lcl|NW_015386413.1_cds_XP_015666566.1_4497	972	933.949	0	0
lcl|NW_015386413.1_cds_XP_015666567.1_4498	636	544.171	13	2.22489
lcl|NW_015386413.1_cds_XP_015666568.1_4499	318	263.828	4	1.41202
lcl|NW_015386413.1_cds_XP_015666569.1_4500	462	358.013	29	7.54398
lcl|NW_015386413.1_cds_XP_029138994.1_4501	1743	1585.41	4	0.234974
lcl|NW_015386413.1_cds_XP_029138993.1_4502	1818	1648.18	0	0
lcl|NW_015386413.1_cds_XP_015666546.1_4503	771	732.949	0	0
lcl|NW_015386413.1_cds_XP_015666570.1_4504	1332	1258.1	12	0.888313
lcl|NW_015386413.1_cds_XP_029138991.1_4505	2841	2445.68	4	0.152322
lcl|NW_015386413.1_cds_XP_015666549.1_4506	1518	1377.53	59	3.98889
lcl|NW_015386413.1_cds_XP_015666558.1_4507	1005	903.271	939	96.8164
lcl|NW_015386413.1_cds_XP_015666560.2_4508	696	624.421	353	52.65
lcl|NW_015386413.1_cds_XP_015666559.2_4509	924	885.949	0	0
lcl|NW_015386413.1_cds_XP_015666561.1_4510	519	441.053	2869	605.816
lcl|NW_015386413.1_cds_XP_029138995.1_4511	876	796.18	2	0.233948
lcl|NW_015386413.1_cds_XP_015666550.1_4512	1071	1015.04	16	1.46805
lcl|NW_015386413.1_cds_XP_015666551.1_4513	723	563.061	2	0.330808
lcl|NW_015386413.1_cds_XP_015666552.1_4514	1428	1361.61	2	0.136798
lcl|NW_015386414.1_cds_XP_015666576.1_4515	1503	1475.47	60.2134	3.80071
lcl|NW_015386414.1_cds_XP_015666577.1_4516	1476	1450.97	119.787	7.68869
lcl|NW_015386414.1_cds_XP_015666578.1_4517	372	316.603	353	103.839
lcl|NW_015386414.1_cds_XP_015666573.1_4518	609	646.021	294	42.384
lcl|NW_015386414.1_cds_XP_015666579.1_4519	1119	1113.06	125	10.459
lcl|NW_015386414.1_cds_XP_015666574.1_4520	2952	2898.93	149	4.78685
lcl|NW_015386414.1_cds_XP_015666580.1_4521	396	369.749	199	50.1242
lcl|NW_015386414.1_cds_XP_029138997.1_4522	1731	1707.61	13	0.709018
lcl|NW_015386414.1_cds_XP_015666582.1_4523	1026	994.458	36	3.37146
lcl|NW_015386414.1_cds_XP_029138996.1_4524	6174	6346.59	27	0.396209
lcl|NW_015386415.1_cds_XP_029139008.1_4525	804	765.949	0	0
lcl|NW_015386415.1_cds_XP_015666610.1_4526	2100	1961.45	63	2.99133
lcl|NW_015386415.1_cds_XP_015666641.1_4527	747	703.724	139	18.3956
lcl|NW_015386415.1_cds_XP_015666586.2_4528	1212	1142.91	24	1.9557
lcl|NW_015386415.1_cds_XP_015666587.1_4529	2793	2665.47	135	4.71696
lcl|NW_015386415.1_cds_XP_015666611.1_4530	960	949.543	347	34.0342
lcl|NW_015386415.1_cds_XP_015666612.1_4531	2436	2297.4	134	5.43213
lcl|NW_015386415.1_cds_XP_015666613.1_4532	1164	1167.91	204	16.2675
lcl|NW_015386415.1_cds_XP_015666588.1_4533	753	662.145	9	1.26587
lcl|NW_015386415.1_cds_XP_015666614.1_4534	5571	5436.11	84	1.4391
lcl|NW_015386415.1_cds_XP_015666642.1_4535	330	273.142	56	19.0942
lcl|NW_015386415.1_cds_XP_015666589.1_4536	1050	930.582	101	10.1081
lcl|NW_015386415.1_cds_XP_029138998.1_4537	3111	3123.87	11	0.327945
lcl|NW_015386415.1_cds_XP_015666643.2_4538	972	890.559	10	1.04578
lcl|NW_015386415.1_cds_XP_015666591.1_4539	870	874.352	1	0.106516
lcl|NW_015386415.1_cds_XP_015666616.1_4540	2754	2682.33	63	2.1874
lcl|NW_015386415.1_cds_XP_015666592.1_4541	609	570.949	0	0
lcl|NW_015386415.1_cds_XP_015666644.1_4542	2157	2034.48	12	0.549325
lcl|NW_015386415.1_cds_XP_015666617.1_4543	465	400.744	112	26.0287
lcl|NW_015386415.1_cds_XP_015666646.1_4544	684	608.242	5	0.765587
lcl|NW_015386415.1_cds_XP_015666647.1_4545	1725	1567.26	13	0.772509
lcl|NW_015386415.1_cds_XP_029139004.1_4546	1176	1147.2	56.3957	4.57834
lcl|NW_015386415.1_cds_XP_015666618.1_4547	1179	1148.58	54.6043	4.42757
lcl|NW_015386415.1_cds_XP_015666594.1_4548	1524	1394.1	151	10.0875
lcl|NW_015386415.1_cds_XP_015666619.1_4549	231	197.448	366	172.636
lcl|NW_015386415.1_cds_XP_015666648.1_4550	372	302.91	12	3.68951
lcl|NW_015386415.1_cds_XP_015666595.1_4551	552	511.901	6	1.09161
lcl|NW_015386415.1_cds_XP_015666596.1_4552	450	411.949	0	0
lcl|NW_015386415.1_cds_XP_015666597.1_4553	498	367.1	4	1.01479
lcl|NW_015386415.1_cds_XP_015666620.1_4554	822	736.869	11	1.39028
lcl|NW_015386415.1_cds_XP_029138999.1_4555	534	383.669	2	0.485484
lcl|NW_015386415.1_cds_XP_015666599.1_4556	1773	1693.66	214	11.7676
lcl|NW_015386415.1_cds_XP_015666621.1_4557	1089	1037.7	15	1.34624
lcl|NW_015386415.1_cds_XP_029139000.1_4558	876	791.1	7	0.824077
lcl|NW_015386415.1_cds_XP_015666600.1_4559	957	736.57	1	0.126441
lcl|NW_015386415.1_cds_XP_015666623.1_4560	2043	1955.55	15	0.714371
lcl|NW_015386415.1_cds_XP_015666624.2_4561	1002	993.917	289	27.08
lcl|NW_015386415.1_cds_XP_029139010.1_4562	1017	917.168	3	0.304631
lcl|NW_015386415.1_cds_XP_015666649.1_4563	1077	975.932	0	0
lcl|NW_015386415.1_cds_XP_015666650.1_4564	1062	958.497	0	0
lcl|NW_015386415.1_cds_XP_029139009.1_4565	1122	1014.43	0	0
lcl|NW_015386415.1_cds_XP_015666601.1_4566	531	367.016	7	1.77629
lcl|NW_015386415.1_cds_XP_015666625.1_4567	2616	2575.6	121	4.37531
lcl|NW_015386415.1_cds_XP_015666602.1_4568	1482	1354.95	2	0.13747
lcl|NW_015386415.1_cds_XP_029139011.1_4569	726	705.501	15	1.98014
lcl|NW_015386415.1_cds_XP_015666627.1_4570	1131	1098.64	132	11.1897
lcl|NW_015386415.1_cds_XP_015666628.1_4571	1131	1098.64	132	11.1897
lcl|NW_015386415.1_cds_XP_015666630.1_4572	1131	1129.67	137.679	11.3506
lcl|NW_015386415.1_cds_XP_015666629.1_4573	1272	1266.37	204.321	15.0263
lcl|NW_015386415.1_cds_XP_029139005.1_4574	966	919.867	0	0
lcl|NW_015386415.1_cds_XP_015666631.2_4575	939	904.688	508	52.2957
lcl|NW_015386415.1_cds_XP_029139006.1_4576	3378	3273.08	276	7.85333
lcl|NW_015386415.1_cds_XP_015666633.1_4577	297	252.41	694	256.067
lcl|NW_015386415.1_cds_XP_015666632.1_4578	1008	963.702	423	40.8789
lcl|NW_015386415.1_cds_XP_029139001.1_4579	2484	2362.95	33	1.30065
lcl|NW_015386415.1_cds_XP_015666636.1_4580	315	293.796	223	70.6904
lcl|NW_015386415.1_cds_XP_029139007.1_4581	1287	1232.02	56	4.23323
lcl|NW_015386415.1_cds_XP_029139002.1_4582	1116	1084.31	15	1.28837
lcl|NW_015386415.1_cds_XP_015666651.1_4583	534	490.75	4	0.759104
lcl|NW_015386415.1_cds_XP_015666639.1_4584	663	561.898	217	35.9669
lcl|NW_015386415.1_cds_XP_015666606.1_4585	1647	1482.02	95	5.96996
lcl|NW_015386415.1_cds_XP_015666607.1_4586	3981	3942.95	0	0
lcl|NW_015386415.1_cds_XP_015666608.1_4587	519	433.789	22	4.7233
lcl|NW_015386415.1_cds_XP_015666640.1_4588	2028	1955.64	212	10.096
lcl|NW_015386415.1_cds_XP_029139003.1_4589	1208	1169.95	0	0
lcl|NW_015386416.1_cds_XP_015666652.1_4590	1365	1320.43	140	9.87446
lcl|NW_015386416.1_cds_XP_015666653.1_4591	1575	1536.95	0	0
lcl|NW_015386416.1_cds_XP_015666654.1_4592	1050	969.092	2	0.192206
lcl|NW_015386416.1_cds_XP_015666657.1_4593	651	602.304	3	0.463881
lcl|NW_015386416.1_cds_XP_015666658.1_4594	693	640.5	33	4.79839
lcl|NW_015386416.1_cds_XP_015666659.1_4595	693	640.5	33	4.79839
lcl|NW_015386416.1_cds_XP_029139012.1_4596	1986	1977.1	3	0.141317
lcl|NW_015386416.1_cds_XP_015666660.1_4597	2565	2539.57	343	12.5787
lcl|NW_015386416.1_cds_XP_015666656.2_4598	1083	1067.69	2	0.174457
lcl|NW_015386416.1_cds_XP_015666661.1_4599	2013	1974.95	0	0
lcl|NW_015386416.1_cds_XP_015666662.1_4600	1905	1866.95	0	0
lcl|NW_015386416.1_cds_XP_015666663.1_4601	792	729.328	0	0
lcl|NW_015386416.1_cds_XP_015666664.1_4602	636	628.196	66	9.78476
lcl|NW_015386417.1_cds_XP_015666676.1_4603	1428	1436.26	75.3333	4.88489
lcl|NW_015386417.1_cds_XP_015666677.1_4604	1428	1436.26	75.3333	4.88489
lcl|NW_015386417.1_cds_XP_015666679.1_4605	1428	1436.26	75.3333	4.88489
lcl|NW_015386417.1_cds_XP_015666680.1_4606	588	571.44	1112.26	181.275
lcl|NW_015386417.1_cds_XP_015666681.1_4607	504	485.267	811.74	155.789
lcl|NW_015386417.1_cds_XP_029139019.1_4608	2784	2842.07	4	0.131077
lcl|NW_015386417.1_cds_XP_015666666.1_4609	2286	2219.34	10	0.41964
lcl|NW_015386417.1_cds_XP_015666682.1_4610	2094	2076.77	142	6.36797
lcl|NW_015386417.1_cds_XP_029139014.1_4611	1857	1859.09	8	0.400765
lcl|NW_015386417.1_cds_XP_015666711.1_4612	1023	969.797	3	0.288099
lcl|NW_015386417.1_cds_XP_015666712.1_4613	1353	1314.95	0	0
lcl|NW_015386417.1_cds_XP_029139020.1_4614	3741	3779.91	8	0.197111
lcl|NW_015386417.1_cds_XP_015666686.1_4615	1788	1769.66	45.4824	2.39362
lcl|NW_015386417.1_cds_XP_015666687.1_4616	1668	1640.45	0	0
lcl|NW_015386417.1_cds_XP_015666684.1_4617	1839	1823.17	64.2588	3.28252
lcl|NW_015386417.1_cds_XP_015666685.1_4618	1839	1823.17	64.2588	3.28252
lcl|NW_015386417.1_cds_XP_015666688.1_4619	267	230.432	38	15.3583
lcl|NW_015386417.1_cds_XP_015666689.1_4620	843	774.784	61.5	7.39257
lcl|NW_015386417.1_cds_XP_015666690.1_4621	843	774.784	61.5	7.39257
lcl|NW_015386417.1_cds_XP_015666692.1_4622	843	774.784	61.5	7.39257
lcl|NW_015386417.1_cds_XP_015666693.1_4623	843	774.784	61.5	7.39257
lcl|NW_015386417.1_cds_XP_015666694.1_4624	1380	1318.55	43.3521	3.06206
lcl|NW_015386417.1_cds_XP_015666669.1_4625	1695	1656.95	0	0
lcl|NW_015386417.1_cds_XP_015666670.1_4626	2676	2728.55	7	0.238928
lcl|NW_015386417.1_cds_XP_015666671.1_4627	3186	3228.52	4	0.115387
lcl|NW_015386417.1_cds_XP_015666695.1_4628	1326	1315.61	203	14.3704
lcl|NW_015386417.1_cds_XP_015666696.1_4629	1050	1016.67	39.5	3.6184
lcl|NW_015386417.1_cds_XP_015666697.1_4630	1050	1016.67	39.5	3.6184
lcl|NW_015386417.1_cds_XP_015666713.1_4631	768	729.949	0	0
lcl|NW_015386417.1_cds_XP_015666698.1_4632	834	800.555	95.3333	11.0906
lcl|NW_015386417.1_cds_XP_015666699.1_4633	834	800.555	95.3333	11.0906
lcl|NW_015386417.1_cds_XP_015666701.1_4634	834	800.555	95.3333	11.0906
lcl|NW_015386417.1_cds_XP_029139015.1_4635	10290	10762.7	35	0.302864
lcl|NW_015386417.1_cds_XP_015666702.1_4636	1191	1164.27	74	5.91944
lcl|NW_015386417.1_cds_XP_015666703.1_4637	1374	1256.69	1945	144.143
lcl|NW_015386417.1_cds_XP_029139016.1_4638	1365	1326.67	1	0.0702002
lcl|NW_015386417.1_cds_XP_015666706.1_4639	741	719.425	12.1734	1.57589
lcl|NW_015386417.1_cds_XP_015666704.1_4640	747	728.773	95.8266	12.246
lcl|NW_015386417.1_cds_XP_015666707.1_4641	1614	1638	189	10.7461
lcl|NW_015386417.1_cds_XP_015666708.1_4642	1593	1604.31	0	0
lcl|NW_015386417.1_cds_XP_015666709.1_4643	4344	4353.03	120	2.56738
lcl|NW_015386417.1_cds_XP_015666710.2_4644	4386	4484.29	117.305	2.43626
lcl|NW_015386417.1_cds_XP_029139017.1_4645	4263	4224.95	0	0
lcl|NW_015386417.1_cds_XP_029139018.1_4646	4308	4362.46	31.6953	0.67665
lcl|NW_015386418.1_cds_XP_029139027.1_4647	2604	2561.48	7	0.254512
lcl|NW_015386418.1_cds_XP_015666717.1_4648	2379	2340.95	0	0
lcl|NW_015386418.1_cds_XP_029139021.1_4649	2379	2340.95	0	0
lcl|NW_015386418.1_cds_XP_015666719.1_4650	2262	2223.95	0	0
lcl|NW_015386418.1_cds_XP_015666720.1_4651	2526	2487.95	0	0
lcl|NW_015386418.1_cds_XP_015666721.1_4652	1125	1086.95	0	0
lcl|NW_015386418.1_cds_XP_029139022.1_4653	2355	2316.95	0	0
lcl|NW_015386418.1_cds_4654	369	342.268	3.90508	1.06259
lcl|NW_015386418.1_cds_4655	369	336.892	4.09492	1.13203
lcl|NW_015386418.1_cds_4656	369	330.949	0	0
lcl|NW_015386418.1_cds_XP_029139028.1_4657	2049	2010.95	0	0
lcl|NW_015386418.1_cds_XP_015666729.1_4658	2616	2577.95	0	0
lcl|NW_015386418.1_cds_XP_029139023.1_4659	1500	1461.95	0	0
lcl|NW_015386418.1_cds_XP_029139024.1_4660	897	858.949	0	0
lcl|NW_015386418.1_cds_XP_015666732.1_4661	2598	2559.95	0	0
lcl|NW_015386418.1_cds_XP_015666733.1_4662	2409	2370.95	0	0
lcl|NW_015386418.1_cds_XP_015666734.1_4663	2310	2275.45	1	0.0409292
lcl|NW_015386418.1_cds_XP_029139025.1_4664	2055	2016.95	0	0
lcl|NW_015386418.1_cds_XP_015666735.1_4665	2124	2085.95	0	0
lcl|NW_015386418.1_cds_XP_029139026.1_4666	6384	6280.67	202	2.99535
lcl|NW_015386419.1_cds_XP_029139029.1_4667	3057	3018.95	0	0
lcl|NW_015386419.1_cds_XP_015666737.1_4668	1122	1088.58	17	1.45441
lcl|NW_015386419.1_cds_XP_015666744.1_4669	3024	3015.75	17	0.524994
lcl|NW_015386419.1_cds_XP_015666745.1_4670	1809	1821.73	17	0.869091
lcl|NW_015386419.1_cds_XP_015666746.1_4671	1476	1493.54	20	1.24713
lcl|NW_015386419.1_cds_XP_015666747.1_4672	1230	1245.91	252	18.8372
lcl|NW_015386419.1_cds_XP_015666739.1_4673	3525	3558.7	15	0.392556
lcl|NW_015386419.1_cds_XP_015666748.2_4674	1191	1144.98	10	0.813396
lcl|NW_015386419.1_cds_XP_015666750.1_4675	1635	1612.3	149	8.60681
lcl|NW_015386419.1_cds_XP_029139030.1_4676	3174	3180.38	1	0.0292835
lcl|NW_015386419.1_cds_XP_015666740.1_4677	1152	1113.95	0	0
lcl|NW_015386419.1_cds_XP_029139031.1_4678	2901	2899.54	41	1.31691
lcl|NW_015386419.1_cds_XP_029139034.1_4679	504	465.949	0	0
lcl|NW_015386419.1_cds_XP_029139035.1_4680	2985	2946.95	0	0
lcl|NW_015386419.1_cds_XP_015666752.1_4681	1461	1467.82	199	12.6265
lcl|NW_015386419.1_cds_XP_015666753.1_4682	1461	1467.82	199	12.6265
lcl|NW_015386419.1_cds_XP_015666754.2_4683	1596	1515.84	1868	114.769
lcl|NW_015386419.1_cds_XP_015666755.1_4684	9252	9170.89	1167	11.8512
lcl|NW_015386419.1_cds_XP_015666756.1_4685	2304	2230.57	181	7.55725
lcl|NW_015386419.1_cds_XP_029139036.1_4686	1167	1125.51	2	0.165494
lcl|NW_015386419.1_cds_XP_015666757.2_4687	894	837.264	128.877	14.3356
lcl|NW_015386419.1_cds_XP_015666758.1_4688	747	675.007	11.1227	1.53463
lcl|NW_015386419.1_cds_XP_015666759.1_4689	2082	2072.07	0	0
lcl|NW_015386419.1_cds_XP_015666760.1_4690	1899	1897.33	13	0.638121
lcl|NW_015386419.1_cds_XP_029139033.1_4691	3693	3713.54	6	0.150475
lcl|NW_015386420.1_cds_XP_015666762.1_4692	3147	3152.94	99	2.92429
lcl|NW_015386420.1_cds_XP_015666768.1_4693	732	751.661	29	3.59316
lcl|NW_015386420.1_cds_XP_015666770.1_4694	1872	1885.24	112.016	5.53367
lcl|NW_015386420.1_cds_XP_015666769.1_4695	1899	1914.83	193.984	9.43491
lcl|NW_015386420.1_cds_XP_015666772.1_4696	891	875.537	1173	124.774
lcl|NW_015386420.1_cds_XP_015666773.1_4697	5061	5166.43	67	1.20777
lcl|NW_015386420.1_cds_XP_029139037.1_4698	2748	2783.57	4	0.133832
lcl|NW_015386420.1_cds_XP_015666764.1_4699	945	858.24	34.5386	3.74798
lcl|NW_015386420.1_cds_XP_029139039.1_4700	822	814.178	126	14.4129
lcl|NW_015386420.1_cds_XP_015666775.1_4701	3069	3085.97	292	8.81236
lcl|NW_015386420.1_cds_XP_015666776.1_4702	171	111.573	310.768	259.405
lcl|NW_015386420.1_cds_XP_015666777.1_4703	3183	3146.45	24	0.710382
lcl|NW_015386420.1_cds_XP_015666779.1_4704	813	678.934	1	0.137175
lcl|NW_015386420.1_cds_XP_015666765.1_4705	2397	2400.03	25	0.970118
lcl|NW_015386420.1_cds_XP_029139038.1_4706	1647	1608.95	0	0
lcl|NW_015386420.1_cds_XP_015666780.1_4707	1488	1399.4	4	0.266208
lcl|NW_015386420.1_cds_XP_015666778.1_4708	6189	6145.95	352	5.33402
lcl|NW_015386420.1_cds_XP_015666781.1_4709	1377	1279.18	21	1.52893
lcl|NW_015386420.1_cds_XP_015666783.1_4710	1065	938.395	5	0.496233
lcl|NW_015386420.1_cds_XP_015666767.1_4711	606	568.922	5	0.8185
lcl|NW_015386421.1_cds_XP_015666784.1_4712	804	765.949	0	0
lcl|NW_015386421.1_cds_XP_015666864.1_4713	1755	1772.14	109	5.72834
lcl|NW_015386421.1_cds_XP_015666791.1_4714	753	715.671	314	40.8618
lcl|NW_015386421.1_cds_XP_015666793.1_4715	1410	1321.81	142	10.005
lcl|NW_015386421.1_cds_XP_015666794.1_4716	627	577.521	3613	582.642
lcl|NW_015386421.1_cds_XP_015666865.1_4717	1488	1490.79	7	0.437302
lcl|NW_015386421.1_cds_XP_015666867.1_4718	1254	1247.73	15	1.11962
lcl|NW_015386421.1_cds_XP_015666795.1_4719	1974	1944.38	151	7.23263
lcl|NW_015386421.1_cds_XP_015666868.1_4720	657	618.949	0	0
lcl|NW_015386421.1_cds_XP_029139046.1_4721	876	844.378	5	0.551486
lcl|NW_015386421.1_cds_XP_015666797.1_4722	1213	1218.02	494	37.7725
lcl|NW_015386421.1_cds_XP_015666798.1_4723	1213	1218.02	494	37.7725
lcl|NW_015386421.1_cds_XP_015666785.1_4724	4149	4177.08	3	0.0668882
lcl|NW_015386421.1_cds_XP_015666799.1_4725	2574	2506.34	261	9.69845
lcl|NW_015386421.1_cds_XP_015666802.1_4726	1110	1066.24	158.808	13.8714
lcl|NW_015386421.1_cds_XP_015666801.1_4727	1110	1071.4	0.00478191	0.000415674
lcl|NW_015386421.1_cds_XP_015666800.1_4728	1122	1082.83	3.0244e-07	2.60125e-08
lcl|NW_015386421.1_cds_XP_015666803.1_4729	1002	958.815	181.594	17.6387
lcl|NW_015386421.1_cds_XP_015666804.1_4730	1002	958.815	181.594	17.6387
lcl|NW_015386421.1_cds_XP_015666806.1_4731	3552	3445.77	4	0.108112
lcl|NW_015386421.1_cds_XP_015666807.1_4732	741	721.472	34	4.38895
lcl|NW_015386421.1_cds_XP_015666808.1_4733	1116	1105.83	412	34.6986
lcl|NW_015386421.1_cds_XP_015666809.1_4734	984	985.414	340	32.1338
lcl|NW_015386421.1_cds_XP_015666810.1_4735	2034	2033.89	80	3.66324
lcl|NW_015386421.1_cds_XP_015666811.1_4736	1644	1611.67	181.846	10.5082
lcl|NW_015386421.1_cds_XP_015666812.1_4737	1614	1585.16	37.5769	2.20774
lcl|NW_015386421.1_cds_XP_015666814.1_4738	1614	1585.16	37.5769	2.20774
lcl|NW_015386421.1_cds_XP_015666815.2_4739	1554	1538.47	26	1.57393
lcl|NW_015386421.1_cds_XP_015666869.1_4740	1242	1225.63	5	0.379938
lcl|NW_015386421.1_cds_XP_015666870.1_4741	798	751.278	42.5	5.26853
lcl|NW_015386421.1_cds_XP_015666871.1_4742	798	751.278	42.5	5.26853
lcl|NW_015386421.1_cds_XP_015666820.1_4743	600	552.797	205	34.5374
lcl|NW_015386421.1_cds_XP_015666821.1_4744	600	552.797	205	34.5374
lcl|NW_015386421.1_cds_XP_015666816.1_4745	984	985.244	120.333	11.3748
lcl|NW_015386421.1_cds_XP_015666817.1_4746	984	985.244	120.333	11.3748
lcl|NW_015386421.1_cds_XP_015666819.1_4747	984	985.244	120.333	11.3748
lcl|NW_015386421.1_cds_XP_015666822.1_4748	2082	2030.3	293	13.4403
lcl|NW_015386421.1_cds_XP_015666825.1_4749	2082	2063.26	16	0.722216
lcl|NW_015386421.1_cds_XP_015666826.1_4750	2166	2144.34	0.388992	0.0168946
lcl|NW_015386421.1_cds_XP_015666827.1_4751	2163	2138.9	3.61101	0.157231
lcl|NW_015386421.1_cds_XP_015666828.1_4752	1317	1293.66	56	4.03152
lcl|NW_015386421.1_cds_XP_015666829.1_4753	837	843.548	115	12.6967
lcl|NW_015386421.1_cds_XP_015666832.1_4754	1692	1732.81	0	0
lcl|NW_015386421.1_cds_XP_015666831.1_4755	1770	1817.34	78	3.99723
lcl|NW_015386421.1_cds_XP_029139040.1_4756	1845	1885.77	0	0
lcl|NW_015386421.1_cds_XP_015666833.2_4757	1008	983.039	341	32.3061
lcl|NW_015386421.1_cds_XP_015666834.1_4758	1392	1328.74	61	4.27553
lcl|NW_015386421.1_cds_XP_029139048.1_4759	1230	1067.4	2	0.174503
lcl|NW_015386421.1_cds_XP_015666836.1_4760	1713	1721.58	6	0.324582
lcl|NW_015386421.1_cds_XP_029139041.1_4761	1152	1135.17	10	0.820425
lcl|NW_015386421.1_cds_XP_015666872.1_4762	639	563.064	5	0.827015
lcl|NW_015386421.1_cds_XP_015666873.1_4763	1116	1073.09	1	0.0867888
lcl|NW_015386421.1_cds_XP_015666838.1_4764	618	581.832	508.865	81.4528
lcl|NW_015386421.1_cds_XP_015666837.1_4765	627	600.802	8.13513	1.26106
lcl|NW_015386421.1_cds_XP_015666839.1_4766	1434	1418.8	168	11.0278
lcl|NW_015386421.1_cds_XP_029139047.1_4767	2883	2951.13	43	1.35701
lcl|NW_015386421.1_cds_XP_015666787.2_4768	1002	963.949	0	0
lcl|NW_015386421.1_cds_XP_015666847.1_4769	696	647.027	0	0
lcl|NW_015386421.1_cds_XP_015666846.1_4770	789	739.558	0	0
lcl|NW_015386421.1_cds_XP_015666842.1_4771	1083	1045.65	0	0
lcl|NW_015386421.1_cds_XP_015666844.1_4772	1038	1002.03	6.52745	0.606685
lcl|NW_015386421.1_cds_XP_015666845.1_4773	837	788.43	3.32303	0.39253
lcl|NW_015386421.1_cds_XP_015666843.1_4774	1041	1003.01	0	0
lcl|NW_015386421.1_cds_XP_015666840.1_4775	1131	1095.11	7.14952	0.608022
lcl|NW_015386421.1_cds_XP_015666848.1_4776	3204	3213.17	95	2.75354
lcl|NW_015386421.1_cds_XP_029139042.1_4777	5700	5906.34	163	2.57022
lcl|NW_015386421.1_cds_XP_015666850.1_4778	843	777.528	225	26.9506
lcl|NW_015386421.1_cds_XP_029139043.1_4779	10647	10825.2	139	1.19586
lcl|NW_015386421.1_cds_XP_015666851.1_4780	807	801.276	90	10.4607
lcl|NW_015386421.1_cds_XP_015666853.1_4781	864	858.387	265.5	28.806
lcl|NW_015386421.1_cds_XP_015666855.1_4782	864	858.387	265.5	28.806
lcl|NW_015386421.1_cds_XP_015666852.1_4783	1569	1572.21	48	2.84336
lcl|NW_015386421.1_cds_XP_029139044.1_4784	1335	1344.48	22	1.52395
lcl|NW_015386421.1_cds_XP_029139045.1_4785	3495	3538.42	14	0.368486
lcl|NW_015386421.1_cds_XP_015666858.1_4786	1089	1062.29	27.5	2.41098
lcl|NW_015386421.1_cds_XP_015666859.1_4787	1089	1062.29	27.5	2.41098
lcl|NW_015386421.1_cds_XP_015666860.1_4788	672	651.951	223	31.856
lcl|NW_015386421.1_cds_XP_015666861.1_4789	3750	3813.98	56	1.36745
lcl|NW_015386421.1_cds_XP_015666862.1_4790	924	819.619	1037	117.833
lcl|NW_015386421.1_cds_XP_015666863.1_4791	411	370.898	123	30.8853
lcl|NW_015386421.1_cds_XP_015666789.1_4792	1935	1896.95	0	0
lcl|NW_015386421.1_cds_XP_015666874.1_4793	1014	964.51	100	9.65594
lcl|NW_015386421.1_cds_XP_015666790.1_4794	1821	1782.95	0	0
lcl|NW_015386421.1_cds_XP_015666875.1_4795	1500	1461.95	0	0
lcl|NW_015386422.1_cds_XP_015666878.1_4796	1431	1392.95	0	0
lcl|NW_015386422.1_cds_XP_015666879.1_4797	1389	1350.95	0	0
lcl|NW_015386422.1_cds_XP_015666876.1_4798	1356	1317.95	0	0
lcl|NW_015386423.1_cds_XP_029139049.1_4799	10089	9870.54	1	0.0094354
lcl|NW_015386423.1_cds_XP_015666880.1_4800	3732	3472.49	4	0.10728
lcl|NW_015386423.1_cds_XP_015666881.1_4801	1215	1176.95	0	0
lcl|NW_015386423.1_cds_XP_029139071.1_4802	2988	2782.08	10	0.334759
lcl|NW_015386423.1_cds_XP_015666943.1_4803	552	488.98	2	0.380926
lcl|NW_015386423.1_cds_XP_015666882.1_4804	1221	1082.42	29	2.49519
lcl|NW_015386423.1_cds_XP_029139058.1_4805	756	717.949	0	0
lcl|NW_015386423.1_cds_XP_015666944.2_4806	765	670.911	3	0.416445
lcl|NW_015386423.1_cds_XP_015666945.1_4807	1263	1207.48	16	1.23408
lcl|NW_015386423.1_cds_XP_029139059.1_4808	6228	6068	82	1.25855
lcl|NW_015386423.1_cds_XP_029139060.1_4809	1287	1196.78	9	0.700375
lcl|NW_015386423.1_cds_XP_029139061.1_4810	1530	1401.95	20	1.32861
lcl|NW_015386423.1_cds_XP_015666919.1_4811	549	469.035	4632	919.739
lcl|NW_015386423.1_cds_XP_015666926.1_4812	1452	1370.24	10	0.679678
lcl|NW_015386423.1_cds_XP_015666920.1_4813	423	397.369	0	0
lcl|NW_015386423.1_cds_XP_015666921.1_4814	420	392.045	221	52.4999
lcl|NW_015386423.1_cds_XP_029139053.1_4815	747	708.949	0	0
lcl|NW_015386423.1_cds_XP_029139050.1_4816	1755	1716.95	0	0
lcl|NW_015386423.1_cds_XP_029139051.1_4817	1707	1668.95	0	0
lcl|NW_015386423.1_cds_XP_015666916.1_4818	1758	1719.95	0	0
lcl|NW_015386423.1_cds_XP_029139052.1_4819	1836	1797.95	0	0
lcl|NW_015386423.1_cds_XP_015666925.1_4820	1764	1713.05	45	2.4465
lcl|NW_015386423.1_cds_XP_029139062.1_4821	2334	2295.95	0	0
lcl|NW_015386423.1_cds_XP_029139063.1_4822	1767	1545.74	2	0.120503
lcl|NW_015386423.1_cds_XP_015666924.1_4823	8124	7659.71	1021	12.4141
lcl|NW_015386423.1_cds_XP_015666887.1_4824	2373	2195.73	34	1.44212
lcl|NW_015386423.1_cds_XP_015666917.1_4825	636	539.684	3967	684.58
lcl|NW_015386423.1_cds_XP_015666889.1_4826	1680	1641.95	0	0
lcl|NW_015386423.1_cds_XP_015666890.1_4827	1395	1356.95	0	0
lcl|NW_015386423.1_cds_XP_015666922.1_4828	870	813.472	43	4.92297
lcl|NW_015386423.1_cds_XP_015666913.1_4829	1242	1207.27	15	1.15714
lcl|NW_015386423.1_cds_XP_015666918.1_4830	591	525.174	70	12.4135
lcl|NW_015386423.1_cds_XP_015666914.1_4831	1077	973.261	52	4.97594
lcl|NW_015386423.1_cds_XP_015666915.1_4832	1077	973.261	52	4.97594
lcl|NW_015386423.1_cds_XP_029139064.1_4833	1341	1193.51	1	0.0780326
lcl|NW_015386423.1_cds_XP_029139072.1_4834	1905	1760.26	8	0.423267
lcl|NW_015386423.1_cds_XP_015666891.1_4835	1980	1807.54	56	2.88537
lcl|NW_015386423.1_cds_XP_029139065.1_4836	4317	4135.39	2	0.0450417
lcl|NW_015386423.1_cds_XP_029139066.1_4837	2250	2020.99	1	0.0460826
lcl|NW_015386423.1_cds_XP_015666948.1_4838	2073	1932.24	64	3.08475
lcl|NW_015386423.1_cds_XP_015666950.1_4839	939	912.622	2	0.204099
lcl|NW_015386423.1_cds_XP_029139073.1_4840	1269	1230.95	0	0
lcl|NW_015386423.1_cds_XP_029139075.1_4841	1236	1197.95	0	0
lcl|NW_015386423.1_cds_XP_029139074.1_4842	1242	1203.95	0	0
lcl|NW_015386423.1_cds_XP_029139077.1_4843	1095	1056.95	0	0
lcl|NW_015386423.1_cds_XP_029139076.1_4844	1221	1182.95	0	0
lcl|NW_015386423.1_cds_XP_015666954.1_4845	1374	1305.52	2.93108e-07	2.09096e-08
lcl|NW_015386423.1_cds_XP_015666952.1_4846	1347	1281	9.78799	0.711616
lcl|NW_015386423.1_cds_XP_015666953.1_4847	1344	1276.87	0	0
lcl|NW_015386423.1_cds_XP_015666951.1_4848	1356	1286.14	0.212015	0.0153525
lcl|NW_015386423.1_cds_XP_029139067.1_4849	651	612.949	0	0
lcl|NW_015386423.1_cds_XP_015666956.1_4850	1362	1243.96	24	1.79682
lcl|NW_015386423.1_cds_XP_015666957.1_4851	411	364.502	122	31.1717
lcl|NW_015386423.1_cds_XP_015666895.1_4852	942	889.98	1.06879	0.111844
lcl|NW_015386423.1_cds_XP_015666896.1_4853	2631	2592.95	0	0
lcl|NW_015386423.1_cds_XP_015666927.1_4854	2532	2446.94	167.931	6.39159
lcl|NW_015386423.1_cds_XP_029139068.1_4855	3264	2907.24	20	0.640693
lcl|NW_015386423.1_cds_XP_015666958.1_4856	1647	1608.95	0	0
lcl|NW_015386423.1_cds_XP_015666898.1_4857	360	258.081	2	0.721731
lcl|NW_015386423.1_cds_XP_015666899.1_4858	2061	1829.42	4	0.203633
lcl|NW_015386423.1_cds_XP_029139078.1_4859	1539	1356.62	0.0710148	0.00487521
lcl|NW_015386423.1_cds_XP_015666960.1_4860	1539	1352.43	0.928985	0.0639728
lcl|NW_015386423.1_cds_XP_015666928.1_4861	1314	1228.36	44	3.33601
lcl|NW_015386423.1_cds_XP_015666929.1_4862	681	515.588	20	3.61267
lcl|NW_015386423.1_cds_XP_015666901.1_4863	2040	1861.63	87	4.35239
lcl|NW_015386423.1_cds_XP_015666961.1_4864	543	492.419	2131	403.042
lcl|NW_015386423.1_cds_XP_015666962.2_4865	603	564.949	0	0
lcl|NW_015386423.1_cds_XP_015666902.1_4866	1662	1513.43	78	4.79991
lcl|NW_015386423.1_cds_XP_015666963.1_4867	420	360.163	70	18.1009
lcl|NW_015386423.1_cds_XP_015666931.1_4868	4476	4371.94	13.4148	0.285766
lcl|NW_015386423.1_cds_XP_015666932.1_4869	4473	4369.97	0	0
lcl|NW_015386423.1_cds_XP_029139054.1_4870	3852	3720.13	6.58522	0.164859
lcl|NW_015386423.1_cds_XP_015666964.1_4871	843	718.46	7	0.907396
lcl|NW_015386423.1_cds_XP_029139079.1_4872	1275	1126.43	49	4.05128
lcl|NW_015386423.1_cds_XP_029139069.1_4873	2439	2258.94	23	0.948255
lcl|NW_015386423.1_cds_XP_015666936.1_4874	969	873.882	1165	124.158
lcl|NW_015386423.1_cds_XP_029139070.1_4875	10512	10098.3	13	0.119894
lcl|NW_015386423.1_cds_XP_015666937.1_4876	3708	3472.94	129	3.45934
lcl|NW_015386423.1_cds_XP_015666903.1_4877	1185	1034.39	148	13.3253
lcl|NW_015386423.1_cds_XP_015666938.1_4878	1077	1062.39	304	26.6496
lcl|NW_015386423.1_cds_XP_029139080.1_4879	927	845.286	26	2.86465
lcl|NW_015386423.1_cds_XP_015666905.1_4880	1983	1845.28	9	0.454235
lcl|NW_015386423.1_cds_XP_015666939.1_4881	2454	2425.47	152	5.83645
lcl|NW_015386423.1_cds_XP_015666967.1_4882	1368	1341.08	1	0.0694457
lcl|NW_015386423.1_cds_XP_015666906.1_4883	1152	1151.33	2	0.161782
lcl|NW_015386423.1_cds_XP_015666907.1_4884	1752	1677.46	1307	72.5646
lcl|NW_015386423.1_cds_XP_029139056.1_4885	972	914.384	43.3973	4.42013
lcl|NW_015386423.1_cds_XP_029139055.1_4886	1032	991.612	70.6027	6.63103
lcl|NW_015386423.1_cds_XP_015666941.1_4887	354	315.565	309.406	91.3146
lcl|NW_015386423.1_cds_XP_015666940.1_4888	357	317.622	253.594	74.3583
lcl|NW_015386423.1_cds_XP_015666909.1_4889	948	845.549	16	1.76231
lcl|NW_015386423.1_cds_XP_015666968.1_4890	1185	1146.95	0	0
lcl|NW_015386424.1_cds_XP_015666969.1_4891	3402	3394.2	13	0.356704
lcl|NW_015386424.1_cds_XP_015666972.2_4892	2469	2408.56	20.284	0.784327
lcl|NW_015386424.1_cds_XP_029139081.1_4893	2532	2467.9	27.716	1.04593
lcl|NW_015386424.1_cds_XP_015666973.1_4894	3204	3092.91	78	2.34871
lcl|NW_015386424.1_cds_XP_015666971.1_4895	1311	1311.37	6	0.426117
lcl|NW_015386424.1_cds_XP_015666974.1_4896	1965	1879.17	0	0
lcl|NW_015386424.1_cds_XP_015666975.1_4897	1926	1840.33	0	0
lcl|NW_015386424.1_cds_XP_015666976.1_4898	1848	1783.16	135.085	7.05532
lcl|NW_015386424.1_cds_XP_015666977.1_4899	1809	1744.18	65.3012	3.48684
lcl|NW_015386424.1_cds_XP_015666978.1_4900	4668	4815.04	32	0.618944
lcl|NW_015386424.1_cds_XP_015666979.1_4901	2148	2160.13	23.7346	1.0233
lcl|NW_015386424.1_cds_XP_015666980.1_4902	1905	1850.26	13035	656.114
lcl|NW_015386424.1_cds_XP_015666983.1_4903	777	726.688	175.817	22.5328
lcl|NW_015386424.1_cds_XP_015666982.2_4904	684	635.757	298.183	43.681
lcl|NW_015386424.1_cds_XP_015666984.1_4905	1488	1512.07	41	2.52531
lcl|NW_015386424.1_cds_XP_029139082.1_4906	2325	2286.95	0	0
lcl|NW_015386425.1_cds_XP_015666986.1_4907	627	572.623	4	0.650568
lcl|NW_015386425.1_cds_XP_015667004.1_4908	2373	2334.95	0	0
lcl|NW_015386425.1_cds_XP_015667005.1_4909	2253	2214.95	0	0
lcl|NW_015386425.1_cds_XP_015666989.1_4910	4005	3949.66	226	5.32906
lcl|NW_015386425.1_cds_XP_015666990.1_4911	1428	1418.49	109	7.15652
lcl|NW_015386425.1_cds_XP_015667006.1_4912	999	960.949	0	0
lcl|NW_015386425.1_cds_XP_029139086.1_4913	1533	1492.58	7	0.43678
lcl|NW_015386425.1_cds_XP_015666993.1_4914	2397	2358.95	0	0
lcl|NW_015386425.1_cds_XP_029139089.1_4915	612	597.172	42	6.55015
lcl|NW_015386425.1_cds_XP_015666995.1_4916	2805	2888.43	213	6.86782
lcl|NW_015386425.1_cds_XP_015666996.2_4917	3585	3539.33	115	3.02606
lcl|NW_015386425.1_cds_XP_015666997.1_4918	1974	1962.26	25	1.18655
lcl|NW_015386425.1_cds_XP_029139087.1_4919	3189	3181.54	39	1.14164
lcl|NW_015386425.1_cds_XP_029139084.1_4920	5067	4705.61	6	0.118751
lcl|NW_015386425.1_cds_XP_015667007.1_4921	957	932.488	25	2.49688
lcl|NW_015386425.1_cds_XP_015666998.1_4922	576	569.004	3	0.491029
lcl|NW_015386425.1_cds_XP_015666999.1_4923	1014	956.26	106	10.3236
lcl|NW_015386425.1_cds_XP_015667000.1_4924	1323	1286.85	371	26.8502
lcl|NW_015386425.1_cds_XP_015667001.1_4925	1128	1102.96	94	7.93724
lcl|NW_015386425.1_cds_XP_029139088.1_4926	1098	1059.95	0	0
lcl|NW_015386425.1_cds_XP_029139085.1_4927	1290	1244.28	1	0.0748485
lcl|NW_015386426.1_cds_XP_015667008.1_4928	4899	4978.54	4.38578	0.0820439
lcl|NW_015386426.1_cds_XP_015667011.1_4929	933	864.259	234.443	25.2635
lcl|NW_015386426.1_cds_XP_015667012.1_4930	753	694.683	61.5575	8.2527
lcl|NW_015386426.1_cds_XP_015667013.1_4931	5133	5069.64	157	2.88419
lcl|NW_015386426.1_cds_XP_015667014.1_4932	1389	1417.08	242	15.9046
lcl|NW_015386426.1_cds_XP_015667016.1_4933	723	691.961	794	106.866
lcl|NW_015386426.1_cds_XP_015667017.1_4934	1971	1950.75	41	1.95742
lcl|NW_015386426.1_cds_XP_015667009.1_4935	915	869.526	3	0.321322
lcl|NW_015386426.1_cds_XP_015667010.1_4936	2253	2281.4	5	0.204113
lcl|NW_015386426.1_cds_XP_015667018.1_4937	2424	2406.36	149	5.76669
lcl|NW_015386426.1_cds_XP_015667019.1_4938	273	249.594	880	328.36
lcl|NW_015386426.1_cds_XP_015667020.1_4939	1050	1036.22	53	4.76349
lcl|NW_015386427.1_cds_XP_015667040.2_4940	1590	1648.34	29	1.63853
lcl|NW_015386427.1_cds_XP_029139104.1_4941	1677	1660.44	12.7805	0.716844
lcl|NW_015386427.1_cds_XP_015667042.1_4942	1056	1073.25	134	11.628
lcl|NW_015386427.1_cds_XP_015667041.1_4943	1245	1222.34	68	5.18104
lcl|NW_015386427.1_cds_XP_029139096.1_4944	2622	2583.95	0	0
lcl|NW_015386427.1_cds_XP_015667044.1_4945	3018	3045.03	91	2.78325
lcl|NW_015386427.1_cds_XP_015667043.1_4946	1677	1614.76	683	39.3925
lcl|NW_015386427.1_cds_XP_015667049.1_4947	588	561.701	193.656	32.109
lcl|NW_015386427.1_cds_XP_015667045.1_4948	984	967.811	52.1351	5.01696
lcl|NW_015386427.1_cds_XP_015667046.1_4949	984	967.811	52.1351	5.01696
lcl|NW_015386427.1_cds_XP_015667047.1_4950	984	967.811	52.1351	5.01696
lcl|NW_015386427.1_cds_XP_015667048.1_4951	984	967.811	52.1351	5.01696
lcl|NW_015386427.1_cds_XP_015667051.1_4952	1527	1542	40	2.41589
lcl|NW_015386427.1_cds_XP_015667052.1_4953	1215	1130.21	27	2.22488
lcl|NW_015386427.1_cds_XP_015667053.1_4954	2586	2541.34	32	1.1727
lcl|NW_015386427.1_cds_XP_029139105.1_4955	753	714.949	0	0
lcl|NW_015386427.1_cds_XP_029139097.1_4956	1749	1710.95	0	0
lcl|NW_015386427.1_cds_XP_015667093.1_4957	1251	1062.25	22	1.92884
lcl|NW_015386427.1_cds_XP_015667054.1_4958	5502	5595.55	263	4.37738
lcl|NW_015386427.1_cds_XP_015667024.1_4959	1164	1070.44	26	2.2621
lcl|NW_015386427.1_cds_XP_015667056.1_4960	1071	1043.41	30	2.67774
lcl|NW_015386427.1_cds_XP_029139098.1_4961	2214	2175.95	0	0
lcl|NW_015386427.1_cds_XP_029139099.1_4962	1347	1308.95	0	0
lcl|NW_015386427.1_cds_XP_015667057.1_4963	2895	2899.13	259	8.3202
lcl|NW_015386427.1_cds_XP_015667094.1_4964	1353	1401.92	2	0.132864
lcl|NW_015386427.1_cds_XP_015667095.1_4965	639	595.216	34	5.31992
lcl|NW_015386427.1_cds_XP_015667096.1_4966	222	170.841	9.5	5.17885
lcl|NW_015386427.1_cds_XP_015667097.1_4967	222	170.841	9.5	5.17885
lcl|NW_015386427.1_cds_XP_015667026.1_4968	1281	1252.88	16	1.18936
lcl|NW_015386427.1_cds_XP_015667058.1_4969	348	308.661	345	104.097
lcl|NW_015386427.1_cds_XP_029139092.1_4970	4047	3990.43	12.67	0.295704
lcl|NW_015386427.1_cds_XP_029139091.1_4971	3744	3675.48	331.33	8.39553
lcl|NW_015386427.1_cds_XP_015667062.1_4972	2385	2414.52	137	5.28435
lcl|NW_015386427.1_cds_XP_029139093.1_4973	1287	1286.35	30	2.17202
lcl|NW_015386427.1_cds_XP_029139106.1_4974	3222	3175.83	1	0.0293254
lcl|NW_015386427.1_cds_XP_015667064.1_4975	1071	1051.39	17	1.50587
lcl|NW_015386427.1_cds_XP_015667065.1_4976	1296	1297.74	46	3.30119
lcl|NW_015386427.1_cds_XP_015667066.1_4977	1257	1276.02	16	1.16779
lcl|NW_015386427.1_cds_XP_015667067.1_4978	1938	1911.72	0	0
lcl|NW_015386427.1_cds_XP_015667068.1_4979	1878	1847.78	0	0
lcl|NW_015386427.1_cds_XP_015667069.1_4980	1887	1860.12	0	0
lcl|NW_015386427.1_cds_XP_015667070.1_4981	1827	1795.88	5	0.259295
lcl|NW_015386427.1_cds_XP_015667072.2_4982	2016	1994.91	51	2.38094
lcl|NW_015386427.1_cds_XP_029139100.1_4983	1008	844.21	1	0.110319
lcl|NW_015386427.1_cds_XP_015667099.1_4984	876	792.99	10	1.17445
lcl|NW_015386427.1_cds_XP_015667073.1_4985	387	338.456	54	14.8591
lcl|NW_015386427.1_cds_XP_015667100.1_4986	354	277.278	4	1.34352
lcl|NW_015386427.1_cds_XP_015667074.1_4987	1683	1668.36	337.5	18.8402
lcl|NW_015386427.1_cds_XP_015667075.1_4988	1683	1668.36	337.5	18.8402
lcl|NW_015386427.1_cds_XP_015667076.1_4989	1110	1068.39	322	28.0691
lcl|NW_015386427.1_cds_XP_015667077.1_4990	1110	1068.39	322	28.0691
lcl|NW_015386427.1_cds_XP_029139101.1_4991	3420	3464.64	26	0.698902
lcl|NW_015386427.1_cds_XP_015667079.1_4992	2625	2666.14	180	6.28768
lcl|NW_015386427.1_cds_XP_015667101.1_4993	360	320.679	90	26.138
lcl|NW_015386427.1_cds_XP_015667080.1_4994	423	384.402	108	26.1661
lcl|NW_015386427.1_cds_XP_015667081.2_4995	2235	2211.7	46	1.93701
lcl|NW_015386427.1_cds_XP_015667083.1_4996	1548	1521.72	296	18.1158
lcl|NW_015386427.1_cds_XP_015667102.1_4997	816	760.721	1	0.122427
lcl|NW_015386427.1_cds_XP_029139095.1_4998	312	248.05	53	19.8993
lcl|NW_015386427.1_cds_XP_015667030.1_4999	1290	1251.95	0	0
lcl|NW_015386427.1_cds_XP_015667085.1_5000	1575	1653.34	82	4.61904
lcl|NW_015386427.1_cds_XP_015667086.1_5001	306	256.542	701	254.484
lcl|NW_015386427.1_cds_XP_015667084.1_5002	1656	1555.84	2178	130.375
lcl|NW_015386427.1_cds_XP_015667087.1_5003	1125	1086.2	377	32.3245
lcl|NW_015386427.1_cds_XP_015667031.1_5004	1056	1017.95	0	0
lcl|NW_015386427.1_cds_XP_015667088.1_5005	1412	1364.36	679	46.3492
lcl|NW_015386427.1_cds_XP_015667090.1_5006	1545	1524.58	860	52.535
lcl|NW_015386427.1_cds_XP_015667089.1_5007	600	550.284	418	70.7442
lcl|NW_015386427.1_cds_XP_015667032.1_5008	3036	2997.95	0	0
lcl|NW_015386427.1_cds_XP_029139102.1_5009	2484	2585.85	5.75271	0.207191
lcl|NW_015386427.1_cds_XP_015667034.1_5010	1989	2078.57	5.06965	0.227151
lcl|NW_015386427.1_cds_XP_029139103.1_5011	10923	11501.9	17.1426	0.138806
lcl|NW_015386428.1_cds_XP_015667119.1_5012	1605	1492.82	0	0
lcl|NW_015386428.1_cds_XP_015667120.1_5013	978	917.586	970	98.4524
lcl|NW_015386428.1_cds_XP_015667146.1_5014	402	351.827	90	23.824
lcl|NW_015386428.1_cds_XP_015667148.1_5015	1293	1258.6	15	1.10996
lcl|NW_015386428.1_cds_XP_015667104.1_5016	558	519.949	0	0
lcl|NW_015386428.1_cds_XP_015667149.1_5017	762	609.729	42	6.41525
lcl|NW_015386428.1_cds_XP_015667150.1_5018	2217	2112.5	4	0.176346
lcl|NW_015386428.1_cds_XP_015667151.1_5019	1506	1393.87	295	19.7107
lcl|NW_015386428.1_cds_XP_015667121.1_5020	840	751.382	22	2.72686
lcl|NW_015386428.1_cds_XP_015667105.1_5021	759	637.911	57	8.32178
lcl|NW_015386428.1_cds_XP_015667106.1_5022	1140	1101.95	0	0
lcl|NW_015386428.1_cds_XP_029139118.1_5023	1071	954.561	7	0.682961
lcl|NW_015386428.1_cds_XP_015667152.1_5024	312	242.318	156	59.9571
lcl|NW_015386428.1_cds_XP_015667122.1_5025	885	863.178	92	9.92633
lcl|NW_015386428.1_cds_XP_015667124.1_5026	2115	2030.49	895	41.0511
lcl|NW_015386428.1_cds_XP_015667125.1_5027	768	613.584	9	1.36606
lcl|NW_015386428.1_cds_XP_015667108.1_5028	1023	930.315	46	4.60499
lcl|NW_015386428.1_cds_XP_015667153.1_5029	588	471.846	57	11.2506
lcl|NW_015386428.1_cds_XP_015667109.1_5030	1908	1675.86	1	0.0555731
lcl|NW_015386428.1_cds_XP_015667154.1_5031	2604	2565.95	0	0
lcl|NW_015386428.1_cds_XP_029139107.1_5032	2679	2604.92	1	0.0357525
lcl|NW_015386428.1_cds_XP_015667126.1_5033	1140	1008.4	18	1.66242
lcl|NW_015386428.1_cds_XP_015667110.1_5034	663	589.945	15	2.368
lcl|NW_015386428.1_cds_XP_015667127.1_5035	561	475.098	3	0.588084
lcl|NW_015386428.1_cds_XP_029139108.1_5036	1668	1551.89	4	0.240049
lcl|NW_015386428.1_cds_XP_015667156.1_5037	1617	1559.73	15	0.895658
lcl|NW_015386428.1_cds_XP_015667111.1_5038	222	183.949	0	0
lcl|NW_015386428.1_cds_XP_015667157.1_5039	807	768.949	0	0
lcl|NW_015386428.1_cds_XP_029139109.1_5040	1584	1501.08	29	1.79927
lcl|NW_015386428.1_cds_XP_015667159.1_5041	1431	1392.95	0	0
lcl|NW_015386428.1_cds_XP_015667128.1_5042	1323	1196.06	13	1.01226
lcl|NW_015386428.1_cds_XP_015667130.1_5043	612	581.722	74.37	11.9065
lcl|NW_015386428.1_cds_XP_015667129.1_5044	504	486.557	67.63	12.9451
lcl|NW_015386428.1_cds_XP_015667132.1_5045	1224	1167.59	515	41.0788
lcl|NW_015386428.1_cds_XP_015667160.1_5046	1134	1042.6	116	10.362
lcl|NW_015386428.1_cds_XP_029139110.1_5047	3552	3258.09	9	0.257265
lcl|NW_015386428.1_cds_XP_015667133.1_5048	1587	1512.55	127	7.81977
lcl|NW_015386428.1_cds_XP_015667134.1_5049	1587	1512.55	127	7.81977
lcl|NW_015386428.1_cds_XP_015667136.1_5050	1194	1148.01	93.6351	7.59617
lcl|NW_015386428.1_cds_XP_029139114.1_5051	420	370.816	56.3649	14.1564
lcl|NW_015386428.1_cds_XP_029139111.1_5052	663	624.949	0	0
lcl|NW_015386428.1_cds_XP_015667161.1_5053	582	543.949	0	0
lcl|NW_015386428.1_cds_XP_015667162.1_5054	669	615.602	26	3.93346
lcl|NW_015386428.1_cds_XP_015667137.1_5055	1641	1567.04	43.2771	2.57206
lcl|NW_015386428.1_cds_XP_015667163.1_5056	558	516.516	225.276	40.6193
lcl|NW_015386428.1_cds_XP_029139119.1_5057	732	667.249	46.724	6.52159
lcl|NW_015386428.1_cds_XP_015667164.1_5058	1383	1344.95	0	0
lcl|NW_015386428.1_cds_XP_015667165.1_5059	300	237.079	63	24.7484
lcl|NW_015386428.1_cds_XP_015667166.1_5060	300	237.079	63	24.7484
lcl|NW_015386428.1_cds_XP_015667116.1_5061	15948	15389	94	0.568879
lcl|NW_015386428.1_cds_XP_015667117.1_5062	1026	987.949	0	0
lcl|NW_015386428.1_cds_XP_015667138.1_5063	906	810.139	298	34.2577
lcl|NW_015386428.1_cds_XP_015667139.1_5064	1908	1782.04	41.0216	2.14387
lcl|NW_015386428.1_cds_XP_015667167.1_5065	1086	988.292	2	0.188472
lcl|NW_015386428.1_cds_XP_015667169.1_5066	360	321.949	0	0
lcl|NW_015386428.1_cds_XP_015667168.1_5067	576	537.949	0	0
lcl|NW_015386428.1_cds_XP_015667172.1_5068	972	933.949	0	0
lcl|NW_015386428.1_cds_XP_015667171.1_5069	975	936.949	0	0
lcl|NW_015386428.1_cds_XP_029139112.1_5070	1497	1385.68	8	0.537686
lcl|NW_015386428.1_cds_XP_015667173.1_5071	807	768.949	0	0
lcl|NW_015386428.1_cds_XP_029139115.1_5072	2892	2701.12	154	5.30979
lcl|NW_015386428.1_cds_XP_015667174.1_5073	516	492.949	1	0.188929
lcl|NW_015386428.1_cds_XP_015667176.1_5074	1302	1246.23	7	0.523118
lcl|NW_015386428.1_cds_XP_015667175.1_5075	1329	1274.12	1.66064e-08	1.21386e-09
lcl|NW_015386428.1_cds_XP_015667177.1_5076	378	277.426	14	4.69982
lcl|NW_015386428.1_cds_XP_015667141.1_5077	1137	1073.3	72	6.24758
lcl|NW_015386428.1_cds_XP_029139116.1_5078	1167	1104.66	0	0
lcl|NW_015386428.1_cds_XP_029139117.1_5079	339	299.829	6	1.86371
lcl|NW_015386428.1_cds_XP_029139113.1_5080	576	519.203	140	25.1126
lcl|NW_015386429.1_cds_XP_015667184.1_5081	582	560.255	15.0831	2.5073
lcl|NW_015386429.1_cds_XP_029139120.1_5082	471	448.821	60.9169	12.6405
lcl|NW_015386429.1_cds_XP_015667207.1_5083	576	560.116	4	0.665095
lcl|NW_015386429.1_cds_XP_015667185.1_5084	615	580.11	2560	410.99
lcl|NW_015386429.1_cds_XP_015667186.1_5085	1749	1718.13	25	1.35514
lcl|NW_015386429.1_cds_XP_015667187.1_5086	1431	1386.78	40.7704	2.73804
lcl|NW_015386429.1_cds_XP_015667189.1_5087	1368	1329.95	0	0
lcl|NW_015386429.1_cds_XP_015667188.1_5088	1407	1357.22	0	0
lcl|NW_015386429.1_cds_XP_015667190.1_5089	1269	1216.56	3	0.229663
lcl|NW_015386429.1_cds_XP_015667191.1_5090	4728	4642.64	134.187	2.69183
lcl|NW_015386429.1_cds_XP_015667192.2_5091	1914	1863.62	259	12.9432
lcl|NW_015386429.1_cds_XP_015667208.1_5092	1386	1358.86	6	0.411222
lcl|NW_015386429.1_cds_XP_015667209.1_5093	777	738.949	0	0
lcl|NW_015386429.1_cds_XP_015667178.1_5094	3465	3487.95	29	0.774334
lcl|NW_015386429.1_cds_XP_015667194.1_5095	3372	3391.79	30	0.823747
lcl|NW_015386429.1_cds_XP_015667179.1_5096	1218	1168.96	2	0.159343
lcl|NW_015386429.1_cds_XP_015667180.1_5097	2043	2004.95	0	0
lcl|NW_015386429.1_cds_XP_015667181.1_5098	366	327.949	0	0
lcl|NW_015386429.1_cds_XP_015667195.1_5099	339	299.635	28.7251	8.92832
lcl|NW_015386429.1_cds_XP_015667196.1_5100	339	299.635	28.7251	8.92832
lcl|NW_015386429.1_cds_XP_015667197.1_5101	273	221.098	3.54986	1.49529
lcl|NW_015386429.1_cds_XP_015667198.1_5102	1236	1205.61	15	1.15874
lcl|NW_015386429.1_cds_XP_029139122.1_5103	1059	1020.95	0	0
lcl|NW_015386429.1_cds_XP_015667201.1_5104	2229	2140.63	78.9996	3.43705
lcl|NW_015386429.1_cds_XP_015667199.1_5105	2109	2028.26	0.000373339	1.71428e-05
lcl|NW_015386429.1_cds_XP_015667200.1_5106	1911	1823.04	0	0
lcl|NW_015386429.1_cds_XP_015667202.1_5107	525	474.599	445	87.3242
lcl|NW_015386429.1_cds_XP_015667204.1_5108	894	888.617	17.8894	1.87492
lcl|NW_015386429.1_cds_XP_015667205.1_5109	846	838.944	110.626	12.2807
lcl|NW_015386429.1_cds_XP_015667203.1_5110	1977	1890.32	96	4.72974
lcl|NW_015386429.1_cds_XP_015667210.1_5111	534	485.008	14	2.68832
lcl|NW_015386430.1_cds_XP_029139123.1_5112	1209	1170.95	0	0
lcl|NW_015386430.1_cds_XP_015667222.1_5113	2466	2460.65	5	0.189243
lcl|NW_015386430.1_cds_XP_029139124.1_5114	8847	8762.83	11	0.116909
lcl|NW_015386430.1_cds_XP_015667223.1_5115	2241	2255.57	46	1.89934
lcl|NW_015386430.1_cds_XP_015667224.1_5116	1977	1968.73	324	15.3271
lcl|NW_015386430.1_cds_XP_015667226.1_5117	6042	5711.06	790.022	12.8832
lcl|NW_015386430.1_cds_XP_015667225.1_5118	6063	5738.26	143.571	2.33017
lcl|NW_015386430.1_cds_XP_015667227.1_5119	5907	5603.53	143.407	2.38347
lcl|NW_015386430.1_cds_XP_029139127.1_5120	1689	1699.28	38	2.08267
lcl|NW_015386430.1_cds_XP_029139128.1_5121	1470	1422.57	11	0.720145
lcl|NW_015386430.1_cds_XP_015667259.1_5122	1026	987.949	0	0
lcl|NW_015386430.1_cds_XP_029139129.1_5123	3273	3234.95	0	0
lcl|NW_015386430.1_cds_XP_029139134.1_5124	456	417.949	0	0
lcl|NW_015386430.1_cds_XP_029139125.1_5125	2310	2291.77	1	0.0406378
lcl|NW_015386430.1_cds_XP_015667230.1_5126	276	224.429	153.027	63.5023
lcl|NW_015386430.1_cds_XP_015667231.1_5127	189	143.766	19.9734	12.9389
lcl|NW_015386430.1_cds_XP_015667229.1_5128	1971	2011.95	240	11.1095
lcl|NW_015386430.1_cds_XP_015667232.1_5129	1869	1919.49	70	3.39637
lcl|NW_015386430.1_cds_XP_015667233.1_5130	1869	1919.49	70	3.39637
lcl|NW_015386430.1_cds_XP_015667214.1_5131	2070	2053.51	3	0.136059
lcl|NW_015386430.1_cds_XP_015667238.1_5132	687	625.055	61	9.08893
lcl|NW_015386430.1_cds_XP_015667234.1_5133	1782	1800.58	197.842	10.2331
lcl|NW_015386430.1_cds_XP_015667235.1_5134	1446	1465.41	68.5604	4.35727
lcl|NW_015386430.1_cds_XP_015667237.1_5135	1437	1487.8	231.597	14.4974
lcl|NW_015386430.1_cds_XP_015667241.1_5136	996	993.182	28.7112	2.69231
lcl|NW_015386430.1_cds_XP_015667239.1_5137	960	939.709	0	0
lcl|NW_015386430.1_cds_XP_015667240.1_5138	858	854.813	49.2888	5.37004
lcl|NW_015386430.1_cds_XP_015667215.1_5139	2109	2115.71	22	0.968428
lcl|NW_015386430.1_cds_XP_015667216.1_5140	3174	3317.71	3.26443	0.0916371
lcl|NW_015386430.1_cds_XP_015667218.1_5141	798	729.439	2	0.255354
lcl|NW_015386430.1_cds_XP_015667242.1_5142	2055	2102.16	75	3.32274
lcl|NW_015386430.1_cds_XP_015667261.1_5143	531	463.537	1	0.200917
lcl|NW_015386430.1_cds_XP_015667262.1_5144	1119	1112.65	1	0.0837034
lcl|NW_015386430.1_cds_XP_015667243.1_5145	2121	2187.03	133	5.66367
lcl|NW_015386430.1_cds_XP_015667263.1_5146	1332	1293.95	0	0
lcl|NW_015386430.1_cds_XP_029139130.1_5147	960	984.161	1	0.0946314
lcl|NW_015386430.1_cds_XP_015667244.1_5148	1209	1277.58	610	44.4677
lcl|NW_015386430.1_cds_XP_015667247.1_5149	1275	1243.32	0.22128	0.0165752
lcl|NW_015386430.1_cds_XP_015667246.1_5150	1278	1248.27	240.963	17.978
lcl|NW_015386430.1_cds_XP_015667248.1_5151	1257	1229.49	815.816	61.7974
lcl|NW_015386430.1_cds_XP_015667249.1_5152	1677	1660.32	26.5	1.48646
lcl|NW_015386430.1_cds_XP_015667250.1_5153	1677	1660.32	26.5	1.48646
lcl|NW_015386430.1_cds_XP_015667251.1_5154	1566	1556.51	2.93898e-05	1.75852e-06
lcl|NW_015386430.1_cds_XP_015667252.1_5155	1542	1511.45	23	1.41722
lcl|NW_015386430.1_cds_XP_015667253.1_5156	3222	3202.67	23	0.668833
lcl|NW_015386430.1_cds_XP_015667255.1_5157	1725	1705.78	10	0.545981
lcl|NW_015386430.1_cds_XP_015667219.1_5158	1077	1044.84	36	3.2089
lcl|NW_015386430.1_cds_XP_015667220.1_5159	990	872.054	1	0.106797
lcl|NW_015386430.1_cds_XP_029139132.1_5160	1200	1091.21	1	0.0853479
lcl|NW_015386430.1_cds_XP_015667256.1_5161	574	518.311	146.067	26.246
lcl|NW_015386430.1_cds_XP_015667257.1_5162	762	739.2	15	1.88986
lcl|NW_015386430.1_cds_XP_015667264.1_5163	558	513.504	9	1.6323
lcl|NW_015386430.1_cds_XP_029139133.1_5164	4434	4386.37	28	0.594504
lcl|NW_015386430.1_cds_XP_015667258.1_5165	1230	1238.92	14	1.05241
lcl|NW_015386431.1_cds_XP_015667266.1_5166	3081	3065.89	3	0.0911309
lcl|NW_015386431.1_cds_XP_029139135.1_5167	837	798.949	0	0
lcl|NW_015386431.1_cds_XP_015667296.1_5168	1476	1437.95	0	0
lcl|NW_015386431.1_cds_XP_015667272.1_5169	1989	2003.14	543	25.2458
lcl|NW_015386431.1_cds_XP_015667273.1_5170	693	653.052	239	34.084
lcl|NW_015386431.1_cds_XP_015667275.1_5171	1113	1088.64	50.9343	4.3574
lcl|NW_015386431.1_cds_XP_015667276.1_5172	1011	981.773	63.0328	5.97939
lcl|NW_015386431.1_cds_XP_015667277.1_5173	1011	981.773	63.0328	5.97939
lcl|NW_015386431.1_cds_XP_015667278.1_5174	5901	5774.76	106	1.70952
lcl|NW_015386431.1_cds_XP_015667268.1_5175	2721	2739.55	18	0.61192
lcl|NW_015386431.1_cds_XP_015667269.1_5176	966	940.967	1	0.0989753
lcl|NW_015386431.1_cds_XP_029139136.1_5177	288	249.949	0	0
lcl|NW_015386431.1_cds_XP_029139137.1_5178	1089	1014.16	1	0.0918325
lcl|NW_015386431.1_cds_XP_029139138.1_5179	1995	2038.08	3	0.137089
lcl|NW_015386431.1_cds_XP_015667280.1_5180	6657	6877.35	70	0.947935
lcl|NW_015386431.1_cds_XP_015667299.1_5181	633	594.949	0	0
lcl|NW_015386431.1_cds_XP_015667281.1_5182	1563	1584.54	203	11.9315
lcl|NW_015386431.1_cds_XP_015667282.1_5183	1563	1584.54	203	11.9315
lcl|NW_015386431.1_cds_XP_015667283.1_5184	1362	1393.77	104.423	6.97758
lcl|NW_015386431.1_cds_XP_015667284.1_5185	765	766.441	3.57748	0.43471
lcl|NW_015386431.1_cds_XP_015667285.1_5186	2016	2028.91	31	1.42298
lcl|NW_015386431.1_cds_XP_015667270.2_5187	1227	1211.39	2	0.153761
lcl|NW_015386431.1_cds_XP_015667300.1_5188	837	798.949	0	0
lcl|NW_015386431.1_cds_XP_015667287.1_5189	1608	1563.79	6506	387.468
lcl|NW_015386431.1_cds_XP_015667288.1_5190	1566	1662.91	98	5.48856
lcl|NW_015386431.1_cds_XP_029139140.1_5191	1275	1236.95	0	0
lcl|NW_015386431.1_cds_XP_015667290.1_5192	1062	1065.69	32.1488	2.80953
lcl|NW_015386431.1_cds_XP_015667291.1_5193	1041	1032.54	88.8512	8.01414
lcl|NW_015386431.1_cds_XP_015667293.1_5194	648	593.401	65.3593	10.2579
lcl|NW_015386431.1_cds_XP_015667294.1_5195	648	593.401	65.3593	10.2579
lcl|NW_015386431.1_cds_XP_015667295.1_5196	549	498.172	25.2815	4.72633
lcl|NW_015386432.1_cds_XP_015667304.1_5197	2118	2117.61	90	3.9582
lcl|NW_015386432.1_cds_XP_015667305.1_5198	1221	1181.26	245	19.3163
lcl|NW_015386432.1_cds_XP_015667308.1_5199	846	784.493	55	6.52943
lcl|NW_015386432.1_cds_XP_015667307.1_5200	1803	1757.54	270	14.3073
lcl|NW_015386432.1_cds_XP_015667309.2_5201	1224	1216.67	157	12.0178
lcl|NW_015386432.1_cds_XP_015667301.1_5202	1137	1098.95	0	0
lcl|NW_015386432.1_cds_XP_015667311.1_5203	828	659.176	52	7.34689
lcl|NW_015386432.1_cds_XP_015667302.1_5204	996	1027.37	2	0.181303
lcl|NW_015386433.1_cds_XP_029139141.1_5205	2778	2736.42	155	5.27534
lcl|NW_015386433.1_cds_XP_015667313.1_5206	4989	5142.97	24	0.434609
lcl|NW_015386433.1_cds_XP_015667314.1_5207	816	855.247	120.4	13.111
lcl|NW_015386433.1_cds_XP_015667316.1_5208	816	855.247	120.4	13.111
lcl|NW_015386433.1_cds_XP_015667317.1_5209	816	855.247	120.4	13.111
lcl|NW_015386433.1_cds_XP_015667318.1_5210	816	855.247	120.4	13.111
lcl|NW_015386433.1_cds_XP_015667319.1_5211	816	855.247	120.4	13.111
lcl|NW_015386433.1_cds_XP_015667320.1_5212	2160	2105.49	233	10.3063
lcl|NW_015386433.1_cds_XP_015667321.1_5213	603	528.859	244	42.9686
lcl|NW_015386433.1_cds_XP_015667322.1_5214	996	999.315	173	16.123
lcl|NW_015386434.1_cds_XP_029139143.1_5215	1410	1302.4	5	0.357542
lcl|NW_015386434.1_cds_XP_015667326.1_5216	1104	1044.58	45	4.0121
lcl|NW_015386434.1_cds_XP_015667330.1_5217	1512	1443.67	26.8695	1.73338
lcl|NW_015386434.1_cds_XP_015667328.1_5218	1563	1509.53	0	0
lcl|NW_015386434.1_cds_XP_015667329.1_5219	1518	1464.64	48.2416	3.06755
lcl|NW_015386434.1_cds_XP_015667331.1_5220	858	811.433	186	21.3482
lcl|NW_015386434.1_cds_XP_029139144.1_5221	3438	3389.81	2	0.0549485
lcl|NW_015386434.1_cds_XP_029139146.1_5222	1191	1152.95	0	0
lcl|NW_015386434.1_cds_XP_015667341.1_5223	2283	2179.8	25	1.06813
lcl|NW_015386434.1_cds_XP_015667342.2_5224	1029	944.933	1	0.09856
lcl|NW_015386434.1_cds_XP_015667343.1_5225	1542	1452.41	9	0.577105
lcl|NW_015386434.1_cds_XP_015667344.1_5226	1221	1129.49	0	0
lcl|NW_015386434.1_cds_XP_029139142.1_5227	5544	5502.44	11	0.186183
lcl|NW_015386434.1_cds_XP_015667334.1_5228	1959	1894.45	10	0.491606
lcl|NW_015386434.1_cds_XP_015667345.1_5229	558	505.395	215	39.6195
lcl|NW_015386434.1_cds_XP_015667335.1_5230	768	727.12	793	101.571
lcl|NW_015386434.1_cds_XP_015667336.1_5231	2475	2458.19	10	0.378866
lcl|NW_015386434.1_cds_XP_029139147.1_5232	594	574.323	70.9983	11.5131
lcl|NW_015386434.1_cds_XP_029139148.1_5233	546	513.888	0.0017006	0.000308201
lcl|NW_015386434.1_cds_XP_015667337.1_5234	2838	2793.28	17	0.566808
lcl|NW_015386434.1_cds_XP_015667338.1_5235	1470	1425.68	2	0.13065
lcl|NW_015386434.1_cds_XP_015667339.1_5236	990	996.049	6	0.561012
lcl|NW_015386434.1_cds_XP_029139145.1_5237	3834	3869.34	3	0.0722081
lcl|NW_015386435.1_cds_XP_015667357.1_5238	963	924.949	0	0
lcl|NW_015386435.1_cds_XP_015667358.1_5239	768	729.949	0	0
lcl|NW_015386435.1_cds_XP_015667346.1_5240	1020	1003.13	32	2.97095
lcl|NW_015386435.1_cds_XP_015667347.1_5241	1227	1206.33	203.593	15.7181
lcl|NW_015386435.1_cds_XP_015667348.1_5242	1209	1188.55	370.407	29.0243
lcl|NW_015386435.1_cds_XP_015667350.1_5243	2028	1937.88	129	6.19959
lcl|NW_015386435.1_cds_XP_015667351.1_5244	1944	1936.56	832	40.0123
lcl|NW_015386435.1_cds_XP_015667352.1_5245	819	748.743	1504	187.075
lcl|NW_015386435.1_cds_XP_015667353.1_5246	1641	1647.48	58	3.27876
lcl|NW_015386435.1_cds_XP_015667354.1_5247	2148	2119.17	151	6.63608
lcl|NW_015386435.1_cds_XP_015667355.1_5248	1383	1389.89	1717	115.051
lcl|NW_015386435.1_cds_XP_015667359.1_5249	1773	1734.95	0	0
lcl|NW_015386435.1_cds_XP_015667356.1_5250	933	866.452	11	1.18236
lcl|NW_015386435.1_cds_XP_015667361.1_5251	1143	1104.95	0	0
lcl|NW_015386436.1_cds_XP_015667403.1_5252	909	840.109	42	4.65602
lcl|NW_015386436.1_cds_XP_015667376.1_5253	273	225.766	136	56.1025
lcl|NW_015386436.1_cds_XP_015667377.1_5254	1122	1044.55	9867	879.746
lcl|NW_015386436.1_cds_XP_015667404.1_5255	1587	1548.5	10	0.601437
lcl|NW_015386436.1_cds_XP_029139165.1_5256	1104	1065.95	0	0
lcl|NW_015386436.1_cds_XP_015667378.1_5257	1359	1287.76	0	0
lcl|NW_015386436.1_cds_XP_015667379.1_5258	1281	1205.63	5	0.38624
lcl|NW_015386436.1_cds_XP_015667406.1_5259	939	833.005	52	5.81376
lcl|NW_015386436.1_cds_XP_029139166.1_5260	3309	3270.95	0	0
lcl|NW_015386436.1_cds_XP_029139149.1_5261	573	460.449	12	2.42717
lcl|NW_015386436.1_cds_XP_015667380.1_5262	1119	1080.15	43	3.70754
lcl|NW_015386436.1_cds_XP_029139150.1_5263	2712	2673.95	0	0
lcl|NW_015386436.1_cds_XP_029139167.1_5264	369	330.949	0	0
lcl|NW_015386436.1_cds_XP_015667381.1_5265	1953	1887.67	63	3.10825
lcl|NW_015386436.1_cds_XP_029139168.1_5266	765	737.696	1	0.126248
lcl|NW_015386436.1_cds_XP_015667409.1_5267	1884	1807.76	23	1.18492
lcl|NW_015386436.1_cds_XP_015667410.1_5268	3576	3574.34	14	0.364782
lcl|NW_015386436.1_cds_XP_015667411.1_5269	1321	1285.51	35	2.53568
lcl|NW_015386436.1_cds_XP_015667384.1_5270	747	729.869	194	24.7547
lcl|NW_015386436.1_cds_XP_015667382.1_5271	1146	1121.28	28	2.32566
lcl|NW_015386436.1_cds_XP_015667366.1_5272	2280	2221.16	2	0.0838594
lcl|NW_015386436.1_cds_XP_015667385.2_5273	1848	1746.93	32	1.70599
lcl|NW_015386436.1_cds_XP_029139151.1_5274	4893	4700.08	13	0.257596
lcl|NW_015386436.1_cds_XP_029139152.1_5275	354	287.671	56	18.1298
lcl|NW_015386436.1_cds_XP_029139153.1_5276	7059	6884.5	31	0.419363
lcl|NW_015386436.1_cds_XP_015667386.1_5277	777	644.404	80	11.562
lcl|NW_015386436.1_cds_XP_015667412.1_5278	1401	1346.49	30	2.07501
lcl|NW_015386436.1_cds_XP_015667387.1_5279	1293	1188.19	71	5.56509
lcl|NW_015386436.1_cds_XP_015667413.1_5280	1695	1615.68	0	0
lcl|NW_015386436.1_cds_XP_015667414.1_5281	1674	1603.08	0	0
lcl|NW_015386436.1_cds_XP_029139169.1_5282	1590	1508.14	3	0.185259
lcl|NW_015386436.1_cds_XP_029139154.1_5283	993	944.425	5	0.493065
lcl|NW_015386436.1_cds_XP_029139155.1_5284	3462	3357.57	7	0.194167
lcl|NW_015386436.1_cds_XP_015667373.1_5285	1017	888.893	33	3.45753
lcl|NW_015386436.1_cds_XP_015667417.1_5286	3768	3665.06	2	0.0508218
lcl|NW_015386436.1_cds_XP_015667374.1_5287	1269	1230.95	0	0
lcl|NW_015386436.1_cds_XP_015667388.1_5288	2931	2827.21	127	4.18358
lcl|NW_015386436.1_cds_XP_015667389.2_5289	1950	1786.69	10	0.521258
lcl|NW_015386436.1_cds_XP_015667390.2_5290	1362	1216.52	245.607	18.8029
lcl|NW_015386436.1_cds_XP_029139157.1_5291	2373	2291.53	8	0.325136
lcl|NW_015386436.1_cds_XP_015667392.1_5292	573	489.007	127	24.1875
lcl|NW_015386436.1_cds_XP_015667418.1_5293	1113	923.34	11	1.10951
lcl|NW_015386436.1_cds_XP_029139156.1_5294	2208	2118.57	8	0.351681
lcl|NW_015386436.1_cds_XP_029139158.1_5295	2925	2872.43	8	0.259383
lcl|NW_015386436.1_cds_XP_015667399.1_5296	2271	2139.49	0	0
lcl|NW_015386436.1_cds_XP_015667397.1_5297	2283	2151.95	0	0
lcl|NW_015386436.1_cds_XP_015667395.1_5298	2298	2164.13	0	0
lcl|NW_015386436.1_cds_XP_015667398.1_5299	2292	2164.78	0	0
lcl|NW_015386436.1_cds_XP_015667396.1_5300	2307	2176.96	0	0
lcl|NW_015386436.1_cds_XP_029139159.1_5301	2067	1935.24	0	0
lcl|NW_015386436.1_cds_XP_029139161.1_5302	2019	1890.01	0	0
lcl|NW_015386436.1_cds_XP_029139160.1_5303	2022	1891.85	0	0
lcl|NW_015386436.1_cds_XP_029139164.1_5304	1809	1699.79	2.02069	0.110715
lcl|NW_015386436.1_cds_XP_029139163.1_5305	1860	1749.85	0	0
lcl|NW_015386436.1_cds_XP_015667401.1_5306	2007	1883.25	0	0
lcl|NW_015386436.1_cds_XP_029139162.1_5307	2010	1885.09	0	0
lcl|NW_015386436.1_cds_XP_015667400.1_5308	2091	1961.71	14.9793	0.711146
lcl|NW_015386436.1_cds_XP_015667402.1_5309	1098	1044.08	28	2.49761
lcl|NW_015386437.1_cds_XP_015667419.1_5310	3279	3172.84	66	1.9373
lcl|NW_015386437.1_cds_XP_015667422.1_5311	843	782.333	1204.42	143.379
lcl|NW_015386437.1_cds_XP_015667423.1_5312	798	741.411	430.584	54.0879
lcl|NW_015386437.1_cds_XP_029139170.1_5313	1806	1826.49	1	0.0509899
lcl|NW_015386438.1_cds_XP_015667426.1_5314	2259	2250.82	72.9989	3.02049
lcl|NW_015386438.1_cds_XP_015667428.1_5315	2253	2245.22	0.00109006	4.52163e-05
lcl|NW_015386438.1_cds_XP_015667429.1_5316	2253	2207.5	0	0
lcl|NW_015386438.1_cds_XP_015667425.1_5317	2823	2795.85	56	1.86541
lcl|NW_015386438.1_cds_XP_015667430.1_5318	858	833.63	55.9199	6.24733
lcl|NW_015386438.1_cds_XP_015667424.1_5319	597	547.77	27	4.59058
lcl|NW_015386439.1_cds_XP_015667445.1_5320	6990	6898.55	253.392	3.42087
lcl|NW_015386439.1_cds_XP_029139181.1_5321	2415	2376.42	73.1553	2.86697
lcl|NW_015386439.1_cds_XP_029139182.1_5322	762	687.222	42.8447	5.80632
lcl|NW_015386439.1_cds_XP_015667432.2_5323	1629	1587.47	528	30.9762
lcl|NW_015386439.1_cds_XP_029139171.1_5324	1698	1550.46	141	8.46956
lcl|NW_015386439.1_cds_XP_029139187.1_5325	1158	1109.9	1	0.0839105
lcl|NW_015386439.1_cds_XP_015667433.1_5326	948	874.858	3	0.319363
lcl|NW_015386439.1_cds_XP_015667472.2_5327	1578	1539.95	0	0
lcl|NW_015386439.1_cds_XP_015667434.1_5328	3240	2995.9	147	4.56974
lcl|NW_015386439.1_cds_XP_029139172.1_5329	2214	2202.63	4	0.169129
lcl|NW_015386439.1_cds_XP_015667474.1_5330	405	365.844	3	0.763707
lcl|NW_015386439.1_cds_XP_015667447.1_5331	429	367.018	1911	484.925
lcl|NW_015386439.1_cds_XP_015667448.1_5332	1743	1688.86	54	2.97784
lcl|NW_015386439.1_cds_XP_015667436.1_5333	1290	1084.75	3	0.257568
lcl|NW_015386439.1_cds_XP_015667475.1_5334	2574	2465.01	52	1.96465
lcl|NW_015386439.1_cds_XP_015667476.1_5335	444	339.356	34	9.33092
lcl|NW_015386439.1_cds_XP_015667449.1_5336	327	226.29	3	1.23469
lcl|NW_015386439.1_cds_XP_015667437.1_5337	6003	5848.67	73	1.16243
lcl|NW_015386439.1_cds_XP_029139173.1_5338	4065	4008.42	6	0.139405
lcl|NW_015386439.1_cds_XP_029139183.1_5339	3996	3640.22	72	1.84207
lcl|NW_015386439.1_cds_XP_015667453.1_5340	1407	1315.59	0	0
lcl|NW_015386439.1_cds_XP_029139185.1_5341	1443	1351.22	42.6983	2.94296
lcl|NW_015386439.1_cds_XP_029139184.1_5342	1446	1353.08	11.8252	0.813928
lcl|NW_015386439.1_cds_XP_015667452.1_5343	2265	2149.23	0	0
lcl|NW_015386439.1_cds_XP_015667451.1_5344	2301	2186.41	10.4765	0.446258
lcl|NW_015386439.1_cds_XP_029139174.1_5345	1032	950.454	2	0.195975
lcl|NW_015386439.1_cds_XP_015667477.1_5346	1572	1441.22	8	0.516966
lcl|NW_015386439.1_cds_XP_015667455.2_5347	3150	2909.66	39	1.24831
lcl|NW_015386439.1_cds_XP_015667441.1_5348	1338	1248.39	115	8.57927
lcl|NW_015386439.1_cds_XP_029139175.1_5349	885	833.281	124	13.859
lcl|NW_015386439.1_cds_XP_015667457.1_5350	597	550.646	6	1.0148
lcl|NW_015386439.1_cds_XP_015667442.1_5351	918	837.206	5	0.55621
lcl|NW_015386439.1_cds_XP_015667458.1_5352	1869	1782.92	61.4279	3.20875
lcl|NW_015386439.1_cds_XP_015667459.1_5353	1677	1580.45	13.5721	0.799776
lcl|NW_015386439.1_cds_XP_015667460.1_5354	729	671.509	22	3.05121
lcl|NW_015386439.1_cds_XP_015667479.1_5355	1317	1163.04	34	2.72261
lcl|NW_015386439.1_cds_XP_015667480.1_5356	849	826.283	5	0.563563
lcl|NW_015386439.1_cds_XP_015667481.1_5357	831	792.949	0	0
lcl|NW_015386439.1_cds_XP_015667443.1_5358	906	740.452	83	10.4396
lcl|NW_015386439.1_cds_XP_015667461.1_5359	1920	1839.92	164	8.30132
lcl|NW_015386439.1_cds_XP_015667482.1_5360	2379	2199.48	3	0.127029
lcl|NW_015386439.1_cds_XP_029139177.1_5361	1557	1518.95	0	0
lcl|NW_015386439.1_cds_XP_015667463.1_5362	1335	1206.34	110	8.49227
lcl|NW_015386439.1_cds_XP_015667444.1_5363	486	447.949	0	0
lcl|NW_015386439.1_cds_XP_029139178.1_5364	1260	1165	1	0.0799424
lcl|NW_015386439.1_cds_XP_015667464.1_5365	2934	2843.35	114	3.73402
lcl|NW_015386439.1_cds_XP_015667466.1_5366	2631	2451.44	107	4.06503
lcl|NW_015386439.1_cds_XP_015667465.1_5367	261	205.758	2	0.905261
lcl|NW_015386439.1_cds_XP_015667485.1_5368	465	416.481	20	4.47235
lcl|NW_015386439.1_cds_XP_029139188.1_5369	465	416.481	20	4.47235
lcl|NW_015386439.1_cds_XP_015667467.2_5370	4581	4288.39	51	1.10758
lcl|NW_015386439.1_cds_XP_029139189.1_5371	438	324.845	36	10.3212
lcl|NW_015386439.1_cds_XP_015667487.1_5372	5961	5922.95	0	0
lcl|NW_015386439.1_cds_XP_015667489.1_5373	5940	5901.95	0	0
lcl|NW_015386439.1_cds_XP_015667490.1_5374	1029	990.949	0	0
lcl|NW_015386439.1_cds_XP_015667491.1_5375	609	524.921	1	0.177422
lcl|NW_015386439.1_cds_XP_029139186.1_5376	3183	3039.43	17	0.520905
lcl|NW_015386439.1_cds_XP_029139179.1_5377	3354	3141.18	2	0.0592979
lcl|NW_015386439.1_cds_XP_015667470.2_5378	645	588.621	135	21.3599
lcl|NW_015386439.1_cds_XP_015667469.1_5379	981	936.804	568	56.4678
lcl|NW_015386439.1_cds_XP_015667493.1_5380	1461	1377.33	1	0.067618
lcl|NW_015386439.1_cds_XP_015667494.1_5381	504	440.853	1	0.211255
lcl|NW_015386439.1_cds_XP_029139180.1_5382	534	479.221	7	1.36039
lcl|NW_015386439.1_cds_XP_015667495.2_5383	4200	4161.95	0	0
lcl|NW_015386440.1_cds_XP_015667497.1_5384	2082	1837.27	1	0.0506906
lcl|NW_015386440.1_cds_XP_029139194.1_5385	1260	1218.69	1	0.0764204
lcl|NW_015386440.1_cds_XP_015667499.1_5386	864	860.897	12	1.29817
lcl|NW_015386440.1_cds_XP_015667501.2_5387	1008	1014.87	9	0.82591
lcl|NW_015386440.1_cds_XP_015667502.1_5388	2244	2255.75	235.93	9.74074
lcl|NW_015386440.1_cds_XP_015667503.1_5389	2238	2248.24	450.996	18.6824
lcl|NW_015386440.1_cds_XP_015667505.1_5390	264	228.928	21	8.54324
lcl|NW_015386440.1_cds_XP_029139190.1_5391	3654	3607.78	181	4.6724
lcl|NW_015386440.1_cds_XP_029139191.1_5392	2778	2785.02	0.0136118	0.000455188
lcl|NW_015386440.1_cds_XP_029139192.1_5393	2763	2774.02	0.538307	0.0180726
lcl|NW_015386440.1_cds_XP_015667508.1_5394	2757	2766.82	5.44808	0.183385
lcl|NW_015386440.1_cds_XP_015667509.2_5395	2415	2372.35	286	11.2277
lcl|NW_015386440.1_cds_XP_029139193.1_5396	2424	2371.08	0	0
lcl|NW_015386440.1_cds_XP_015667510.1_5397	2430	2452.84	91.7485	3.48362
lcl|NW_015386440.1_cds_XP_015667511.1_5398	2898	2822.03	2017.19	66.5713
lcl|NW_015386440.1_cds_XP_015667512.1_5399	2895	2818.78	0.808682	0.0267189
lcl|NW_015386441.1_cds_XP_029139197.1_5400	1131	1060.2	1	0.0878447
lcl|NW_015386441.1_cds_XP_015667514.1_5401	999	937.8	963	95.6352
lcl|NW_015386441.1_cds_XP_029139195.1_5402	327	265.042	21	7.37914
lcl|NW_015386441.1_cds_XP_029139196.1_5403	1836	1808.75	20	1.0298
lcl|NW_015386441.1_cds_XP_015667515.1_5404	552	511.498	18	3.2774
lcl|NW_015386441.1_cds_XP_015667516.1_5405	552	511.498	18	3.2774
lcl|NW_015386442.1_cds_XP_029139198.1_5406	3453	3427.37	22	0.597809
lcl|NW_015386442.1_cds_XP_015667524.1_5407	2100	2106.39	51	2.25493
lcl|NW_015386442.1_cds_XP_015667533.1_5408	705	666.949	0	0
lcl|NW_015386442.1_cds_XP_015667519.1_5409	804	698.196	2	0.26678
lcl|NW_015386442.1_cds_XP_015667525.1_5410	786	633.787	1	0.146946
lcl|NW_015386442.1_cds_XP_015667520.1_5411	6921	7254.21	32	0.410829
lcl|NW_015386442.1_cds_XP_015667521.1_5412	6846	7239.73	2	0.0257282
lcl|NW_015386442.1_cds_XP_015667526.1_5413	441	397.952	2948	689.919
lcl|NW_015386442.1_cds_XP_015667527.1_5414	372	304.192	38	11.6342
lcl|NW_015386442.1_cds_XP_015667522.1_5415	2952	2954.41	514	16.2029
lcl|NW_015386442.1_cds_XP_015667529.1_5416	954	850.675	15	1.64221
lcl|NW_015386442.1_cds_XP_015667531.1_5417	1272	1217.29	0.997719	0.0763337
lcl|NW_015386442.1_cds_XP_015667530.1_5418	1281	1225.44	0.00228098	0.000173353
lcl|NW_015386442.1_cds_XP_015667532.1_5419	7158	7321.95	15	0.190795
lcl|NW_015386443.1_cds_XP_015667534.1_5420	3360	3352.85	130	3.61102
lcl|NW_015386443.1_cds_XP_015667535.1_5421	678	609.513	1009	154.173
lcl|NW_015386443.1_cds_XP_015667536.1_5422	2799	2768.88	21.4471	0.721383
lcl|NW_015386443.1_cds_XP_015667537.1_5423	2226	2295.82	39	1.58208
lcl|NW_015386443.1_cds_XP_015667544.1_5424	570	561.924	41	6.79529
lcl|NW_015386443.1_cds_XP_015667539.1_5425	2574	2580.7	430.492	15.5356
lcl|NW_015386443.1_cds_XP_015667538.1_5426	2667	2678.09	0	0
lcl|NW_015386443.1_cds_XP_015667541.1_5427	2532	2540.62	2.86033e-08	1.04852e-09
lcl|NW_015386443.1_cds_XP_015667542.1_5428	2391	2391.73	1227.25	47.7886
lcl|NW_015386443.1_cds_XP_015667543.1_5429	2391	2391.73	1227.25	47.7886
lcl|NW_015386443.1_cds_XP_015667545.1_5430	747	755.727	3.36834	0.415099
lcl|NW_015386443.1_cds_XP_015667546.1_5431	747	755.727	3.36834	0.415099
lcl|NW_015386443.1_cds_XP_015667547.1_5432	639	643.546	102.263	14.7993
lcl|NW_015386443.1_cds_XP_015667550.1_5433	1515	1476.95	0	0
lcl|NW_015386443.1_cds_XP_029139199.1_5434	2223	2065.28	6	0.270566
lcl|NW_015386443.1_cds_XP_015667551.1_5435	399	401.252	1	0.232105
lcl|NW_015386443.1_cds_XP_015667553.1_5436	1011	1005.88	321	29.7208
lcl|NW_015386443.1_cds_XP_015667548.1_5437	663	585.538	4	0.636219
lcl|NW_015386443.1_cds_XP_015667549.1_5438	726	697.378	7317	977.161
lcl|NW_015386444.1_cds_XP_015667555.1_5439	1170	1155.58	94	7.57579
lcl|NW_015386444.1_cds_XP_015667556.1_5440	867	941.674	145	14.3407
lcl|NW_015386444.1_cds_XP_015667554.1_5441	2967	3002.35	154	4.77706
lcl|NW_015386444.1_cds_XP_015667557.1_5442	1218	1228.73	861	65.2601
lcl|NW_015386445.1_cds_XP_015667558.1_5443	3102	3078.26	304.631	9.2166
lcl|NW_015386445.1_cds_XP_015667568.1_5444	276	230.222	44.3535	17.9425
lcl|NW_015386445.1_cds_XP_015667580.2_5445	2340	2195.1	1	0.0424274
lcl|NW_015386445.1_cds_XP_015667559.1_5446	675	636.949	0	0
lcl|NW_015386445.1_cds_XP_015667560.1_5447	1134	1095.95	0	0
lcl|NW_015386445.1_cds_XP_015667561.2_5448	798	759.949	0	0
lcl|NW_015386445.1_cds_XP_015667569.1_5449	453	399.362	258.5	60.283
lcl|NW_015386445.1_cds_XP_015667570.1_5450	453	399.362	258.5	60.283
lcl|NW_015386445.1_cds_XP_015667571.1_5451	1485	1431.67	380	24.7196
lcl|NW_015386445.1_cds_XP_015667562.2_5452	1290	1251.95	0	0
lcl|NW_015386445.1_cds_XP_015667581.1_5453	771	732.949	0	0
lcl|NW_015386445.1_cds_XP_015667572.1_5454	1386	1330.52	227	15.8894
lcl|NW_015386445.1_cds_XP_015667564.1_5455	1371	1233.91	135	10.1895
lcl|NW_015386445.1_cds_XP_015667573.1_5456	1914	1854.58	535	26.8665
lcl|NW_015386445.1_cds_XP_015667565.1_5457	1386	1347.95	0	0
lcl|NW_015386445.1_cds_XP_015667575.1_5458	1662	1532.47	1323	80.4026
lcl|NW_015386445.1_cds_XP_015667576.1_5459	3162	3006.66	8.76957	0.271641
lcl|NW_015386445.1_cds_XP_015667582.1_5460	240	190.829	11	5.36845
lcl|NW_015386445.1_cds_XP_015667583.1_5461	1965	1862.36	10	0.500079
lcl|NW_015386445.1_cds_XP_029139200.1_5462	2391	2264.46	22	0.904815
lcl|NW_015386445.1_cds_XP_015667566.1_5463	2484	2368.87	3	0.117946
lcl|NW_015386445.1_cds_XP_029139203.1_5464	651	612.949	0	0
lcl|NW_015386445.1_cds_XP_029139201.1_5465	1842	1694.69	6	0.329732
lcl|NW_015386445.1_cds_XP_029139202.1_5466	855	758.171	47	5.77341
lcl|NW_015386445.1_cds_XP_015667587.1_5467	1722	1644.68	1	0.0566267
lcl|NW_015386445.1_cds_XP_015667578.1_5468	582	521.289	31	5.5384
lcl|NW_015386445.1_cds_XP_015667579.1_5469	642	624.924	99	14.754
lcl|NW_015386446.1_cds_XP_029139204.1_5470	6714	6855.5	15	0.203776
lcl|NW_015386446.1_cds_XP_015667589.1_5471	2346	2322.55	666	26.7061
lcl|NW_015386446.1_cds_XP_029139205.1_5472	2007	2012.45	25.0732	1.16034
lcl|NW_015386447.1_cds_XP_015667596.1_5473	1086	1011.99	3	0.276088
lcl|NW_015386447.1_cds_XP_015667597.2_5474	948	903.829	88	9.06771
lcl|NW_015386447.1_cds_XP_015667619.1_5475	414	326.223	206	58.8103
lcl|NW_015386447.1_cds_XP_015667598.1_5476	1347	1320.85	118	8.32012
lcl|NW_015386447.1_cds_XP_015667601.1_5477	711	677.837	436.124	59.9219
lcl|NW_015386447.1_cds_XP_015667599.1_5478	840	815.838	73.8761	8.43338
lcl|NW_015386447.1_cds_XP_015667602.1_5479	1320	1308.38	110	7.82998
lcl|NW_015386447.1_cds_XP_015667604.1_5480	3537	3557.93	1.25536e-06	3.28603e-08
lcl|NW_015386447.1_cds_XP_015667603.1_5481	3465	3494	19	0.506445
lcl|NW_015386447.1_cds_XP_029139209.1_5482	6792	6914.05	23	0.309811
lcl|NW_015386447.1_cds_XP_029139206.1_5483	1236	1208.65	1371	105.642
lcl|NW_015386447.1_cds_XP_015667593.2_5484	3636	3689.07	60	1.51473
lcl|NW_015386447.1_cds_XP_015667606.1_5485	1854	1886.34	613	30.2651
lcl|NW_015386447.1_cds_XP_015667607.1_5486	513	476.75	1172.43	229.033
lcl|NW_015386447.1_cds_XP_015667609.1_5487	510	471.774	326.571	64.468
lcl|NW_015386447.1_cds_XP_015667610.1_5488	6681	6887.81	67	0.90593
lcl|NW_015386447.1_cds_XP_015667594.1_5489	2484	2461.52	4	0.151341
lcl|NW_015386447.1_cds_XP_015667611.1_5490	297	230.596	730	294.83
lcl|NW_015386447.1_cds_XP_015667620.1_5491	435	374.99	201	49.9204
lcl|NW_015386447.1_cds_XP_015667613.1_5492	453	414.056	645.41	145.17
lcl|NW_015386447.1_cds_XP_015667612.1_5493	576	531.871	0.00169683	0.000297121
lcl|NW_015386447.1_cds_XP_015667614.1_5494	648	603.707	31.5887	4.87311
lcl|NW_015386447.1_cds_XP_015667615.1_5495	1617	1635.19	258	14.6944
lcl|NW_015386447.1_cds_XP_015667616.1_5496	2133	2173.15	29	1.24282
lcl|NW_015386447.1_cds_XP_015667621.1_5497	291	252.949	0	0
lcl|NW_015386447.1_cds_XP_029139207.1_5498	4416	4629.58	2.92409	0.0588234
lcl|NW_015386447.1_cds_XP_015667618.1_5499	4416	4628.73	3.41042	0.0686194
lcl|NW_015386447.1_cds_XP_029139208.1_5500	3729	3898.34	4.6655	0.11146
lcl|NW_015386448.1_cds_XP_015667622.2_5501	723	668.287	13	1.81168
lcl|NW_015386448.1_cds_XP_015667626.1_5502	1659	1606.68	90	5.21691
lcl|NW_015386448.1_cds_XP_015667627.1_5503	1095	976.025	84	8.01529
lcl|NW_015386448.1_cds_XP_015667630.1_5504	1764	1679.36	2	0.110914
lcl|NW_015386448.1_cds_XP_015667631.1_5505	1743	1586.61	4	0.234797
lcl|NW_015386448.1_cds_XP_015667632.1_5506	810	773.786	3	0.361079
lcl|NW_015386448.1_cds_XP_015667633.1_5507	747	696.476	46	6.15111
lcl|NW_015386448.1_cds_XP_015667624.2_5508	1545	1432.93	11	0.714941
lcl|NW_015386448.1_cds_XP_029139210.1_5509	4839	4657.05	41	0.819925
lcl|NW_015386448.1_cds_XP_015667629.1_5510	1194	1086.67	745	63.8497
lcl|NW_015386449.1_cds_XP_015667634.1_5511	2529	2567.32	1	0.0362762
lcl|NW_015386449.1_cds_XP_029139211.1_5512	2016	1977.95	0	0
lcl|NW_015386449.1_cds_XP_015667638.1_5513	957	784.752	6	0.712065
lcl|NW_015386449.1_cds_XP_015667640.1_5514	330	304.225	1347	412.358
lcl|NW_015386449.1_cds_XP_015667641.1_5515	330	304.225	1347	412.358
lcl|NW_015386449.1_cds_XP_015667642.1_5516	330	304.225	1347	412.358
lcl|NW_015386449.1_cds_XP_015667643.1_5517	369	319.47	174.718	50.9341
lcl|NW_015386449.1_cds_XP_015667644.1_5518	339	293.871	282.282	89.4599
lcl|NW_015386449.1_cds_XP_015667645.1_5519	603	582.986	38	6.07054
lcl|NW_015386449.1_cds_XP_015667635.1_5520	3012	3060.18	1	0.0304337
lcl|NW_015386449.1_cds_XP_029139212.1_5521	7752	7966.03	1525	17.8291
lcl|NW_015386449.1_cds_XP_015667647.1_5522	630	581.598	494	79.1052
lcl|NW_015386449.1_cds_XP_015667636.1_5523	1242	1218.93	10	0.764051
lcl|NW_015386450.1_cds_XP_029139213.1_5524	4284	4133.76	316	7.1194
lcl|NW_015386450.1_cds_XP_015667650.1_5525	1770	1739.23	34	1.82064
lcl|NW_015386450.1_cds_XP_015667649.1_5526	2652	2638.57	21	0.741228
lcl|NW_015386451.1_cds_XP_029139214.1_5527	339	279.061	16	5.33976
lcl|NW_015386451.1_cds_XP_015667653.1_5528	1482	1295.17	110	7.90985
lcl|NW_015386451.1_cds_XP_029139217.1_5529	1131	1069.93	2	0.17409
lcl|NW_015386451.1_cds_XP_029139218.1_5530	1773	1734.95	0	0
lcl|NW_015386451.1_cds_XP_029139219.1_5531	759	665.545	128	17.9116
lcl|NW_015386451.1_cds_XP_015667664.1_5532	1275	1165.98	499	39.8575
lcl|NW_015386451.1_cds_XP_015667665.1_5533	1368	1284.39	62	4.49569
lcl|NW_015386451.1_cds_XP_015667668.1_5534	489	391.141	40	9.52419
lcl|NW_015386451.1_cds_XP_029139215.1_5535	861	805.353	18	2.08155
lcl|NW_015386451.1_cds_XP_015667667.1_5536	1302	1247.15	10	0.746762
lcl|NW_015386451.1_cds_XP_029139220.1_5537	2337	2058.13	1	0.0452511
lcl|NW_015386451.1_cds_XP_015667677.1_5538	414	370.03	2	0.503378
lcl|NW_015386451.1_cds_XP_015667669.1_5539	1062	982.124	66	6.25863
lcl|NW_015386451.1_cds_XP_015667655.1_5540	1164	1050.59	2	0.177296
lcl|NW_015386451.1_cds_XP_029139221.1_5541	3744	3515.26	2	0.0529875
lcl|NW_015386451.1_cds_XP_015667656.1_5542	4734	4628.76	1	0.0201204
lcl|NW_015386451.1_cds_XP_015667657.1_5543	2190	2021.33	4	0.184299
lcl|NW_015386451.1_cds_XP_015667679.1_5544	1044	961.534	1	0.0968583
lcl|NW_015386451.1_cds_XP_015667658.1_5545	3192	3044.34	28	0.856576
lcl|NW_015386451.1_cds_XP_015667659.1_5546	2292	2194.13	46	1.95253
lcl|NW_015386451.1_cds_XP_015667670.1_5547	3654	3544.8	174	4.5715
lcl|NW_015386451.1_cds_XP_015667660.1_5548	423	363.161	3	0.76935
lcl|NW_015386451.1_cds_XP_015667671.1_5549	7131	7218.81	646	8.33428
lcl|NW_015386451.1_cds_XP_029139216.1_5550	1347	1222.17	75	5.71518
lcl|NW_015386451.1_cds_XP_015667680.1_5551	1173	1140.6	0	0
lcl|NW_015386451.1_cds_XP_015667682.1_5552	1020	983.405	1	0.0947041
lcl|NW_015386451.1_cds_XP_015667681.1_5553	1059	1024.22	0	0
lcl|NW_015386451.1_cds_XP_029139222.1_5554	1074	1039.72	0	0
lcl|NW_015386451.1_cds_XP_015667684.1_5555	414	375.949	0	0
lcl|NW_015386451.1_cds_XP_015667683.1_5556	645	565.284	20	3.29507
lcl|NW_015386451.1_cds_XP_015667661.1_5557	15033	14899.2	9	0.0562574
lcl|NW_015386451.1_cds_XP_015667674.1_5558	2367	2214.33	18	0.757063
lcl|NW_015386451.1_cds_XP_029139223.1_5559	2223	2184.95	0	0
lcl|NW_015386452.1_cds_XP_015667687.2_5560	1974	1935.95	0	0
lcl|NW_015386452.1_cds_XP_015667688.1_5561	7137	7227.49	270	3.47918
lcl|NW_015386452.1_cds_XP_015667690.1_5562	2061	2023.51	1080.92	49.7497
lcl|NW_015386452.1_cds_XP_015667689.1_5563	2109	2073.72	181.078	8.13236
lcl|NW_015386452.1_cds_XP_015667693.1_5564	4353	4440.4	216	4.53037
lcl|NW_015386453.1_cds_XP_015667739.1_5565	1053	1012.06	5	0.460113
lcl|NW_015386453.1_cds_XP_015667704.1_5566	4581	4523.54	133	2.73826
lcl|NW_015386453.1_cds_XP_015667705.1_5567	984	922.227	2553	257.819
lcl|NW_015386453.1_cds_XP_015667708.1_5568	1038	999.949	0	0
lcl|NW_015386453.1_cds_XP_015667706.1_5569	1632	1583.17	337	19.8246
lcl|NW_015386453.1_cds_XP_029139232.1_5570	2481	2442.95	0	0
lcl|NW_015386453.1_cds_XP_015667740.1_5571	1419	1380.95	0	0
lcl|NW_015386453.1_cds_XP_015667709.1_5572	924	877.051	118	12.5302
lcl|NW_015386453.1_cds_XP_015667711.1_5573	1140	1055.35	25.7156	2.26934
lcl|NW_015386453.1_cds_XP_015667710.1_5574	993	948.287	231.284	22.7147
lcl|NW_015386453.1_cds_XP_015667712.2_5575	1764	1656.47	111	6.2408
lcl|NW_015386453.1_cds_XP_015667713.1_5576	1659	1647.12	50.5718	2.85946
lcl|NW_015386453.1_cds_XP_015667714.1_5577	1557	1549.41	52.4282	3.15136
lcl|NW_015386453.1_cds_XP_015667715.1_5578	1569	1517.4	2	0.122753
lcl|NW_015386453.1_cds_XP_029139227.1_5579	2019	1987.89	23	1.07755
lcl|NW_015386453.1_cds_XP_015667695.1_5580	4491	4379.89	4	0.0850546
lcl|NW_015386453.1_cds_XP_015667718.1_5581	3702	3504.43	554	14.7229
lcl|NW_015386453.1_cds_XP_015667719.1_5582	1140	1064.19	4	0.350059
lcl|NW_015386453.1_cds_XP_015667721.1_5583	786	767.176	1404	170.441
lcl|NW_015386453.1_cds_XP_029139225.1_5584	1350	1204.49	54	4.17534
lcl|NW_015386453.1_cds_XP_015667741.1_5585	1113	1074.95	0	0
lcl|NW_015386453.1_cds_XP_029139228.1_5586	2361	2373.72	43.1826	1.69426
lcl|NW_015386453.1_cds_XP_015667722.1_5587	1902	1879.72	43	2.13047
lcl|NW_015386453.1_cds_XP_029139226.1_5588	5982	5943.95	0	0
lcl|NW_015386453.1_cds_XP_015667742.1_5589	897	858.949	0	0
lcl|NW_015386453.1_cds_XP_015667743.1_5590	672	630.681	25	3.69174
lcl|NW_015386453.1_cds_XP_015667723.2_5591	1047	1006.98	636	58.8219
lcl|NW_015386453.1_cds_XP_015667726.1_5592	1461	1479.87	141.446	8.90158
lcl|NW_015386453.1_cds_XP_015667725.1_5593	1464	1485.35	5.55414	0.348249
lcl|NW_015386453.1_cds_XP_015667745.1_5594	2154	2106.94	6	0.265216
lcl|NW_015386453.1_cds_XP_015667727.1_5595	1881	1933.86	68	3.2748
lcl|NW_015386453.1_cds_XP_015667701.1_5596	1266	1227.95	0	0
lcl|NW_015386453.1_cds_XP_015667746.1_5597	1098	1059.95	0	0
lcl|NW_015386453.1_cds_XP_015667747.1_5598	1248	1196.37	7	0.544922
lcl|NW_015386453.1_cds_XP_015667729.1_5599	1893	1860.59	119.412	5.9772
lcl|NW_015386453.1_cds_XP_015667728.1_5600	1896	1864.65	21.5881	1.07825
lcl|NW_015386453.1_cds_XP_029139229.1_5601	849	770.5	75	9.06546
lcl|NW_015386453.1_cds_XP_029139230.1_5602	6585	6674.7	260	3.6278
lcl|NW_015386453.1_cds_XP_015667748.1_5603	609	583.858	16	2.5522
lcl|NW_015386453.1_cds_XP_015667734.1_5604	1218	1159.19	25	2.00857
lcl|NW_015386453.1_cds_XP_015667735.1_5605	723	709.938	981.916	128.812
lcl|NW_015386453.1_cds_XP_015667736.1_5606	690	675.234	1292.08	178.212
lcl|NW_015386453.1_cds_XP_015667702.1_5607	744	676.344	28	3.8556
lcl|NW_015386453.1_cds_XP_015667750.1_5608	2835	2823.41	0.000828879	2.73413e-05
lcl|NW_015386453.1_cds_XP_029139233.1_5609	2820	2800.92	0.999171	0.0332232
lcl|NW_015386453.1_cds_XP_015667751.1_5610	480	435.118	6	1.28424
lcl|NW_015386453.1_cds_XP_015667752.1_5611	492	471.196	26	5.13893
lcl|NW_015386453.1_cds_XP_015667703.1_5612	1071	1032.95	0	0
lcl|NW_015386453.1_cds_XP_029139231.1_5613	3804	3916.86	9	0.213996
lcl|NW_015386453.1_cds_XP_015667753.1_5614	2133	2028.74	1	0.0459066
lcl|NW_015386453.1_cds_XP_015667738.1_5615	522	505.046	7150	1318.49
lcl|NW_015386454.1_cds_XP_015667760.1_5616	1743	1710.03	15.3227	0.834512
lcl|NW_015386454.1_cds_XP_015667761.1_5617	1545	1491.91	32.6773	2.03988
lcl|NW_015386454.1_cds_XP_015667762.1_5618	3591	3692.81	283	7.13724
lcl|NW_015386454.1_cds_XP_015667763.1_5619	1605	1504.87	149	9.22124
lcl|NW_015386454.1_cds_XP_015667766.1_5620	879	860.603	63	6.81771
lcl|NW_015386454.1_cds_XP_015667768.1_5621	684	657.768	0	0
lcl|NW_015386454.1_cds_XP_015667767.1_5622	900	882.764	78	8.22908
lcl|NW_015386454.1_cds_XP_015667755.1_5623	1893	1880.3	98	4.85401
lcl|NW_015386454.1_cds_XP_015667769.1_5624	1086	1030.42	155	14.0094
lcl|NW_015386454.1_cds_XP_015667756.1_5625	2091	2036.42	160.693	7.34901
lcl|NW_015386454.1_cds_XP_029139234.1_5626	2031	1975.07	25.3074	1.19335
lcl|NW_015386454.1_cds_XP_015667757.1_5627	1500	1461.95	0	0
lcl|NW_015386454.1_cds_XP_015667758.1_5628	462	379.492	7	1.7179
lcl|NW_015386454.1_cds_XP_029139235.1_5629	2538	2599.72	209	7.48723
lcl|NW_015386454.1_cds_XP_015667772.1_5630	3756	3809.71	113.673	2.77887
lcl|NW_015386454.1_cds_XP_015667771.1_5631	3762	3816.07	1338.33	32.6623
lcl|NW_015386454.1_cds_XP_015667774.1_5632	1086	1059.43	343	30.1524
lcl|NW_015386454.1_cds_XP_015667776.1_5633	978	999.377	1	0.0931906
lcl|NW_015386454.1_cds_XP_015667775.1_5634	14514	15014.3	210	1.30261
lcl|NW_015386454.1_cds_XP_029139236.1_5635	2353	2320.75	2	0.0802607
lcl|NW_015386455.1_cds_XP_029139237.1_5636	930	879.869	30	3.17545
lcl|NW_015386455.1_cds_XP_015667789.1_5637	1224	1157.48	10	0.804617
lcl|NW_015386455.1_cds_XP_015667790.1_5638	1122	1064.77	8.1312	0.711214
lcl|NW_015386455.1_cds_XP_015667791.1_5639	756	696.035	28.8688	3.86277
lcl|NW_015386455.1_cds_XP_015667792.1_5640	1362	1346.19	209	14.4591
lcl|NW_015386455.1_cds_XP_015667794.1_5641	1362	1346.19	209	14.4591
lcl|NW_015386455.1_cds_XP_015667795.1_5642	1362	1346.19	209	14.4591
lcl|NW_015386455.1_cds_XP_015667797.1_5643	462	420.884	4	0.885112
lcl|NW_015386455.1_cds_XP_015667796.1_5644	594	577.92	0	0
lcl|NW_015386455.1_cds_XP_029139241.1_5645	6573	6515.4	3	0.0428826
lcl|NW_015386455.1_cds_XP_015667778.1_5646	1173	1168.97	4	0.318682
lcl|NW_015386455.1_cds_XP_015667836.1_5647	714	623.345	0	0
lcl|NW_015386455.1_cds_XP_015667835.1_5648	606	535.027	2	0.348142
lcl|NW_015386455.1_cds_XP_015667779.1_5649	2295	2284.51	1.94292	0.079207
lcl|NW_015386455.1_cds_XP_015667780.1_5650	1821	1782.95	0	0
lcl|NW_015386455.1_cds_XP_029139242.1_5651	4080	4171.28	38	0.848429
lcl|NW_015386455.1_cds_XP_015667799.1_5652	1923	1884.13	46	2.27378
lcl|NW_015386455.1_cds_XP_015667781.1_5653	1896	1801.19	77	3.98137
lcl|NW_015386455.1_cds_XP_015667837.1_5654	1011	966.391	1	0.0963715
lcl|NW_015386455.1_cds_XP_015667840.1_5655	2490	2451.95	0	0
lcl|NW_015386455.1_cds_XP_015667839.1_5656	2664	2625.95	0	0
lcl|NW_015386455.1_cds_XP_015667841.1_5657	462	423.949	0	0
lcl|NW_015386455.1_cds_XP_015667800.1_5658	828	767.294	365	44.3029
lcl|NW_015386455.1_cds_XP_015667801.1_5659	5329	5187.76	918	16.4803
lcl|NW_015386455.1_cds_XP_015667783.1_5660	1329	1282.1	8	0.581125
lcl|NW_015386455.1_cds_XP_015667842.1_5661	828	784.293	25	2.96868
lcl|NW_015386455.1_cds_XP_015667802.1_5662	1224	1205.94	48.5	3.74558
lcl|NW_015386455.1_cds_XP_015667803.1_5663	1224	1205.94	48.5	3.74558
lcl|NW_015386455.1_cds_XP_015667804.1_5664	618	575.843	116	18.761
lcl|NW_015386455.1_cds_XP_015667806.1_5665	1572	1612.44	796	45.9758
lcl|NW_015386455.1_cds_XP_015667807.1_5666	1632	1645.78	180	10.186
lcl|NW_015386455.1_cds_XP_029139239.1_5667	834	784.37	21	2.49345
lcl|NW_015386455.1_cds_XP_029139243.1_5668	1998	1943.67	18	0.862484
lcl|NW_015386455.1_cds_XP_015667809.1_5669	702	638.298	55	8.02492
lcl|NW_015386455.1_cds_XP_029139244.1_5670	5049	5165.74	39	0.703126
lcl|NW_015386455.1_cds_XP_029139245.1_5671	4320	4387.18	20	0.424567
lcl|NW_015386455.1_cds_XP_029139240.1_5672	2100	2080.35	40	1.79071
lcl|NW_015386455.1_cds_XP_029139246.1_5673	399	337.615	40	11.0342
lcl|NW_015386455.1_cds_XP_015667812.1_5674	2343	2335.49	32	1.27606
lcl|NW_015386455.1_cds_XP_015667813.1_5675	1383	1344.95	0	0
lcl|NW_015386455.1_cds_XP_015667814.1_5676	888	897.458	35	3.63208
lcl|NW_015386455.1_cds_XP_015667815.1_5677	9348	9073.92	0.2391	0.00245407
lcl|NW_015386455.1_cds_XP_015667819.1_5678	8997	8709.9	376.576	4.02662
lcl|NW_015386455.1_cds_XP_015667818.1_5679	9120	8847.48	114.97	1.21023
lcl|NW_015386455.1_cds_XP_015667817.1_5680	9270	8991.3	89.2146	0.924091
lcl|NW_015386455.1_cds_XP_015667787.1_5681	966	927.949	0	0
lcl|NW_015386455.1_cds_XP_015667820.1_5682	2772	2779.51	172	5.76317
lcl|NW_015386455.1_cds_XP_015667821.1_5683	1026	1025.86	14	1.27098
lcl|NW_015386455.1_cds_XP_015667822.1_5684	816	780.091	3971	474.085
lcl|NW_015386455.1_cds_XP_015667823.1_5685	576	493.076	18.1511	3.42839
lcl|NW_015386455.1_cds_XP_015667824.1_5686	477	423.106	4.84891	1.06733
lcl|NW_015386455.1_cds_XP_015667826.1_5687	771	736.048	301	38.0857
lcl|NW_015386455.1_cds_XP_015667827.1_5688	1212	1155.56	627	50.5332
lcl|NW_015386455.1_cds_XP_029139247.1_5689	1413	1369.98	2	0.135962
lcl|NW_015386455.1_cds_XP_015667828.1_5690	2751	2702.99	0.008592	0.000296041
lcl|NW_015386455.1_cds_XP_015667829.1_5691	2727	2675.36	88.9914	3.0979
lcl|NW_015386455.1_cds_XP_015667831.1_5692	1044	1061.16	179.5	15.7538
lcl|NW_015386455.1_cds_XP_015667832.1_5693	1044	1061.16	179.5	15.7538
lcl|NW_015386455.1_cds_XP_015667833.2_5694	849	830.64	5	0.560607
lcl|NW_015386456.1_cds_XP_029139248.1_5695	975	1020.94	3	0.273666
lcl|NW_015386456.1_cds_XP_015667848.1_5696	2565	2513.84	196	7.2614
lcl|NW_015386456.1_cds_XP_015667850.1_5697	1542	1527.08	78.8264	4.8074
lcl|NW_015386456.1_cds_XP_015667851.1_5698	1479	1468.97	56.1736	3.56141
lcl|NW_015386456.1_cds_XP_015667844.1_5699	2346	2244.3	100	4.14973
lcl|NW_015386456.1_cds_XP_015667852.1_5700	357	312.213	9069	2705.26
lcl|NW_015386456.1_cds_XP_015667845.1_5701	1044	1005.95	0	0
lcl|NW_015386456.1_cds_XP_015667864.1_5702	1506	1515.97	7	0.43004
lcl|NW_015386456.1_cds_XP_015667854.1_5703	333	282.986	137.91	45.3869
lcl|NW_015386456.1_cds_XP_015667855.1_5704	303	255.386	22.5531	8.22453
lcl|NW_015386456.1_cds_XP_015667856.1_5705	255	201.339	91.5372	42.3419
lcl|NW_015386456.1_cds_XP_015667853.1_5706	966	950.113	832	81.5548
lcl|NW_015386456.1_cds_XP_015667865.1_5707	798	759.949	0	0
lcl|NW_015386456.1_cds_XP_015667866.1_5708	1113	1072.48	1	0.0868383
lcl|NW_015386456.1_cds_XP_029139250.1_5709	1059	1036.15	2	0.179766
lcl|NW_015386456.1_cds_XP_015667846.2_5710	1539	1500.95	0	0
lcl|NW_015386456.1_cds_XP_015667858.1_5711	897	832.829	279.284	31.2314
lcl|NW_015386456.1_cds_XP_015667857.1_5712	891	826.834	381.716	42.9955
lcl|NW_015386456.1_cds_XP_015667859.1_5713	2757	2815.37	754	24.9424
lcl|NW_015386456.1_cds_XP_015667847.1_5714	1578	1636.72	2	0.113804
lcl|NW_015386456.1_cds_XP_029139249.1_5715	729	738.613	110	13.87
lcl|NW_015386456.1_cds_XP_015667862.1_5716	639	610.582	2136	325.805
lcl|NW_015386456.1_cds_XP_015667863.1_5717	9030	9074.23	234	2.40164
lcl|NW_015386457.1_cds_XP_015667870.1_5718	1107	1068.95	0	0
lcl|NW_015386457.1_cds_XP_029139251.1_5719	2019	1980.95	0	0
lcl|NW_015386457.1_cds_XP_015667872.1_5720	1725	1686.95	0	0
lcl|NW_015386457.1_cds_XP_015667871.1_5721	1725	1686.95	0	0
lcl|NW_015386457.1_cds_XP_029139255.1_5722	2313	2169.39	3	0.128791
lcl|NW_015386457.1_cds_XP_015667875.1_5723	2487	2332.4	0	0
lcl|NW_015386457.1_cds_XP_029139254.1_5724	2535	2387.32	0	0
lcl|NW_015386457.1_cds_XP_015667874.1_5725	2499	2346.69	0	0
lcl|NW_015386457.1_cds_XP_029139253.1_5726	2535	2388.64	0	0
lcl|NW_015386457.1_cds_XP_029139252.1_5727	2541	2394.86	0	0
lcl|NW_015386457.1_cds_XP_015667868.1_5728	618	575.217	44	7.12397
lcl|NW_015386457.1_cds_XP_015667869.1_5729	1356	1365.5	252	17.1874
lcl|NW_015386458.1_cds_XP_015667893.1_5730	918	829.342	14	1.57216
lcl|NW_015386458.1_cds_XP_015667876.2_5731	1536	1497.95	0	0
lcl|NW_015386458.1_cds_XP_015667877.1_5732	1530	1491.95	0	0
lcl|NW_015386458.1_cds_XP_015667878.1_5733	1542	1503.95	0	0
lcl|NW_015386458.1_cds_XP_015667879.1_5734	1536	1497.95	0	0
lcl|NW_015386458.1_cds_XP_015667880.1_5735	1536	1411.61	5	0.32988
lcl|NW_015386458.1_cds_XP_015667895.1_5736	1518	1479.95	0	0
lcl|NW_015386458.1_cds_XP_029139261.1_5737	2118	1988.45	7	0.327858
lcl|NW_015386458.1_cds_XP_015667901.1_5738	1512	1438.96	85	5.50138
lcl|NW_015386458.1_cds_XP_015667881.1_5739	1746	1642.47	9	0.510323
lcl|NW_015386458.1_cds_XP_015667882.1_5740	2193	2135.59	3	0.130829
lcl|NW_015386458.1_cds_XP_029139256.1_5741	4350	4017.34	185	4.28878
lcl|NW_015386458.1_cds_XP_015667902.1_5742	912	861.673	33	3.56675
lcl|NW_015386458.1_cds_XP_015667884.1_5743	1212	1165.01	47	3.75724
lcl|NW_015386458.1_cds_XP_029139262.1_5744	1455	1416.95	0	0
lcl|NW_015386458.1_cds_XP_029139258.1_5745	1344	1305.95	0	0
lcl|NW_015386458.1_cds_XP_029139259.1_5746	438	371.896	4	1.0017
lcl|NW_015386458.1_cds_XP_015667888.2_5747	2085	1940.6	23	1.10381
lcl|NW_015386458.1_cds_XP_029139260.1_5748	1761	1670.77	6	0.334453
lcl|NW_015386458.1_cds_XP_015667903.1_5749	1266	1193.51	13	1.01443
lcl|NW_015386458.1_cds_XP_029139257.1_5750	5076	5007.44	51	0.94854
lcl|NW_015386458.1_cds_XP_015667897.1_5751	2301	2203.41	31	1.31029
lcl|NW_015386458.1_cds_XP_015667898.1_5752	2583	2484.38	195	7.31002
lcl|NW_015386458.1_cds_XP_015667899.1_5753	828	788.353	25	2.95339
lcl|NW_015386458.1_cds_XP_015667891.1_5754	2253	2098.9	213	9.45125
lcl|NW_015386458.1_cds_XP_015667892.1_5755	1212	1173.95	0	0
lcl|NW_015386460.1_cds_XP_015667908.1_5756	1683	1671.5	41	2.28443
lcl|NW_015386460.1_cds_XP_015667906.1_5757	2124	2154.61	24	1.0374
lcl|NW_015386460.1_cds_XP_015667910.1_5758	2454	2528.67	668.3	24.6139
lcl|NW_015386460.1_cds_XP_029139263.1_5759	2367	2386.5	24	0.936593
lcl|NW_015386460.1_cds_XP_015667916.1_5760	1062	1001.14	26	2.4187
lcl|NW_015386460.1_cds_XP_015667912.1_5761	540	508.095	72	13.1974
lcl|NW_015386460.1_cds_XP_015667917.1_5762	499	472.929	24	4.72624
lcl|NW_015386460.1_cds_XP_015667907.1_5763	564	525.949	0	0
lcl|NW_015386460.1_cds_XP_015667913.1_5764	1593	1623.59	60.6162	3.47708
lcl|NW_015386460.1_cds_XP_015667915.1_5765	1374	1436.09	33.3838	2.16498
lcl|NW_015386461.1_cds_XP_015667933.2_5766	1065	1044.03	26	2.31934
lcl|NW_015386461.1_cds_XP_015667920.1_5767	1515	1503.03	1341	83.0927
lcl|NW_015386461.1_cds_XP_015667921.1_5768	2478	2389.11	32	1.24743
lcl|NW_015386461.1_cds_XP_015667918.1_5769	5682	5657.75	2	0.0329221
lcl|NW_015386461.1_cds_XP_029139264.1_5770	1449	1351.21	1068	73.6119
lcl|NW_015386461.1_cds_XP_015667925.1_5771	3120	3147.87	35.4748	1.04955
lcl|NW_015386461.1_cds_XP_015667924.1_5772	3288	3318.4	66.0046	1.85245
lcl|NW_015386461.1_cds_XP_015667923.1_5773	3291	3325.36	10.5206	0.294649
lcl|NW_015386461.1_cds_XP_015667927.2_5774	3321	3299.05	4	0.11292
lcl|NW_015386461.1_cds_XP_015667928.2_5775	2931	2855.04	1405	45.8317
lcl|NW_015386461.1_cds_XP_015667929.1_5776	1134	1130.89	18	1.48236
lcl|NW_015386461.1_cds_XP_015667930.2_5777	2256	2216.78	127	5.33559
lcl|NW_015386461.1_cds_XP_015667931.2_5778	2058	1981.13	1.52767e-08	7.18154e-10
lcl|NW_015386461.1_cds_XP_015667934.1_5779	1011	972.949	0	0
lcl|NW_015386461.1_cds_XP_015667935.1_5780	837	798.949	0	0
lcl|NW_015386461.1_cds_XP_015667936.1_5781	837	820.028	1	0.113572
lcl|NW_015386461.1_cds_XP_015667932.1_5782	2235	2182.83	190	8.10655
lcl|NW_015386461.1_cds_XP_015667919.1_5783	717	658.887	24	3.39236
lcl|NW_015386462.1_cds_XP_015667939.1_5784	1395	1363.9	38.1227	2.60318
lcl|NW_015386462.1_cds_XP_015667940.1_5785	1395	1363.9	38.1227	2.60318
lcl|NW_015386462.1_cds_XP_015667942.1_5786	1158	1131.35	37.7531	3.10783
lcl|NW_015386462.1_cds_XP_015667941.1_5787	1179	1143.54	0.00152013	0.000123804
lcl|NW_015386462.1_cds_XP_015667943.1_5788	684	634.862	1040	152.565
lcl|NW_015386462.1_cds_XP_015667944.1_5789	1752	1760.42	127	6.71874
lcl|NW_015386462.1_cds_XP_015667949.1_5790	1392	1390.82	43	2.87939
lcl|NW_015386462.1_cds_XP_015667947.1_5791	1398	1390.23	5.73588e-05	3.84251e-06
lcl|NW_015386462.1_cds_XP_015667945.1_5792	1401	1392.83	402.5	26.9135
lcl|NW_015386462.1_cds_XP_015667946.1_5793	1401	1392.83	402.5	26.9135
lcl|NW_015386462.1_cds_XP_015667959.1_5794	933	884.96	25	2.63098
lcl|NW_015386462.1_cds_XP_015667950.1_5795	2745	2804.84	284	9.43001
lcl|NW_015386462.1_cds_XP_015667951.1_5796	555	502.108	121	22.4435
lcl|NW_015386462.1_cds_XP_015667953.1_5797	555	502.108	121	22.4435
lcl|NW_015386462.1_cds_XP_015667954.1_5798	555	502.108	121	22.4435
lcl|NW_015386462.1_cds_XP_015667955.1_5799	555	502.108	121	22.4435
lcl|NW_015386462.1_cds_XP_029139266.1_5800	555	502.108	121	22.4435
lcl|NW_015386462.1_cds_XP_029139267.1_5801	555	502.108	121	22.4435
lcl|NW_015386462.1_cds_XP_029139268.1_5802	2211	2162.14	84	3.61823
lcl|NW_015386462.1_cds_XP_015667938.1_5803	585	546.949	0	0
lcl|NW_015386462.1_cds_XP_015667960.1_5804	525	486.949	0	0
lcl|NW_015386462.1_cds_XP_015667957.1_5805	1575	1534.5	41	2.4884
lcl|NW_015386462.1_cds_XP_015667958.1_5806	3693	3807.67	922	22.5514
lcl|NW_015386463.1_cds_XP_015667963.1_5807	2064	2048.63	19	0.863755
lcl|NW_015386463.1_cds_XP_015667964.1_5808	3240	3236.91	130.59	3.75734
lcl|NW_015386463.1_cds_XP_015667965.1_5809	765	634.96	2	0.293349
lcl|NW_015386463.1_cds_XP_029139269.1_5810	4503	4628.08	17	0.342097
lcl|NW_015386463.1_cds_XP_029139270.1_5811	1152	1140.69	2	0.163291
lcl|NW_015386463.1_cds_XP_015667967.1_5812	4128	4125.68	151.111	3.41116
lcl|NW_015386463.1_cds_XP_029139271.1_5813	2718	2733.26	71.8889	2.44953
lcl|NW_015386463.1_cds_XP_015667968.1_5814	867	839.369	12	1.33146
lcl|NW_015386464.1_cds_XP_015667969.1_5815	2736	2612.7	10	0.356461
lcl|NW_015386464.1_cds_XP_015667972.1_5816	1905	1938.13	65	3.12344
lcl|NW_015386464.1_cds_XP_015667973.1_5817	2040	2188.34	90	3.83026
lcl|NW_015386464.1_cds_XP_015667975.1_5818	1587	1563.38	108.117	6.44066
lcl|NW_015386464.1_cds_XP_015667974.1_5819	1674	1659.36	172.883	9.70315
lcl|NW_015386464.1_cds_XP_015667977.1_5820	876	844.414	1	0.110292
lcl|NW_015386464.1_cds_XP_015667970.1_5821	915	876.949	0	0
lcl|NW_015386464.1_cds_XP_029139272.1_5822	2370	2427.34	1	0.0383681
lcl|NW_015386465.1_cds_XP_029139274.1_5823	4002	3705.45	6	0.150804
lcl|NW_015386465.1_cds_XP_029139273.1_5824	2844	2805.95	0	0
lcl|NW_015386465.1_cds_XP_015667981.1_5825	1932	1711.51	38	2.06778
lcl|NW_015386465.1_cds_XP_015667980.2_5826	2889	2850.95	0	0
lcl|NW_015386466.1_cds_XP_015667989.1_5827	2313	2373.6	24.5375	0.962774
lcl|NW_015386466.1_cds_XP_015667988.1_5828	2343	2409.45	66.8902	2.58551
lcl|NW_015386466.1_cds_XP_015667983.1_5829	1560	1560.9	90	5.36995
lcl|NW_015386466.1_cds_XP_029139276.1_5830	702	653.33	8	1.1404
lcl|NW_015386466.1_cds_XP_015667985.1_5831	690	651.949	0	0
lcl|NW_015386466.1_cds_XP_015667990.1_5832	1794	1713.77	7	0.380405
lcl|NW_015386466.1_cds_XP_015667991.1_5833	555	509.625	74.9546	13.6977
lcl|NW_015386466.1_cds_XP_015667992.1_5834	426	373.643	32.0454	7.9875
lcl|NW_015386466.1_cds_XP_015667993.1_5835	1794	1756.69	461	24.4403
lcl|NW_015386466.1_cds_XP_015667995.1_5836	1110	1030.21	55	4.9721
lcl|NW_015386466.1_cds_XP_029139275.1_5837	3021	2952.06	41.4238	1.30685
lcl|NW_015386467.1_cds_XP_015667996.1_5838	2376	2322.72	14	0.56135
lcl|NW_015386467.1_cds_XP_015667998.1_5839	405	338.068	2	0.55097
lcl|NW_015386467.1_cds_XP_029139278.1_5840	1833	1804.49	6	0.30967
lcl|NW_015386467.1_cds_XP_015667999.1_5841	1797	1802.38	45	2.32524
lcl|NW_015386468.1_cds_XP_015668000.1_5842	549	522.105	1	0.178379
lcl|NW_015386469.1_cds_XP_015668001.1_5843	4263	4286.18	10	0.217286
lcl|NW_015386469.1_cds_XP_015668022.1_5844	1284	1228.62	1	0.0758022
lcl|NW_015386469.1_cds_XP_015668004.1_5845	2919	2928.73	30.1058	0.957355
lcl|NW_015386469.1_cds_XP_015668003.1_5846	552	492.35	15.8942	3.00653
lcl|NW_015386469.1_cds_XP_015668006.1_5847	582	549.24	1450	245.871
lcl|NW_015386469.1_cds_XP_015668007.1_5848	624	572.799	268	43.5746
lcl|NW_015386469.1_cds_XP_015668008.1_5849	2307	2357.82	2340	92.4287
lcl|NW_015386469.1_cds_XP_015668009.1_5850	2307	2357.82	2340	92.4287
lcl|NW_015386469.1_cds_XP_015668010.1_5851	771	732.949	0	0
lcl|NW_015386469.1_cds_XP_029139279.1_5852	2463	2470.61	61	2.29947
lcl|NW_015386469.1_cds_XP_029139280.1_5853	3321	3352.16	5	0.138914
lcl|NW_015386469.1_cds_XP_015668012.1_5854	672	574.113	469	76.0811
lcl|NW_015386469.1_cds_XP_015668013.1_5855	1263	1195.73	138	10.7485
lcl|NW_015386469.1_cds_XP_015668023.1_5856	1629	1530.99	6	0.36499
lcl|NW_015386469.1_cds_XP_015668014.1_5857	4422	4502.62	214	4.4264
lcl|NW_015386469.1_cds_XP_015668018.1_5858	459	465.624	20	4.00033
lcl|NW_015386469.1_cds_XP_015668019.1_5859	444	422.281	200.336	44.1833
lcl|NW_015386469.1_cds_XP_015668020.1_5860	357	337.966	55.3322	15.2478
lcl|NW_015386469.1_cds_XP_015668021.1_5861	357	337.966	55.3322	15.2478
lcl|NW_015386470.1_cds_XP_015668046.2_5862	1002	972.275	10.338	0.990259
lcl|NW_015386470.1_cds_XP_015668044.1_5863	816	784.178	8.331	0.989427
lcl|NW_015386470.1_cds_XP_015668045.1_5864	816	784.178	8.331	0.989427
lcl|NW_015386470.1_cds_XP_015668024.1_5865	1209	1199.1	2	0.155337
lcl|NW_015386470.1_cds_XP_015668031.1_5866	1473	1414.69	170	11.1915
lcl|NW_015386470.1_cds_XP_015668032.1_5867	2007	2072.32	290.051	13.0352
lcl|NW_015386470.1_cds_XP_015668033.1_5868	1704	1790.65	64.9493	3.37804
lcl|NW_015386470.1_cds_XP_029139284.1_5869	1482	1443.95	0	0
lcl|NW_015386470.1_cds_XP_015668026.2_5870	1374	1335.95	0	0
lcl|NW_015386470.1_cds_XP_029139281.1_5871	1275	1236.95	0	0
lcl|NW_015386470.1_cds_XP_015668034.1_5872	702	654.859	450	63.998
lcl|NW_015386470.1_cds_XP_015668035.1_5873	3921	3967.2	61	1.43201
lcl|NW_015386470.1_cds_XP_015668047.1_5874	522	463.816	1	0.200796
lcl|NW_015386470.1_cds_XP_015668036.1_5875	396	332.146	663	185.902
lcl|NW_015386470.1_cds_XP_029139285.1_5876	1281	1235.67	3	0.226111
lcl|NW_015386470.1_cds_XP_015668037.1_5877	1506	1433.93	55	3.5722
lcl|NW_015386470.1_cds_XP_015668038.1_5878	1527	1468.31	233	14.7788
lcl|NW_015386470.1_cds_XP_029139282.1_5879	588	546.311	3	0.511426
lcl|NW_015386470.1_cds_XP_015668039.1_5880	927	869.608	586	62.7589
lcl|NW_015386470.1_cds_XP_015668049.1_5881	651	605.176	36	5.54016
lcl|NW_015386470.1_cds_XP_015668050.1_5882	1401	1401.53	16	1.06321
lcl|NW_015386470.1_cds_XP_029139283.1_5883	549	510.949	0	0
lcl|NW_015386470.1_cds_XP_015668053.1_5884	1089	1050.95	0	0
lcl|NW_015386470.1_cds_XP_015668051.1_5885	1104	1065.95	0	0
lcl|NW_015386470.1_cds_XP_015668027.1_5886	1689	1663.77	726.049	40.642
lcl|NW_015386470.1_cds_XP_015668041.1_5887	1788	1793.92	66	3.42642
lcl|NW_015386470.1_cds_XP_015668042.1_5888	1788	1793.92	66	3.42642
lcl|NW_015386470.1_cds_XP_015668043.1_5889	1770	1743.64	62	3.31159
lcl|NW_015386470.1_cds_XP_015668029.1_5890	1767	1760.97	3	0.158661
lcl|NW_015386470.1_cds_XP_015668030.1_5891	504	488.067	144.951	27.6594
lcl|NW_015386471.1_cds_XP_015668054.1_5892	1500	1490.89	123.097	7.68955
lcl|NW_015386471.1_cds_XP_015668055.1_5893	3078	3081.36	4	0.120898
lcl|NW_015386472.1_cds_XP_029139289.1_5894	414	375.949	0	0
lcl|NW_015386472.1_cds_XP_015668062.1_5895	447	385.791	41	9.89766
lcl|NW_015386472.1_cds_XP_029139286.1_5896	1824	1747.56	15	0.799394
lcl|NW_015386472.1_cds_XP_015668068.1_5897	603	565.477	19	3.12925
lcl|NW_015386472.1_cds_XP_015668057.1_5898	558	514.153	99	17.9326
lcl|NW_015386472.1_cds_XP_015668064.1_5899	258	196.2	1	0.474681
lcl|NW_015386472.1_cds_XP_015668069.1_5900	885	783.794	20	2.37645
lcl|NW_015386472.1_cds_XP_015668070.1_5901	1047	998.809	0	0
lcl|NW_015386472.1_cds_XP_015668071.1_5902	951	912.663	14	1.42863
lcl|NW_015386472.1_cds_XP_015668058.1_5903	1692	1627.74	127	7.26643
lcl|NW_015386472.1_cds_XP_015668072.1_5904	2088	1938.29	1	0.0480487
lcl|NW_015386472.1_cds_XP_029139290.1_5905	309	250.47	19	7.06479
lcl|NW_015386472.1_cds_XP_015668073.1_5906	540	479.931	132	25.6151
lcl|NW_015386472.1_cds_XP_015668075.2_5907	525	486.949	0	0
lcl|NW_015386472.1_cds_XP_015668076.1_5908	471	417.354	7	1.56205
lcl|NW_015386472.1_cds_XP_029139291.1_5909	3540	3404.6	103	2.81756
lcl|NW_015386472.1_cds_XP_029139288.1_5910	2502	2429.96	13	0.498249
lcl|NW_015386472.1_cds_XP_029139292.1_5911	1176	1082.5	2	0.172069
lcl|NW_015386472.1_cds_XP_015668066.1_5912	720	681.949	0	0
lcl|NW_015386472.1_cds_XP_015668077.1_5913	771	716.992	5	0.649467
lcl|NW_015386472.1_cds_XP_015668061.1_5914	747	708.949	0	0
lcl|NW_015386472.1_cds_XP_029139293.1_5915	852	813.949	0	0
lcl|NW_015386472.1_cds_XP_015668078.1_5916	1596	1544.48	6	0.361802
lcl|NW_015386472.1_cds_XP_015668079.1_5917	1932	1921.88	1	0.048459
lcl|NW_015386473.1_cds_XP_015668081.1_5918	984	937.418	446	44.3101
lcl|NW_015386473.1_cds_XP_015668082.1_5919	1914	1907.07	30	1.46506
lcl|NW_015386473.1_cds_XP_015668083.2_5920	1002	966.467	20	1.92728
lcl|NW_015386473.1_cds_XP_015668091.1_5921	2064	2019.5	2	0.0922334
lcl|NW_015386473.1_cds_XP_015668084.1_5922	942	894.548	10	1.04111
lcl|NW_015386473.1_cds_XP_029139294.1_5923	906	917.93	1	0.101459
lcl|NW_015386473.1_cds_XP_015668086.1_5924	1512	1497.86	45	2.79798
lcl|NW_015386473.1_cds_XP_015668080.1_5925	1038	1016.38	5	0.458159
lcl|NW_015386473.1_cds_XP_029139295.1_5926	2976	2885.04	7	0.225968
lcl|NW_015386473.1_cds_XP_015668089.1_5927	3477	3370.58	0	0
lcl|NW_015386473.1_cds_XP_015668088.1_5928	3480	3373.84	0	0
lcl|NW_015386473.1_cds_XP_015668087.1_5929	3483	3375.85	0	0
lcl|NW_015386473.1_cds_XP_015668090.1_5930	3492	3392.74	0	0
lcl|NW_015386474.1_cds_XP_015668110.1_5931	1365	1343.97	4.99976	0.346467
lcl|NW_015386474.1_cds_XP_029139300.1_5932	1410	1373.2	0	0
lcl|NW_015386474.1_cds_XP_029139302.1_5933	1254	1246.55	0	0
lcl|NW_015386474.1_cds_XP_029139299.1_5934	1452	1428.05	0	0
lcl|NW_015386474.1_cds_XP_029139301.1_5935	1371	1359.53	0.000240685	1.64877e-05
lcl|NW_015386474.1_cds_XP_015668109.1_5936	1569	1538.32	0	0
lcl|NW_015386474.1_cds_XP_015668098.1_5937	1614	1535.32	1620	98.2691
lcl|NW_015386474.1_cds_XP_015668100.1_5938	276	229.013	183.244	74.5199
lcl|NW_015386474.1_cds_XP_029139296.1_5939	300	262.143	63.7558	22.6508
lcl|NW_015386474.1_cds_XP_015668099.1_5940	1095	1077.74	189	16.3324
lcl|NW_015386474.1_cds_XP_015668101.1_5941	1683	1710.85	375	20.4137
lcl|NW_015386474.1_cds_XP_029139297.1_5942	1491	1544.4	4	0.241214
lcl|NW_015386474.1_cds_XP_015668111.1_5943	1023	1006.3	250.529	23.1863
lcl|NW_015386474.1_cds_XP_029139303.1_5944	618	600.614	111.471	17.2849
lcl|NW_015386474.1_cds_XP_015668102.1_5945	1479	1470.55	351.055	22.2329
lcl|NW_015386474.1_cds_XP_015668103.1_5946	1476	1466.44	34.9453	2.21936
lcl|NW_015386474.1_cds_XP_029139298.1_5947	1167	1114.42	5	0.41785
lcl|NW_015386474.1_cds_XP_015668104.1_5948	411	373.365	7	1.74608
lcl|NW_015386474.1_cds_XP_015668094.1_5949	1116	1069.63	13	1.13191
lcl|NW_015386474.1_cds_XP_015668105.1_5950	654	620.507	155.081	23.2763
lcl|NW_015386474.1_cds_XP_015668106.1_5951	651	618.492	61.9189	9.32375
lcl|NW_015386474.1_cds_XP_029139304.1_5952	2202	2253.31	62	2.56255
lcl|NW_015386474.1_cds_XP_015668096.1_5953	483	444.949	0	0
lcl|NW_015386474.1_cds_XP_015668107.1_5954	1512	1492.16	649.502	40.5384
lcl|NW_015386475.1_cds_XP_015668112.1_5955	1311	1297.6	1291	92.6585
lcl|NW_015386475.1_cds_XP_015668117.1_5956	2088	2075.85	0	0
lcl|NW_015386475.1_cds_XP_015668116.1_5957	2130	2115.07	316	13.9144
lcl|NW_015386475.1_cds_XP_029139305.1_5958	1773	1734.95	0	0
lcl|NW_015386475.1_cds_XP_015668119.1_5959	261	229.94	249	100.852
lcl|NW_015386475.1_cds_XP_015668114.1_5960	1806	1729.64	104	5.59987
lcl|NW_015386475.1_cds_XP_015668127.1_5961	1302	1238.94	14	1.05239
lcl|NW_015386475.1_cds_XP_015668128.1_5962	1989	1950.95	0	0
lcl|NW_015386475.1_cds_XP_015668120.1_5963	1842	1822.12	792	40.4809
lcl|NW_015386475.1_cds_XP_015668121.1_5964	1224	1164.42	86.5466	6.92216
lcl|NW_015386475.1_cds_XP_015668122.1_5965	1224	1164.42	86.5466	6.92216
lcl|NW_015386475.1_cds_XP_015668123.1_5966	561	521.788	51.9068	9.2647
lcl|NW_015386475.1_cds_XP_015668124.1_5967	1572	1548.25	51	3.06783
lcl|NW_015386475.1_cds_XP_029139306.1_5968	9648	9786.66	94	0.894529
lcl|NW_015386475.1_cds_XP_015668126.1_5969	1992	1971.91	473	22.3397
lcl|NW_015386476.1_cds_XP_029139307.1_5970	10410	10880.3	2	0.0171196
lcl|NW_015386477.1_cds_XP_015668135.1_5971	468	436.279	10	2.1347
lcl|NW_015386477.1_cds_XP_015668159.2_5972	293	252.933	69	25.4065
lcl|NW_015386477.1_cds_XP_015668136.1_5973	1002	946.45	159	15.6459
lcl|NW_015386477.1_cds_XP_015668137.1_5974	1116	1052.45	17.5	1.5486
lcl|NW_015386477.1_cds_XP_015668138.1_5975	1116	1052.45	17.5	1.5486
lcl|NW_015386477.1_cds_XP_015668139.1_5976	1101	1079.85	36	3.10484
lcl|NW_015386477.1_cds_XP_015668140.1_5977	1074	1050.34	0	0
lcl|NW_015386477.1_cds_XP_015668142.1_5978	873	854.985	0	0
lcl|NW_015386477.1_cds_XP_015668143.1_5979	633	574.693	117	18.9606
lcl|NW_015386477.1_cds_XP_015668132.1_5980	1332	1293.95	0	0
lcl|NW_015386477.1_cds_XP_015668133.1_5981	1710	1620.58	21	1.20684
lcl|NW_015386477.1_cds_XP_015668134.1_5982	696	654.224	5	0.711779
lcl|NW_015386477.1_cds_XP_015668145.1_5983	468	396.101	28.7841	6.76781
lcl|NW_015386477.1_cds_XP_015668144.1_5984	471	400.075	76.2159	17.7421
lcl|NW_015386477.1_cds_XP_015668146.1_5985	414	339.407	1.098e-08	3.01287e-09
lcl|NW_015386477.1_cds_XP_015668147.1_5986	1419	1369.78	170.597	11.599
lcl|NW_015386477.1_cds_XP_015668148.1_5987	1269	1225.25	57.4032	4.36326
lcl|NW_015386477.1_cds_XP_015668150.1_5988	3360	3468.38	5	0.134259
lcl|NW_015386477.1_cds_XP_015668161.1_5989	799	718.58	6	0.777638
lcl|NW_015386477.1_cds_XP_015668151.1_5990	1929	1959.9	135	6.41507
lcl|NW_015386477.1_cds_XP_015668152.1_5991	1746	1769.95	14.5	0.762971
lcl|NW_015386477.1_cds_XP_015668153.1_5992	1746	1769.95	14.5	0.762971
lcl|NW_015386477.1_cds_XP_015668155.1_5993	1242	1272.1	143.65	10.5168
lcl|NW_015386477.1_cds_XP_015668156.1_5994	1239	1270	114.35	8.3856
lcl|NW_015386477.1_cds_XP_015668157.1_5995	915	864.002	2	0.215584
lcl|NW_015386477.1_cds_XP_015668158.1_5996	2109	2063.64	100	4.51301
lcl|NW_015386478.1_cds_XP_015668170.1_5997	1248	1035.6	0	0
lcl|NW_015386478.1_cds_XP_015668171.1_5998	1140	962.686	0	0
lcl|NW_015386478.1_cds_XP_015668172.1_5999	1119	942.423	1	0.0988224
lcl|NW_015386478.1_cds_XP_015668162.1_6000	1134	1117.41	595	49.5915
lcl|NW_015386478.1_cds_XP_029139308.1_6001	3858	3813.97	41	1.00117
lcl|NW_015386478.1_cds_XP_015668165.1_6002	2787	2758.06	41	1.38447
lcl|NW_015386478.1_cds_XP_015668173.1_6003	1947	1908.95	0	0
lcl|NW_015386478.1_cds_XP_015668174.1_6004	2067	2104.49	1	0.0442543
lcl|NW_015386478.1_cds_XP_015668167.1_6005	1122	1076.16	26	2.25008
lcl|NW_015386478.1_cds_XP_015668168.1_6006	1122	1076.16	26	2.25008
lcl|NW_015386478.1_cds_XP_015668164.1_6007	2400	2404.12	95	3.68017
lcl|NW_015386479.1_cds_XP_015668175.1_6008	2157	2124.47	116	5.08522
lcl|NW_015386479.1_cds_XP_015668176.1_6009	2661	2622.95	0	0
lcl|NW_015386479.1_cds_XP_015668179.1_6010	1380	1351.7	226	15.5715
lcl|NW_015386479.1_cds_XP_015668183.1_6011	978	939.949	0	0
lcl|NW_015386479.1_cds_XP_015668180.1_6012	327	263.491	198.5	70.1609
lcl|NW_015386479.1_cds_XP_015668181.1_6013	327	263.491	198.5	70.1609
lcl|NW_015386479.1_cds_XP_029139309.1_6014	3261	3317.61	677	19.0048
lcl|NW_015386479.1_cds_XP_015668182.1_6015	1020	967.132	18	1.73336
lcl|NW_015386479.1_cds_XP_015668184.1_6016	687	648.949	0	0
lcl|NW_015386480.1_cds_XP_015668185.1_6017	631	617.703	17	2.56313
lcl|NW_015386480.1_cds_XP_015668192.1_6018	1635	1514.06	456	28.0494
lcl|NW_015386480.1_cds_XP_015668193.1_6019	1230	1189.94	13	1.01747
lcl|NW_015386480.1_cds_XP_015668194.1_6020	3306	3219.12	12	0.347173
lcl|NW_015386480.1_cds_XP_015668186.1_6021	456	417.949	0	0
lcl|NW_015386480.1_cds_XP_015668195.1_6022	1710	1560.22	61	3.6412
lcl|NW_015386480.1_cds_XP_015668196.2_6023	1314	1133.72	22	1.80724
lcl|NW_015386480.1_cds_XP_015668206.1_6024	1281	1251.77	18	1.33921
lcl|NW_015386480.1_cds_XP_029139314.1_6025	2439	2338.27	82	3.26604
lcl|NW_015386480.1_cds_XP_029139312.1_6026	2220	1946.93	0.978382	0.0468014
lcl|NW_015386480.1_cds_XP_015668198.1_6027	2235	1954.81	0.0216183	0.00102995
lcl|NW_015386480.1_cds_XP_015668197.1_6028	2388	2074.33	0	0
lcl|NW_015386480.1_cds_XP_015668188.1_6029	660	587.925	2	0.316818
lcl|NW_015386480.1_cds_XP_015668199.1_6030	7101	6948.35	2153	28.8578
lcl|NW_015386480.1_cds_XP_015668200.1_6031	1011	947.165	192	18.8789
lcl|NW_015386480.1_cds_XP_015668208.1_6032	240	181.764	503	257.727
lcl|NW_015386480.1_cds_XP_029139313.1_6033	4530	4433.43	12	0.252082
lcl|NW_015386480.1_cds_XP_015668203.1_6034	2688	2562.3	26	0.945027
lcl|NW_015386480.1_cds_XP_015668204.1_6035	1254	1202.64	1064	82.3965
lcl|NW_015386480.1_cds_XP_015668189.1_6036	1356	1317.95	0	0
lcl|NW_015386480.1_cds_XP_029139315.1_6037	2871	2784.27	2	0.0668992
lcl|NW_015386480.1_cds_XP_015668205.1_6038	711	687.677	122	16.5225
lcl|NW_015386480.1_cds_XP_015668191.1_6039	972	933.949	0	0
lcl|NW_015386481.1_cds_XP_029139328.1_6040	1086	1047.95	0	0
lcl|NW_015386481.1_cds_XP_029139329.1_6041	4260	3952.28	6	0.141386
lcl|NW_015386481.1_cds_XP_015668245.1_6042	1104	993.258	0	0
lcl|NW_015386481.1_cds_XP_015668248.1_6043	1062	955.149	3	0.292517
lcl|NW_015386481.1_cds_XP_015668242.1_6044	1245	1206.95	0	0
lcl|NW_015386481.1_cds_XP_015668249.2_6045	1203	1164.95	0	0
lcl|NW_015386481.1_cds_XP_015668243.1_6046	1191	1152.95	0	0
lcl|NW_015386481.1_cds_XP_015668244.1_6047	1104	1065.95	0	0
lcl|NW_015386481.1_cds_XP_015668250.1_6048	435	328.066	733	208.086
lcl|NW_015386481.1_cds_XP_015668251.1_6049	972	870.735	19	2.03221
lcl|NW_015386481.1_cds_XP_015668212.1_6050	1965	1847.18	1	0.0504188
lcl|NW_015386481.1_cds_XP_015668231.1_6051	873	739.213	19	2.39378
lcl|NW_015386481.1_cds_XP_029139316.1_6052	1935	1896.95	0	0
lcl|NW_015386481.1_cds_XP_015668215.1_6053	477	438.949	0	0
lcl|NW_015386481.1_cds_XP_015668216.1_6054	2520	2481.95	0	0
lcl|NW_015386481.1_cds_XP_015668217.1_6055	3012	2973.95	0	0
lcl|NW_015386481.1_cds_XP_029139322.1_6056	1836	1637.24	13	0.739489
lcl|NW_015386481.1_cds_XP_029139323.1_6057	2082	1845.43	6	0.3028
lcl|NW_015386481.1_cds_XP_015668219.1_6058	1773	1734.95	0	0
lcl|NW_015386481.1_cds_XP_015668253.1_6059	924	885.949	0	0
lcl|NW_015386481.1_cds_XP_015668254.1_6060	1683	1513.88	23	1.41494
lcl|NW_015386481.1_cds_XP_029139317.1_6061	4914	4522.69	9.07239	0.186821
lcl|NW_015386481.1_cds_XP_029139318.1_6062	1731	1531.62	1.92761	0.117211
lcl|NW_015386481.1_cds_XP_015668220.1_6063	1431	1375.29	1	0.0677184
lcl|NW_015386481.1_cds_XP_029139324.1_6064	3645	3606.95	0	0
lcl|NW_015386481.1_cds_XP_015668234.1_6065	528	448.62	357	74.1125
lcl|NW_015386481.1_cds_XP_015668223.1_6066	1236	1123.71	1	0.0828793
lcl|NW_015386481.1_cds_XP_029139319.1_6067	816	749.531	6.61867	0.822398
lcl|NW_015386481.1_cds_XP_029139320.1_6068	462	386.271	10	2.41107
lcl|NW_015386481.1_cds_XP_029139325.1_6069	816	742.683	3.38133	0.42402
lcl|NW_015386481.1_cds_XP_015668235.1_6070	289	225.808	305	125.794
lcl|NW_015386481.1_cds_XP_029139326.1_6071	861	822.949	0	0
lcl|NW_015386481.1_cds_XP_015668257.1_6072	570	482.237	1876	362.304
lcl|NW_015386481.1_cds_XP_015668259.1_6073	1317	1197.63	3	0.233292
lcl|NW_015386481.1_cds_XP_015668225.1_6074	1233	1194.95	0	0
lcl|NW_015386481.1_cds_XP_015668260.1_6075	912	789.294	16	1.88791
lcl|NW_015386481.1_cds_XP_015668226.1_6076	13038	12112.9	42	0.322926
lcl|NW_015386481.1_cds_XP_015668227.1_6077	1890	1851.95	0	0
lcl|NW_015386481.1_cds_XP_029139327.1_6078	1917	1878.95	0	0
lcl|NW_015386481.1_cds_XP_015668228.1_6079	348	309.949	0	0
lcl|NW_015386481.1_cds_XP_015668229.1_6080	1512	1473.95	0	0
lcl|NW_015386481.1_cds_XP_015668236.1_6081	2892	2853.95	0	0
lcl|NW_015386481.1_cds_XP_029139321.1_6082	2955	2916.95	0	0
lcl|NW_015386481.1_cds_XP_015668237.1_6083	2889	2850.95	0	0
lcl|NW_015386481.1_cds_XP_015668238.1_6084	756	679.767	23	3.15115
lcl|NW_015386481.1_cds_XP_015668239.1_6085	735	676.659	57.5	7.91406
lcl|NW_015386481.1_cds_XP_015668240.1_6086	735	676.659	57.5	7.91406
lcl|NW_015386481.1_cds_XP_015668241.1_6087	735	644.466	3	0.433533
lcl|NW_015386481.1_cds_XP_029139330.1_6088	2799	2540.95	13.7749	0.504885
lcl|NW_015386482.1_cds_XP_015668261.1_6089	3861	3830.17	1	0.0243155
lcl|NW_015386482.1_cds_XP_015668267.1_6090	2631	2533.41	33	1.21314
lcl|NW_015386482.1_cds_XP_015668262.1_6091	1188	1179.03	19	1.50082
lcl|NW_015386482.1_cds_XP_015668263.1_6092	738	702.002	128.134	16.9991
lcl|NW_015386482.1_cds_XP_015668268.1_6093	729	713.637	310.866	40.5693
lcl|NW_015386482.1_cds_XP_029139331.1_6094	5070	5118.45	77	1.40105
lcl|NW_015386482.1_cds_XP_015668270.1_6095	687	656.228	5	0.709605
lcl|NW_015386482.1_cds_XP_015668271.1_6096	687	656.228	5	0.709605
lcl|NW_015386482.1_cds_XP_015668273.1_6097	4374	4460.16	129	2.69365
lcl|NW_015386482.1_cds_XP_015668274.1_6098	3816	3681.11	1126	28.4879
lcl|NW_015386482.1_cds_XP_015668275.1_6099	1119	1109.37	57	4.78518
lcl|NW_015386482.1_cds_XP_015668277.2_6100	3321	3338.45	95	2.65021
lcl|NW_015386482.1_cds_XP_015668279.1_6101	1668	1712.73	7	0.380637
lcl|NW_015386482.1_cds_XP_015668264.1_6102	921	882.949	0	0
lcl|NW_015386482.1_cds_XP_015668265.1_6103	1014	975.949	0	0
lcl|NW_015386482.1_cds_XP_015668280.1_6104	960	947.702	9	0.884448
lcl|NW_015386482.1_cds_XP_015668266.1_6105	4110	4180.05	224	4.99078
lcl|NW_015386483.1_cds_XP_015668282.1_6106	507	471.715	117	23.0998
lcl|NW_015386483.1_cds_XP_029139332.1_6107	414	368.565	0	0
lcl|NW_015386483.1_cds_XP_015668283.1_6108	1404	1414.8	154	10.1374
lcl|NW_015386483.1_cds_XP_015668284.1_6109	3510	3531.54	118	3.11185
lcl|NW_015386483.1_cds_XP_015668285.1_6110	3513	3533.16	7.4337e-06	1.95949e-07
lcl|NW_015386483.1_cds_XP_029139333.1_6111	7491	7041.53	507	6.70567
lcl|NW_015386483.1_cds_XP_015668287.1_6112	207	147.191	2116	1338.87
lcl|NW_015386483.1_cds_XP_015668286.1_6113	702	682.112	46	6.28064
lcl|NW_015386483.1_cds_XP_015668281.1_6114	912	891.776	5	0.522174
lcl|NW_015386484.1_cds_XP_015668304.1_6115	930	865.13	0	0
lcl|NW_015386484.1_cds_XP_015668295.1_6116	645	618.684	71	10.6879
lcl|NW_015386484.1_cds_XP_015668296.1_6117	630	600.111	3	0.465577
lcl|NW_015386484.1_cds_XP_015668305.1_6118	648	609.949	0	0
lcl|NW_015386484.1_cds_XP_015668289.1_6119	696	649.437	85	12.1894
lcl|NW_015386484.1_cds_XP_015668290.1_6120	591	559.433	11	1.83124
lcl|NW_015386484.1_cds_XP_015668291.1_6121	1923	1870.69	1	0.0497851
lcl|NW_015386484.1_cds_XP_029139334.1_6122	1584	1540.86	2	0.120884
lcl|NW_015386484.1_cds_XP_015668306.1_6123	864	825.949	0	0
lcl|NW_015386484.1_cds_XP_015668307.1_6124	714	622.023	25	3.74313
lcl|NW_015386484.1_cds_XP_015668293.1_6125	1716	1677.95	0	0
lcl|NW_015386484.1_cds_XP_015668309.1_6126	780	741.949	0	0
lcl|NW_015386484.1_cds_XP_015668308.1_6127	633	594.949	0	0
lcl|NW_015386484.1_cds_XP_015668297.1_6128	798	786.083	860	101.89
lcl|NW_015386484.1_cds_XP_015668298.1_6129	1353	1285.35	1200	86.9485
lcl|NW_015386484.1_cds_XP_015668300.1_6130	609	565.09	142	23.403
lcl|NW_015386484.1_cds_XP_015668301.1_6131	1716	1676.76	36	1.99956
lcl|NW_015386484.1_cds_XP_029139335.1_6132	837	798.949	0	0
lcl|NW_015386484.1_cds_XP_015668303.1_6133	4431	4257.06	211.536	4.62782
lcl|NW_015386484.1_cds_XP_015668302.1_6134	4467	4295.38	112.464	2.43845
lcl|NW_015386484.1_cds_XP_029139336.1_6135	1737	1642.99	2	0.113369
lcl|NW_015386485.1_cds_XP_015668310.2_6136	716	677.949	0	0
lcl|NW_015386485.1_cds_XP_015668313.1_6137	2067	2119.55	48	2.10911
lcl|NW_015386485.1_cds_XP_015668315.1_6138	1713	1660.27	0.0921778	0.00517069
lcl|NW_015386485.1_cds_XP_015668314.1_6139	1710	1655.99	0.907822	0.0510556
lcl|NW_015386485.1_cds_XP_015668316.1_6140	639	625.86	300	44.6422
lcl|NW_015386485.1_cds_XP_015668317.1_6141	1575	1600.12	253	14.7255
lcl|NW_015386485.1_cds_XP_029139339.1_6142	1416	1377.95	0	0
lcl|NW_015386485.1_cds_XP_015668318.1_6143	1518	1528.05	599	36.5081
lcl|NW_015386485.1_cds_XP_015668330.1_6144	570	531.949	0	0
lcl|NW_015386485.1_cds_XP_015668319.1_6145	2436	2549.76	280	10.2273
lcl|NW_015386485.1_cds_XP_015668320.1_6146	369	347.442	157.116	42.1153
lcl|NW_015386485.1_cds_XP_015668321.1_6147	1503	1509.71	2699.88	166.553
lcl|NW_015386485.1_cds_XP_029139338.1_6148	2943	2835.9	10	0.328405
lcl|NW_015386485.1_cds_XP_015668323.1_6149	3300	3206.7	0	0
lcl|NW_015386485.1_cds_XP_015668324.1_6150	3297	3206.75	0	0
lcl|NW_015386485.1_cds_XP_029139337.1_6151	3375	3265.48	0	0
lcl|NW_015386485.1_cds_XP_015668326.1_6152	1875	1847.68	849	42.7939
lcl|NW_015386485.1_cds_XP_015668331.1_6153	1182	1148	18	1.46027
lcl|NW_015386485.1_cds_XP_015668327.1_6154	351	328.309	260.5	73.8969
lcl|NW_015386485.1_cds_XP_015668328.1_6155	351	328.309	260.5	73.8969
lcl|NW_015386485.1_cds_XP_015668329.1_6156	1611	1579.01	571	33.6784
lcl|NW_015386485.1_cds_XP_015668332.1_6157	1959	2036.27	1	0.0457369
lcl|NW_015386486.1_cds_XP_015668336.1_6158	582	496.578	43	8.06458
lcl|NW_015386486.1_cds_XP_015668335.1_6159	2082	2039.33	1122	51.2398
lcl|NW_015386486.1_cds_XP_015668337.1_6160	1734	1612.86	162	9.35447
lcl|NW_015386486.1_cds_XP_015668339.1_6161	1017	1020.7	1355	123.635
lcl|NW_015386486.1_cds_XP_015668340.1_6162	1869	1835.84	106	5.37741
lcl|NW_015386486.1_cds_XP_015668334.1_6163	975	916.471	6	0.609725
lcl|NW_015386486.1_cds_XP_015668342.1_6164	306	254.133	581	212.92
lcl|NW_015386486.1_cds_XP_015668343.1_6165	780	757.931	16	1.96604
lcl|NW_015386486.1_cds_XP_015668344.1_6166	8157	8047.85	719	8.32052
lcl|NW_015386486.1_cds_XP_015668352.1_6167	375	336.949	0	0
lcl|NW_015386486.1_cds_XP_015668354.1_6168	1095	1056.95	0	0
lcl|NW_015386486.1_cds_XP_015668346.1_6169	1689	1640.24	701.382	39.8244
lcl|NW_015386486.1_cds_XP_015668347.1_6170	1686	1638.91	403.077	22.9053
lcl|NW_015386486.1_cds_XP_015668348.1_6171	1872	1807.29	314.26	16.1943
lcl|NW_015386486.1_cds_XP_015668349.1_6172	1578	1525.26	609.281	37.2027
lcl|NW_015386486.1_cds_XP_015668351.1_6173	2775	2763.68	105	3.53837
lcl|NW_015386486.1_cds_XP_015668350.1_6174	1767	1644.99	16742	947.86
lcl|NW_015386487.1_cds_XP_015668355.1_6175	1878	1732.36	0.178239	0.00958221
lcl|NW_015386487.1_cds_XP_015668407.2_6176	1329	1290.95	0	0
lcl|NW_015386487.1_cds_XP_015668408.1_6177	1140	1101.95	0	0
lcl|NW_015386487.1_cds_XP_015668410.1_6178	2334	2203.18	9	0.380447
lcl|NW_015386487.1_cds_XP_015668411.2_6179	1824	1785.95	0	0
lcl|NW_015386487.1_cds_XP_015668356.1_6180	669	634.197	2	0.293702
lcl|NW_015386487.1_cds_XP_029139346.1_6181	3306	3114.1	17	0.508414
lcl|NW_015386487.1_cds_XP_029139341.1_6182	1455	1416.95	0	0
lcl|NW_015386487.1_cds_XP_029139342.1_6183	1914	1825.71	2	0.102023
lcl|NW_015386487.1_cds_XP_015668412.1_6184	2001	1913.96	0	0
lcl|NW_015386487.1_cds_XP_015668413.1_6185	786	740.514	76	9.55832
lcl|NW_015386487.1_cds_XP_015668414.1_6186	702	680.501	5.6384	0.771664
lcl|NW_015386487.1_cds_XP_029139347.1_6187	771	762.468	11.3416	1.38533
lcl|NW_015386487.1_cds_XP_015668359.1_6188	642	621.067	196.02	29.3943
lcl|NW_015386487.1_cds_XP_015668386.1_6189	735	664.799	225	31.5205
lcl|NW_015386487.1_cds_XP_015668388.1_6190	621	565.426	616	101.463
lcl|NW_015386487.1_cds_XP_015668360.1_6191	1590	1567.26	2	0.118848
lcl|NW_015386487.1_cds_XP_029139348.1_6192	1284	1152.36	9	0.727371
lcl|NW_015386487.1_cds_XP_015668363.1_6193	1338	1238.13	156	11.7344
lcl|NW_015386487.1_cds_XP_015668390.1_6194	1089	1050.95	0	0
lcl|NW_015386487.1_cds_XP_015668391.1_6195	786	691.13	1	0.134754
lcl|NW_015386487.1_cds_XP_029139340.1_6196	3591	3425.41	10	0.271888
lcl|NW_015386487.1_cds_XP_015668392.1_6197	690	624.142	16	2.38747
lcl|NW_015386487.1_cds_XP_029139349.1_6198	2901	2706.92	48	1.65146
lcl|NW_015386487.1_cds_XP_015668415.1_6199	606	521.912	44	7.85157
lcl|NW_015386487.1_cds_XP_015668366.1_6200	2241	2021.71	30	1.38199
lcl|NW_015386487.1_cds_XP_029139343.1_6201	1737	1645	97	5.49169
lcl|NW_015386487.1_cds_XP_015668417.1_6202	1170	1118.27	8	0.666264
lcl|NW_015386487.1_cds_XP_015668416.1_6203	1245	1185.5	0	0
lcl|NW_015386487.1_cds_XP_029139350.1_6204	2109	1921.94	27	1.30835
lcl|NW_015386487.1_cds_XP_015668393.1_6205	1221	1150.45	311	25.1764
lcl|NW_015386487.1_cds_XP_015668418.1_6206	432	393.949	0	0
lcl|NW_015386487.1_cds_XP_015668394.2_6207	1062	972.379	295	28.2545
lcl|NW_015386487.1_cds_XP_015668369.1_6208	2781	2728.2	28	0.955836
lcl|NW_015386487.1_cds_XP_015668395.2_6209	2880	2776.62	1391	46.6565
lcl|NW_015386487.1_cds_XP_015668396.1_6210	1356	1335.95	63	4.39189
lcl|NW_015386487.1_cds_XP_015668397.1_6211	663	540.343	95	16.374
lcl|NW_015386487.1_cds_XP_015668398.1_6212	378	293.527	1213	384.87
lcl|NW_015386487.1_cds_XP_015668399.1_6213	378	293.527	1213	384.87
lcl|NW_015386487.1_cds_XP_029139351.1_6214	1083	972.049	67	6.41931
lcl|NW_015386487.1_cds_XP_015668371.1_6215	759	720.949	0	0
lcl|NW_015386487.1_cds_XP_029139352.1_6216	4251	3885.81	5	0.119837
lcl|NW_015386487.1_cds_XP_015668372.1_6217	1212	1173.95	0	0
lcl|NW_015386487.1_cds_XP_015668400.1_6218	1452	1435.8	58	3.76213
lcl|NW_015386487.1_cds_XP_015668401.2_6219	1734	1696.11	8	0.439276
lcl|NW_015386487.1_cds_XP_015668373.1_6220	3855	3588.82	4	0.103803
lcl|NW_015386487.1_cds_XP_015668402.1_6221	1536	1439.61	382	24.7127
lcl|NW_015386487.1_cds_XP_029139353.1_6222	1227	1083.01	16	1.37591
lcl|NW_015386487.1_cds_XP_029139354.1_6223	921	882.949	0	0
lcl|NW_015386487.1_cds_XP_015668377.1_6224	546	421.381	1	0.221017
lcl|NW_015386487.1_cds_XP_015668378.1_6225	11388	11025.7	73	0.616622
lcl|NW_015386487.1_cds_XP_015668403.1_6226	324	260.143	1333	477.221
lcl|NW_015386487.1_cds_XP_015668405.1_6227	3219	3180.43	310.193	9.08339
lcl|NW_015386487.1_cds_XP_015668404.1_6228	3222	3184.41	102.807	3.00672
lcl|NW_015386487.1_cds_XP_029139355.1_6229	462	435.404	17	3.63628
lcl|NW_015386487.1_cds_XP_029139356.1_6230	498	445.5	19	3.97198
lcl|NW_015386487.1_cds_XP_029139357.1_6231	684	603.339	77	11.8859
lcl|NW_015386487.1_cds_XP_015668423.1_6232	789	737.567	149.344	18.8577
lcl|NW_015386487.1_cds_XP_015668424.1_6233	684	632.315	134.656	19.8332
lcl|NW_015386487.1_cds_XP_029139344.1_6234	561	522.949	0	0
lcl|NW_015386487.1_cds_XP_015668426.1_6235	663	615.811	3	0.453706
lcl|NW_015386487.1_cds_XP_029139358.1_6236	936	897.949	0	0
lcl|NW_015386487.1_cds_XP_029139359.1_6237	1476	1430.11	4	0.26049
lcl|NW_015386487.1_cds_XP_029139361.1_6238	777	710.002	1	0.131172
lcl|NW_015386487.1_cds_XP_029139345.1_6239	5721	5727.43	16	0.260173
lcl|NW_015386487.1_cds_XP_029139362.1_6240	4377	4339.92	43	0.922759
lcl|NW_015386488.1_cds_XP_029139363.1_6241	4719	4859.76	21	0.402445
lcl|NW_015386489.1_cds_XP_029139365.1_6242	1566	1527.95	0	0
lcl|NW_015386489.1_cds_XP_015668438.1_6243	1353	1314.95	0	0
lcl|NW_015386489.1_cds_XP_015668439.1_6244	1089	1035.62	6	0.539576
lcl|NW_015386489.1_cds_XP_015668440.1_6245	1251	1210.31	1	0.0769494
lcl|NW_015386489.1_cds_XP_015668432.1_6246	1266	1265.79	19	1.39796
lcl|NW_015386489.1_cds_XP_029139364.1_6247	1254	1215.95	0	0
lcl|NW_015386489.1_cds_XP_015668434.1_6248	1014	1029.47	442.872	40.065
lcl|NW_015386489.1_cds_XP_015668433.1_6249	1050	1054	36.1282	3.19234
lcl|NW_015386489.1_cds_XP_015668430.1_6250	2799	2803.66	160	5.31492
lcl|NW_015386489.1_cds_XP_015668437.1_6251	3018	3054.31	134	4.08595
lcl|NW_015386489.1_cds_XP_015668436.1_6252	3045	3121.09	457.987	13.6662
lcl|NW_015386489.1_cds_XP_015668435.1_6253	3105	3184.6	61.0125	1.78429
lcl|NW_015386490.1_cds_XP_015668443.1_6254	2139	2154.27	66	2.85329
lcl|NW_015386490.1_cds_XP_015668444.1_6255	1767	1728.45	7	0.377176
lcl|NW_015386490.1_cds_XP_015668442.1_6256	1464	1495.12	42	2.61623
lcl|NW_015386491.1_cds_XP_015668447.1_6257	954	938.315	14	1.38957
lcl|NW_015386491.1_cds_XP_015668448.1_6258	2145	2226.22	553.187	23.1422
lcl|NW_015386491.1_cds_XP_029139366.1_6259	8868	8951.43	266	2.76752
lcl|NW_015386491.1_cds_XP_015668461.1_6260	648	609.949	0	0
lcl|NW_015386491.1_cds_XP_015668450.1_6261	1587	1563.78	146	8.69517
lcl|NW_015386491.1_cds_XP_015668451.1_6262	1587	1563.78	146	8.69517
lcl|NW_015386491.1_cds_XP_015668452.1_6263	1587	1563.78	146	8.69517
lcl|NW_015386491.1_cds_XP_015668445.1_6264	2184	2208.07	78	3.2899
lcl|NW_015386491.1_cds_XP_015668454.1_6265	2661	2590.01	12	0.431501
lcl|NW_015386491.1_cds_XP_015668455.1_6266	1803	1785.97	1196.74	62.406
lcl|NW_015386491.1_cds_XP_015668456.1_6267	1779	1764.37	6370.26	336.256
lcl|NW_015386491.1_cds_XP_015668462.2_6268	1725	1559.01	20	1.19476
lcl|NW_015386491.1_cds_XP_029139367.1_6269	483	444.949	0	0
lcl|NW_015386491.1_cds_XP_029139368.1_6270	2250	2233.28	43	1.79319
lcl|NW_015386491.1_cds_XP_015668446.1_6271	3192	3087.09	260	7.84379
lcl|NW_015386491.1_cds_XP_029139369.1_6272	2868	2869.61	39	1.26574
lcl|NW_015386491.1_cds_XP_029139370.1_6273	1188	1106.16	12	1.01033
lcl|NW_015386491.1_cds_XP_015668459.1_6274	1185	1085.72	856	73.4274
lcl|NW_015386491.1_cds_XP_015668460.1_6275	3810	3848.94	35	0.846893
lcl|NW_015386492.1_cds_XP_015668467.2_6276	5898	5973.48	486	7.57723
lcl|NW_015386492.1_cds_XP_029139371.1_6277	1365	1350.02	28	1.9316
lcl|NW_015386492.1_cds_XP_015668469.1_6278	1977	2034.42	156	7.14143
lcl|NW_015386492.1_cds_XP_015668470.1_6279	2760	2782.63	37	1.23836
lcl|NW_015386492.1_cds_XP_015668476.1_6280	813	760.086	33	4.04346
lcl|NW_015386492.1_cds_XP_015668472.1_6281	3429	3485.21	11	0.293944
lcl|NW_015386492.1_cds_XP_015668477.1_6282	951	918.343	1	0.101414
lcl|NW_015386492.1_cds_XP_015668478.1_6283	372	319.681	77	22.4324
lcl|NW_015386492.1_cds_XP_015668465.1_6284	4341	4404.77	71.7881	1.51786
lcl|NW_015386492.1_cds_XP_015668473.1_6285	1026	961.036	66	6.39596
lcl|NW_015386492.1_cds_XP_015668475.1_6286	1566	1521.12	12	0.734713
lcl|NW_015386492.1_cds_XP_029139373.1_6287	1542	1536.82	30.8784	1.87126
lcl|NW_015386492.1_cds_XP_015668479.2_6288	567	509.212	1	0.182895
lcl|NW_015386493.1_cds_XP_015668485.1_6289	717	662.568	77	10.8233
lcl|NW_015386493.1_cds_XP_029139374.1_6290	5991	6060.13	99	1.52144
lcl|NW_015386493.1_cds_XP_015668486.1_6291	1377	1311.5	123	8.7345
lcl|NW_015386493.1_cds_XP_015668488.1_6292	1455	1445.58	808.5	52.0882
lcl|NW_015386493.1_cds_XP_015668487.1_6293	1455	1445.58	808.5	52.0882
lcl|NW_015386493.1_cds_XP_015668482.1_6294	942	903.949	0	0
lcl|NW_015386493.1_cds_XP_015668490.1_6295	1335	1296.95	0	0
lcl|NW_015386493.1_cds_XP_015668491.1_6296	1425	1390.39	543.887	36.4312
lcl|NW_015386493.1_cds_XP_015668492.1_6297	1116	1110.34	195.113	16.3656
lcl|NW_015386493.1_cds_XP_015668483.1_6298	1422	1385.25	1935	130.093
lcl|NW_015386493.1_cds_XP_015668494.1_6299	927	945.197	40	3.9413
lcl|NW_015386493.1_cds_XP_015668493.2_6300	9201	9279.29	48	0.481757
lcl|NW_015386493.1_cds_XP_015668484.1_6301	7410	7409.41	252.748	3.17692
lcl|NW_015386494.1_cds_XP_015668495.1_6302	5346	5515.27	109	1.84061
lcl|NW_015386494.1_cds_XP_015668496.1_6303	972	983.764	26	2.46141
lcl|NW_015386494.1_cds_XP_015668498.1_6304	912	835.236	95.7251	10.6738
lcl|NW_015386494.1_cds_XP_015668497.1_6305	1032	952.421	81.2749	7.94747
lcl|NW_015386494.1_cds_XP_015668499.1_6306	1062	1023.95	0	0
lcl|NW_015386495.1_cds_XP_015668500.1_6307	582	515.329	10.4081	1.881
lcl|NW_015386495.1_cds_XP_015668508.1_6308	2169	2163.66	2	0.0860877
lcl|NW_015386495.1_cds_XP_015668502.1_6309	2982	2973.97	196	6.13792
lcl|NW_015386495.1_cds_XP_015668503.1_6310	2586	2571.56	233.5	8.45652
lcl|NW_015386495.1_cds_XP_015668504.1_6311	2586	2571.56	233.5	8.45652
lcl|NW_015386495.1_cds_XP_015668505.1_6312	552	472.485	7.30723	1.44034
lcl|NW_015386495.1_cds_XP_015668509.1_6313	1086	1085.67	1	0.0857834
lcl|NW_015386495.1_cds_XP_029139379.1_6314	870	853.697	176.243	19.227
lcl|NW_015386495.1_cds_XP_029139377.1_6315	993	967.023	57.7869	5.56537
lcl|NW_015386495.1_cds_XP_029139376.1_6316	1029	1007.93	0.000342903	3.16842e-05
lcl|NW_015386495.1_cds_XP_029139375.1_6317	1047	1013.16	99.9693	9.18949
lcl|NW_015386495.1_cds_XP_029139378.1_6318	963	933.183	0	0
lcl|NW_015386496.1_cds_XP_015668515.1_6319	609	537.686	155	26.8475
lcl|NW_015386496.1_cds_XP_015668514.1_6320	942	941.602	371	36.6951
lcl|NW_015386496.1_cds_XP_015668535.1_6321	1173	1066.34	19	1.65943
lcl|NW_015386496.1_cds_XP_015668516.1_6322	2196	2219.13	6	0.251808
lcl|NW_015386496.1_cds_XP_015668517.1_6323	2994	3021.5	5	0.154117
lcl|NW_015386496.1_cds_XP_029139388.1_6324	1020	981.949	0	0
lcl|NW_015386496.1_cds_XP_015668518.1_6325	1527	1545.62	12.5	0.753197
lcl|NW_015386496.1_cds_XP_015668519.1_6326	1527	1545.62	12.5	0.753197
lcl|NW_015386496.1_cds_XP_029139380.1_6327	786	750.791	6.36255e-05	7.89248e-06
lcl|NW_015386496.1_cds_XP_015668520.1_6328	678	650.876	378	54.0872
lcl|NW_015386496.1_cds_XP_015668522.1_6329	309	284.29	2569	841.595
lcl|NW_015386496.1_cds_XP_015668523.1_6330	1719	1679.6	10229	567.189
lcl|NW_015386496.1_cds_XP_015668525.1_6331	690	665.099	143	20.024
lcl|NW_015386496.1_cds_XP_015668526.1_6332	3909	3950.55	801.469	18.8943
lcl|NW_015386496.1_cds_XP_015668528.1_6333	432	379.286	71.2069	17.4847
lcl|NW_015386496.1_cds_XP_015668527.1_6334	3519	3575.54	1915.32	49.8887
lcl|NW_015386496.1_cds_XP_029139383.1_6335	2808	2826.67	14.2301	0.46885
lcl|NW_015386496.1_cds_XP_015668529.1_6336	2754	2766.55	0	0
lcl|NW_015386496.1_cds_XP_029139381.1_6337	3018	3037.85	28.7699	0.88201
lcl|NW_015386496.1_cds_XP_029139382.1_6338	2964	2977.73	0	0
lcl|NW_015386496.1_cds_XP_029139384.1_6339	2292	2288.25	0.00305998	0.000124542
lcl|NW_015386496.1_cds_XP_029139385.1_6340	2274	2268.28	7.99694	0.328344
lcl|NW_015386496.1_cds_XP_029139386.1_6341	2700	2707.83	104	3.57696
lcl|NW_015386496.1_cds_XP_015668531.1_6342	3054	2887.33	61	1.96759
lcl|NW_015386496.1_cds_XP_015668511.1_6343	4647	4724.38	9	0.177419
lcl|NW_015386496.1_cds_XP_029139387.1_6344	1122	1103.31	280	23.6353
lcl|NW_015386496.1_cds_XP_015668537.1_6345	225	166.613	4	2.23591
lcl|NW_015386496.1_cds_XP_015668513.1_6346	5670	5621.61	19	0.314771
lcl|NW_015386497.1_cds_XP_015668538.1_6347	558	519.949	0	0
lcl|NW_015386497.1_cds_XP_015668540.1_6348	3285	3216.41	199.159	5.76672
lcl|NW_015386497.1_cds_XP_015668541.1_6349	2793	2717.96	36.8413	1.26239
lcl|NW_015386497.1_cds_XP_029139389.1_6350	2775	2691.32	1	0.0346047
lcl|NW_015386497.1_cds_XP_015668539.1_6351	534	495.949	0	0
lcl|NW_015386497.1_cds_XP_015668545.1_6352	1488	1449.95	0	0
lcl|NW_015386497.1_cds_XP_015668542.1_6353	3513	3521.44	78	2.06289
lcl|NW_015386497.1_cds_XP_015668544.1_6354	996	883.674	13	1.3701
lcl|NW_015386497.1_cds_XP_015668543.1_6355	1125	1066.38	300	26.2005
lcl|NW_015386498.1_cds_XP_015668550.1_6356	621	570.579	88	14.3638
lcl|NW_015386498.1_cds_XP_015668546.1_6357	4656	4477.68	164	3.41108
lcl|NW_015386498.1_cds_XP_015668554.1_6358	543	507.351	192	35.2447
lcl|NW_015386498.1_cds_XP_015668551.1_6359	1416	1442.69	57	3.67962
lcl|NW_015386498.1_cds_XP_015668552.1_6360	1254	1233.98	3	0.22642
lcl|NW_015386498.1_cds_XP_015668553.1_6361	4479	4607.66	4	0.0808502
lcl|NW_015386499.1_cds_XP_029139390.1_6362	5166	5266.85	44	0.778042
lcl|NW_015386499.1_cds_XP_015668556.1_6363	813	730.193	46	5.86708
lcl|NW_015386500.1_cds_XP_015668563.1_6364	342	311.062	0	0
lcl|NW_015386500.1_cds_XP_015668564.1_6365	507	476.791	86	16.7985
lcl|NW_015386500.1_cds_XP_015668559.1_6366	915	884.949	123.609	13.0087
lcl|NW_015386500.1_cds_XP_015668560.1_6367	498	485.615	15.391	2.95173
lcl|NW_015386500.1_cds_XP_015668561.1_6368	4518	4565.44	1157	23.6022
lcl|NW_015386500.1_cds_XP_015668562.1_6369	6654	6710.09	28	0.388625
lcl|NW_015386500.1_cds_XP_015668558.1_6370	337	286.116	14	4.55709
lcl|NW_015386501.1_cds_XP_015668565.2_6371	1371	1332.95	0	0
lcl|NW_015386501.1_cds_XP_015668568.1_6372	288	247.053	3	1.13092
lcl|NW_015386501.1_cds_XP_015668566.1_6373	444	395.302	17	4.00517
lcl|NW_015386501.1_cds_XP_015668570.1_6374	2157	2216.7	141	5.92398
lcl|NW_015386501.1_cds_XP_015668571.1_6375	2022	2086.36	948	42.3175
lcl|NW_015386501.1_cds_XP_015668573.1_6376	1164	1132.05	227.374	18.7059
lcl|NW_015386501.1_cds_XP_015668572.1_6377	1413	1374.74	39.6256	2.68445
lcl|NW_015386501.1_cds_XP_015668574.1_6378	4134	4063.63	3496	80.1232
lcl|NW_015386501.1_cds_XP_015668576.1_6379	1062	1009.86	79	7.28561
lcl|NW_015386501.1_cds_XP_015668575.1_6380	1104	1052.33	0	0
lcl|NW_015386501.1_cds_XP_015668578.1_6381	4467	4501.22	17	0.351739
lcl|NW_015386501.1_cds_XP_015668567.1_6382	3335	3345.46	35.0905	0.976867
lcl|NW_015386502.1_cds_XP_015668580.1_6383	1056	1023.76	30	2.72912
lcl|NW_015386502.1_cds_XP_015668581.1_6384	2754	2788.63	28	0.935123
lcl|NW_015386502.1_cds_XP_015668585.1_6385	936	910.28	100	10.2312
lcl|NW_015386502.1_cds_XP_015668583.1_6386	1623	1572.89	432	25.5792
lcl|NW_015386502.1_cds_XP_029139391.1_6387	2484	2430.16	3	0.114971
lcl|NW_015386502.1_cds_XP_029139392.1_6388	1506	1481.44	5	0.314331
lcl|NW_015386502.1_cds_XP_015668586.1_6389	1827	1847.63	1	0.0504065
lcl|NW_015386504.1_cds_XP_029139394.1_6390	546	477.41	70	13.6555
lcl|NW_015386504.1_cds_XP_029139395.1_6391	546	477.41	70	13.6555
lcl|NW_015386504.1_cds_XP_015668588.1_6392	1017	887.726	4	0.419646
lcl|NW_015386505.1_cds_XP_015668590.1_6393	2244	2290.16	65	2.64332
lcl|NW_015386505.1_cds_XP_015668594.1_6394	1536	1278.51	5	0.364223
lcl|NW_015386505.1_cds_XP_015668589.1_6395	864	825.949	0	0
lcl|NW_015386505.1_cds_XP_015668591.2_6396	2100	2087.43	543	24.2264
lcl|NW_015386505.1_cds_XP_015668595.1_6397	1290	1251.95	0	0
lcl|NW_015386505.1_cds_XP_015668596.1_6398	1257	1218.95	0	0
lcl|NW_015386505.1_cds_XP_015668592.1_6399	351	324.067	271	77.8817
lcl|NW_015386505.1_cds_XP_015668593.1_6400	1803	1845.61	248	12.5145
lcl|NW_015386506.1_cds_XP_015668604.1_6401	456	393.209	44	10.4215
lcl|NW_015386506.1_cds_XP_015668605.1_6402	1539	1479.86	78	4.9088
lcl|NW_015386506.1_cds_XP_015668610.1_6403	3156	3150.82	26	0.768513
lcl|NW_015386506.1_cds_XP_015668609.1_6404	3306	3291.76	0	0
lcl|NW_015386506.1_cds_XP_015668607.1_6405	3306	3313.23	0	0
lcl|NW_015386506.1_cds_XP_015668606.1_6406	3456	3458.16	0	0
lcl|NW_015386506.1_cds_XP_015668623.1_6407	924	885.949	0	0
lcl|NW_015386506.1_cds_XP_015668611.1_6408	3513	3507.16	4	0.10622
lcl|NW_015386506.1_cds_XP_029139398.1_6409	4788	4757.4	54.2818	1.06264
lcl|NW_015386506.1_cds_XP_015668599.1_6410	1809	1814.91	6	0.307892
lcl|NW_015386506.1_cds_XP_015668600.1_6411	3606	3559.45	251	6.56738
lcl|NW_015386506.1_cds_XP_015668613.1_6412	933	918.951	77	7.80368
lcl|NW_015386506.1_cds_XP_015668624.1_6413	345	306.949	0	0
lcl|NW_015386506.1_cds_XP_015668614.1_6414	567	474.894	34	6.66782
lcl|NW_015386506.1_cds_XP_015668615.1_6415	2100	2025.62	53.5	2.45978
lcl|NW_015386506.1_cds_XP_015668616.1_6416	2100	2025.62	53.5	2.45978
lcl|NW_015386506.1_cds_XP_029139400.1_6417	4230	4223.13	8	0.176424
lcl|NW_015386506.1_cds_XP_015668617.1_6418	1122	1078.28	4539	392.041
lcl|NW_015386506.1_cds_XP_015668602.1_6419	1320	1286.77	2	0.144754
lcl|NW_015386506.1_cds_XP_015668621.1_6420	6717	6781.08	1.99914	0.0274565
lcl|NW_015386506.1_cds_XP_015668620.1_6421	6774	6839.36	0.000861719	1.17342e-05
lcl|NW_015386506.1_cds_XP_015668618.1_6422	6903	6973.79	0	0
lcl|NW_015386506.1_cds_XP_015668603.1_6423	798	759.949	0	0
lcl|NW_015386506.1_cds_XP_015668622.1_6424	765	745.287	15	1.87443
lcl|NW_015386507.1_cds_XP_029139401.1_6425	579	437.939	0.448499	0.0953781
lcl|NW_015386507.1_cds_XP_029139402.1_6426	1440	1299.1	2	0.14338
lcl|NW_015386507.1_cds_XP_015668625.1_6427	2868	2645.29	9	0.316862
lcl|NW_015386507.1_cds_XP_029139403.1_6428	2370	2331.95	0	0
lcl|NW_015386507.1_cds_XP_015668627.1_6429	603	564.949	0	0
lcl|NW_015386507.1_cds_XP_015668628.1_6430	378	339.949	0	0
lcl|NW_015386507.1_cds_XP_015668629.1_6431	1281	1242.95	0	0
lcl|NW_015386507.1_cds_XP_015668680.1_6432	1023	902.104	30	3.09718
lcl|NW_015386507.1_cds_XP_015668630.1_6433	3213	2832.61	3	0.098636
lcl|NW_015386507.1_cds_XP_029139404.1_6434	2658	2619.95	0	0
lcl|NW_015386507.1_cds_XP_015668631.1_6435	717	678.949	0	0
lcl|NW_015386507.1_cds_XP_029139405.1_6436	1395	1356.95	0	0
lcl|NW_015386507.1_cds_XP_015668632.1_6437	1047	1008.95	0	0
lcl|NW_015386507.1_cds_XP_015668633.1_6438	1047	1008.95	0	0
lcl|NW_015386507.1_cds_XP_015668634.1_6439	1047	1008.95	0	0
lcl|NW_015386507.1_cds_XP_029139406.1_6440	1041	1002.95	0	0
lcl|NW_015386507.1_cds_XP_029139407.1_6441	1083	997.798	1	0.0933381
lcl|NW_015386507.1_cds_XP_029139408.1_6442	2514	2283.68	10	0.407819
lcl|NW_015386507.1_cds_XP_029139409.1_6443	198	159.949	0	0
lcl|NW_015386507.1_cds_XP_015668636.1_6444	3120	2822.19	11	0.363
lcl|NW_015386507.1_cds_XP_015668673.1_6445	1179	992.894	1	0.0937991
lcl|NW_015386507.1_cds_XP_015668637.1_6446	2346	2307.95	0	0
lcl|NW_015386507.1_cds_XP_029139410.1_6447	1323	1284.95	0	0
lcl|NW_015386507.1_cds_XP_029139411.1_6448	4098	3685.98	2	0.0505333
lcl|NW_015386507.1_cds_XP_015668669.1_6449	3315	3276.95	0	0
lcl|NW_015386507.1_cds_XP_015668643.1_6450	1428	1210.39	5	0.38472
lcl|NW_015386507.1_cds_XP_029139412.1_6451	2046	2007.95	0	0
lcl|NW_015386507.1_cds_XP_029139413.1_6452	2148	1856.92	4	0.200617
lcl|NW_015386507.1_cds_XP_015668646.1_6453	642	603.949	0	0
lcl|NW_015386507.1_cds_XP_015668676.1_6454	1305	1131.54	530	43.622
lcl|NW_015386507.1_cds_XP_015668679.1_6455	423	323.873	64	18.4038
lcl|NW_015386507.1_cds_XP_015668675.2_6456	993	954.949	0	0
lcl|NW_015386507.1_cds_XP_015668647.1_6457	924	774.287	46	5.53296
lcl|NW_015386507.1_cds_XP_015668648.1_6458	1530	1491.95	0	0
lcl|NW_015386507.1_cds_XP_015668668.1_6459	3933	3524.44	7.98539	0.211012
lcl|NW_015386507.1_cds_XP_015668667.1_6460	3957	3549.17	0.014605	0.000383245
lcl|NW_015386507.1_cds_XP_015668672.1_6461	2646	2422.37	2.99993	0.115338
lcl|NW_015386507.1_cds_XP_015668671.1_6462	2679	2450.95	6.93161e-05	2.63392e-06
lcl|NW_015386507.1_cds_XP_015668649.1_6463	702	598.794	19	2.95514
lcl|NW_015386507.1_cds_XP_029139414.1_6464	831	792.949	0	0
lcl|NW_015386507.1_cds_XP_015668650.1_6465	591	505.679	1	0.184173
lcl|NW_015386507.1_cds_XP_015668652.1_6466	603	564.949	0	0
lcl|NW_015386507.1_cds_XP_029139415.1_6467	1971	1932.95	0	0
lcl|NW_015386507.1_cds_XP_015668654.1_6468	972	933.949	0	0
lcl|NW_015386507.1_cds_XP_015668655.1_6469	384	345.949	0	0
lcl|NW_015386507.1_cds_XP_015668678.1_6470	1230	1098.87	25	2.11882
lcl|NW_015386507.1_cds_XP_029139417.1_6471	2982	2673.11	11	0.383246
lcl|NW_015386507.1_cds_XP_015668677.1_6472	297	228.469	23	9.37566
lcl|NW_015386507.1_cds_XP_015668656.1_6473	609	570.949	0	0
lcl|NW_015386507.1_cds_XP_015668657.1_6474	1755	1604.26	1	0.0580534
lcl|NW_015386507.1_cds_XP_015668658.1_6475	3228	3102.53	24	0.720437
lcl|NW_015386507.1_cds_XP_015668659.1_6476	2064	1895.34	7	0.343963
lcl|NW_015386507.1_cds_XP_015668681.1_6477	1119	959.954	1	0.0970177
lcl|NW_015386507.1_cds_XP_015668682.1_6478	474	414.769	43	9.65526
lcl|NW_015386507.1_cds_XP_029139418.1_6479	1542	1503.95	0	0
lcl|NW_015386507.1_cds_XP_015668683.1_6480	960	921.949	0	0
lcl|NW_015386507.1_cds_XP_015668660.1_6481	1032	993.949	0	0
lcl|NW_015386507.1_cds_XP_015668661.1_6482	1008	969.949	0	0
lcl|NW_015386507.1_cds_XP_029139421.1_6483	2010	1828.91	40	2.0369
lcl|NW_015386507.1_cds_XP_015668684.1_6484	2040	1861.42	5.5739e-06	2.78879e-07
lcl|NW_015386507.1_cds_XP_015668663.1_6485	648	496.29	2	0.375315
lcl|NW_015386507.1_cds_XP_015668664.1_6486	354	315.949	0	0
lcl|NW_015386507.1_cds_XP_015668686.1_6487	1734	1514.91	6	0.368864
lcl|NW_015386507.1_cds_XP_029139419.1_6488	1437	1398.95	0	0
lcl|NW_015386507.1_cds_XP_029139420.1_6489	2001	1962.95	0	0
lcl|NW_015386508.1_cds_XP_015668687.1_6490	1713	1659.97	21	1.17821
lcl|NW_015386508.1_cds_XP_015668692.1_6491	1785	1760.56	311	16.4517
lcl|NW_015386508.1_cds_XP_029139422.1_6492	2508	2514.83	2	0.0740668
lcl|NW_015386508.1_cds_XP_029139424.1_6493	6801	6754.9	605	8.34138
lcl|NW_015386508.1_cds_XP_015668696.1_6494	906	870.346	149.429	15.9899
lcl|NW_015386508.1_cds_XP_015668693.1_6495	1023	987.216	122.804	11.5851
lcl|NW_015386508.1_cds_XP_015668694.1_6496	993	963.099	91.589	8.85674
lcl|NW_015386508.1_cds_XP_015668695.1_6497	993	963.099	91.589	8.85674
lcl|NW_015386508.1_cds_XP_015668698.1_6498	993	963.099	91.589	8.85674
lcl|NW_015386508.1_cds_XP_015668699.1_6499	783	675.169	94	12.9663
lcl|NW_015386508.1_cds_XP_015668701.1_6500	1053	1011.27	9	0.828848
lcl|NW_015386508.1_cds_XP_015668700.1_6501	999	956.348	0	0
lcl|NW_015386508.1_cds_XP_015668702.2_6502	2040	2048.5	25	1.13659
lcl|NW_015386508.1_cds_XP_015668703.1_6503	1269	1241.28	889	66.7012
lcl|NW_015386508.1_cds_XP_015668704.1_6504	996	1023.57	674	61.3256
lcl|NW_015386508.1_cds_XP_015668690.1_6505	2772	2763.17	1	0.033705
lcl|NW_015386509.1_cds_XP_015668706.1_6506	3147	2853.03	1	0.0326433
lcl|NW_015386509.1_cds_XP_015668705.1_6507	3189	2911.31	1.71975e-08	5.50147e-10
lcl|NW_015386510.1_cds_XP_015668712.1_6508	777	766.872	9	1.093
lcl|NW_015386510.1_cds_XP_015668707.1_6509	1260	1284.54	3	0.217507
lcl|NW_015386510.1_cds_XP_015668714.1_6510	1365	1326.95	0	0
lcl|NW_015386510.1_cds_XP_015668708.1_6511	3309	3376.45	63	1.73773
lcl|NW_015386510.1_cds_XP_015668710.1_6512	2622	2618.98	21	0.746772
lcl|NW_015386510.1_cds_XP_015668713.1_6513	4380	4367.72	114	2.43081
lcl|NW_015386510.1_cds_XP_015668711.1_6514	801	767.185	84	10.1972
lcl|NW_015386511.1_cds_XP_015668724.1_6515	351	312.949	0	0
lcl|NW_015386511.1_cds_XP_029139425.1_6516	1671	1622.55	74	4.24752
lcl|NW_015386511.1_cds_XP_015668717.1_6517	1299	1237.92	11418	859.011
lcl|NW_015386511.1_cds_XP_015668718.1_6518	2268	2319.14	303	12.1679
lcl|NW_015386511.1_cds_XP_015668719.1_6519	1146	1150.48	329	26.6329
lcl|NW_015386511.1_cds_XP_015668725.1_6520	927	931.209	106	10.6013
lcl|NW_015386511.1_cds_XP_015668721.1_6521	1353	1317.65	92	6.50262
lcl|NW_015386511.1_cds_XP_015668722.1_6522	609	527.761	39	6.88222
lcl|NW_015386511.1_cds_XP_015668723.1_6523	1902	1815.8	145	7.43704
lcl|NW_015386511.1_cds_XP_029139426.1_6524	1074	1081.34	49	4.22023
lcl|NW_015386512.1_cds_XP_015668728.1_6525	1479	1435.59	1020	66.1717
lcl|NW_015386512.1_cds_XP_015668729.1_6526	777	743.19	29	3.63412
lcl|NW_015386512.1_cds_XP_015668731.1_6527	6978	6972.5	261	3.48621
lcl|NW_015386512.1_cds_XP_029139428.1_6528	2238	2229.91	52	2.17179
lcl|NW_015386512.1_cds_XP_029139427.1_6529	378	360.397	7	1.80892
lcl|NW_015386512.1_cds_XP_015668727.1_6530	2526	2412.24	22	0.849382
lcl|NW_015386512.1_cds_XP_015668733.1_6531	438	380.716	88	21.527
lcl|NW_015386513.1_cds_XP_029139429.1_6532	11574	11294.5	9	0.0742127
lcl|NW_015386513.1_cds_XP_015668735.1_6533	498	435.495	52	11.1204
lcl|NW_015386513.1_cds_XP_029139430.1_6534	2469	2248.04	3	0.124285
lcl|NW_015386513.1_cds_XP_029139431.1_6535	5625	5376.15	16	0.277172
lcl|NW_015386513.1_cds_XP_015668737.1_6536	5265	5026.54	28	0.518789
lcl|NW_015386513.1_cds_XP_015668739.1_6537	951	912.949	0	0
lcl|NW_015386513.1_cds_XP_015668742.2_6538	1809	1680.72	1	0.0554123
lcl|NW_015386514.1_cds_XP_029139433.1_6539	1767	1722.09	1.5598e-06	8.43558e-08
lcl|NW_015386514.1_cds_XP_015668753.1_6540	1743	1694.5	3	0.164885
lcl|NW_015386514.1_cds_XP_015668746.1_6541	1242	1216.05	506	38.7524
lcl|NW_015386514.1_cds_XP_015668743.1_6542	597	589.513	3.03394	0.479309
lcl|NW_015386514.1_cds_XP_029139434.1_6543	1425	1290.7	11	0.793721
lcl|NW_015386514.1_cds_XP_029139432.1_6544	1875	1857.2	272	13.6399
lcl|NW_015386514.1_cds_XP_015668749.1_6545	1086	1011.31	304	27.9956
lcl|NW_015386514.1_cds_XP_015668750.1_6546	1215	1219.17	197	15.0489
lcl|NW_015386514.1_cds_XP_015668752.1_6547	1032	960.296	0.00129959	0.000126038
lcl|NW_015386514.1_cds_XP_015668751.1_6548	1035	962.149	75.9987	7.3564
lcl|NW_015386514.1_cds_XP_015668745.1_6549	1035	995.91	1	0.093515
lcl|NW_015386515.1_cds_XP_015668761.1_6550	1572	1468.34	101	6.40615
lcl|NW_015386515.1_cds_XP_015668762.1_6551	1938	1906.07	99	4.83724
lcl|NW_015386515.1_cds_XP_015668763.1_6552	2535	2494.18	1	0.0373399
lcl|NW_015386515.1_cds_XP_015668764.1_6553	4827	4837.32	125	2.40662
lcl|NW_015386515.1_cds_XP_015668765.2_6554	1083	1105.07	3990.5	336.309
lcl|NW_015386515.1_cds_XP_029139438.1_6555	1083	1105.07	3990.5	336.309
lcl|NW_015386515.1_cds_XP_015668789.1_6556	1134	1118.1	10	0.832953
lcl|NW_015386515.1_cds_XP_015668766.1_6557	1329	1313.88	2441	173.027
lcl|NW_015386515.1_cds_XP_015668754.1_6558	510	445.015	1	0.20928
lcl|NW_015386515.1_cds_XP_015668767.2_6559	1737	1669.87	341	19.0184
lcl|NW_015386515.1_cds_XP_015668768.1_6560	1251	1267.86	184418	13546.7
lcl|NW_015386515.1_cds_XP_015668771.1_6561	1083	1058.54	406.218	35.7399
lcl|NW_015386515.1_cds_XP_015668769.1_6562	921	887.933	108.782	11.4098
lcl|NW_015386515.1_cds_XP_015668772.1_6563	1701	1717.48	553	29.9871
lcl|NW_015386515.1_cds_XP_015668773.1_6564	657	568.147	264	43.2757
lcl|NW_015386515.1_cds_XP_015668774.1_6565	1512	1438.34	124	8.02898
lcl|NW_015386515.1_cds_XP_015668790.1_6566	867	841.831	20	2.21262
lcl|NW_015386515.1_cds_XP_029139435.1_6567	969	926.373	5	0.502673
lcl|NW_015386515.1_cds_XP_015668775.1_6568	252	217.217	169	72.4595
lcl|NW_015386515.1_cds_XP_015668776.1_6569	252	217.217	169	72.4595
lcl|NW_015386515.1_cds_XP_029139439.1_6570	753	706.39	25	3.29607
lcl|NW_015386515.1_cds_XP_015668778.1_6571	765	753.251	62	7.66572
lcl|NW_015386515.1_cds_XP_015668779.1_6572	1275	1239.41	346.5	26.0368
lcl|NW_015386515.1_cds_XP_015668780.1_6573	1275	1239.41	346.5	26.0368
lcl|NW_015386515.1_cds_XP_015668755.1_6574	1911	1881.93	112	5.54264
lcl|NW_015386515.1_cds_XP_015668792.2_6575	1251	1191.04	0	0
lcl|NW_015386515.1_cds_XP_015668794.1_6576	1059	992.178	0	0
lcl|NW_015386515.1_cds_XP_015668795.1_6577	1020	960.557	1	0.0969568
lcl|NW_015386515.1_cds_XP_015668781.1_6578	1575	1530.27	765	46.558
lcl|NW_015386515.1_cds_XP_015668783.1_6579	1659	1580.1	38	2.23975
lcl|NW_015386515.1_cds_XP_029139436.1_6580	2202	2224.02	25	1.04689
lcl|NW_015386515.1_cds_XP_015668757.1_6581	1482	1527.12	98	5.97662
lcl|NW_015386515.1_cds_XP_015668796.1_6582	783	728.621	361	46.1431
lcl|NW_015386515.1_cds_XP_029139440.1_6583	1179	1173.97	5	0.396656
lcl|NW_015386515.1_cds_XP_015668760.1_6584	624	584.541	8	1.27461
lcl|NW_015386515.1_cds_XP_015668784.1_6585	567	514.167	114	20.6491
lcl|NW_015386515.1_cds_XP_015668785.1_6586	567	514.167	114	20.6491
lcl|NW_015386515.1_cds_XP_015668786.1_6587	567	514.167	114	20.6491
lcl|NW_015386515.1_cds_XP_015668787.1_6588	663	630.219	67	9.90112
lcl|NW_015386515.1_cds_XP_015668788.1_6589	663	630.219	67	9.90112
lcl|NW_015386516.1_cds_XP_015668797.1_6590	16932	17900.1	30	0.156087
lcl|NW_015386516.1_cds_XP_029139441.1_6591	7428	7389.95	0	0
lcl|NW_015386516.1_cds_XP_015668798.1_6592	7176	6957.68	783	10.4809
lcl|NW_015386516.1_cds_XP_015668800.1_6593	1350	1342.32	191.014	13.2528
lcl|NW_015386516.1_cds_XP_015668801.1_6594	1350	1342.32	191.014	13.2528
lcl|NW_015386516.1_cds_XP_015668802.1_6595	1350	1342.32	191.014	13.2528
lcl|NW_015386516.1_cds_XP_015668803.1_6596	1341	1332.51	811.959	56.7501
lcl|NW_015386516.1_cds_XP_015668799.1_6597	933	908.265	1	0.102539
lcl|NW_015386516.1_cds_XP_015668806.1_6598	1713	1736.43	20	1.07269
lcl|NW_015386516.1_cds_XP_015668807.1_6599	2232	2249.07	427	17.6818
lcl|NW_015386517.1_cds_XP_015668808.1_6600	813	789.206	32	3.77625
lcl|NW_015386517.1_cds_XP_015668809.1_6601	20418	20294.1	265	1.21612
lcl|NW_015386517.1_cds_XP_015668810.1_6602	1659	1627.97	15	0.858118
lcl|NW_015386517.1_cds_XP_015668811.1_6603	2808	2764.72	499	16.8093
lcl|NW_015386517.1_cds_XP_029139442.1_6604	1488	1431.68	1	0.0650511
lcl|NW_015386517.1_cds_XP_015668812.1_6605	1314	1298.11	23	1.65013
lcl|NW_015386517.1_cds_XP_015668813.1_6606	2130	2132.67	188	8.20984
lcl|NW_015386517.1_cds_XP_015668814.1_6607	1908	1839.78	856	43.332
lcl|NW_015386517.1_cds_XP_015668817.2_6608	596	549.723	91.5492	15.51
lcl|NW_015386517.1_cds_XP_015668815.2_6609	635	592.423	27.7483	4.36221
lcl|NW_015386518.1_cds_XP_015668818.1_6610	2829	2537.59	51	1.87176
lcl|NW_015386518.1_cds_XP_029139447.1_6611	1509	1470.95	0	0
lcl|NW_015386518.1_cds_XP_015668820.1_6612	1161	1029.73	14	1.26621
lcl|NW_015386518.1_cds_XP_029139448.1_6613	1041	934.67	2	0.199284
lcl|NW_015386518.1_cds_XP_029139449.1_6614	1362	1156.47	3	0.241595
lcl|NW_015386518.1_cds_XP_015668864.1_6615	1146	1107.95	0	0
lcl|NW_015386518.1_cds_XP_015668865.1_6616	957	801.102	3	0.348767
lcl|NW_015386518.1_cds_XP_015668866.1_6617	813	667.047	47	6.5621
lcl|NW_015386518.1_cds_XP_015668847.1_6618	3345	3077.51	26	0.786819
lcl|NW_015386518.1_cds_XP_015668867.1_6619	714	624.109	30	4.47675
lcl|NW_015386518.1_cds_XP_015668848.1_6620	855	816.949	0	0
lcl|NW_015386518.1_cds_XP_015668852.1_6621	855	816.949	0	0
lcl|NW_015386518.1_cds_XP_029139443.1_6622	852	813.949	0	0
lcl|NW_015386518.1_cds_XP_015668850.1_6623	855	816.949	0	0
lcl|NW_015386518.1_cds_XP_015668851.1_6624	855	816.949	0	0
lcl|NW_015386518.1_cds_XP_015668853.1_6625	747	708.949	0	0
lcl|NW_015386518.1_cds_XP_029139444.1_6626	744	705.949	0	0
lcl|NW_015386518.1_cds_XP_029139446.1_6627	744	705.949	0	0
lcl|NW_015386518.1_cds_XP_015668854.1_6628	747	708.949	0	0
lcl|NW_015386518.1_cds_XP_029139445.1_6629	747	708.949	0	0
lcl|NW_015386518.1_cds_XP_015668855.1_6630	477	410.506	7	1.58811
lcl|NW_015386518.1_cds_XP_015668822.1_6631	5625	5210.48	6	0.107245
lcl|NW_015386518.1_cds_XP_015668868.1_6632	255	190.22	3217	1575.06
lcl|NW_015386518.1_cds_XP_015668869.1_6633	603	515.32	13	2.34946
lcl|NW_015386518.1_cds_XP_029139450.1_6634	297	235.705	164	64.8002
lcl|NW_015386518.1_cds_XP_015668824.1_6635	339	300.949	0	0
lcl|NW_015386518.1_cds_XP_015668871.1_6636	1041	926.099	3	0.301693
lcl|NW_015386518.1_cds_XP_029139451.1_6637	2463	2185.7	7	0.29827
lcl|NW_015386518.1_cds_XP_015668873.1_6638	273	214.463	535	232.329
lcl|NW_015386518.1_cds_XP_015668825.1_6639	1011	897.814	16	1.65972
lcl|NW_015386518.1_cds_XP_015668858.1_6640	303	264.949	0	0
lcl|NW_015386518.1_cds_XP_015668857.1_6641	306	267.949	0	0
lcl|NW_015386518.1_cds_XP_015668856.1_6642	306	229.434	16	6.49475
lcl|NW_015386518.1_cds_XP_015668875.1_6643	339	278.722	6	2.00485
lcl|NW_015386518.1_cds_XP_015668874.1_6644	351	294.577	155	49.0043
lcl|NW_015386518.1_cds_XP_015668876.1_6645	309	256.203	14	5.08914
lcl|NW_015386518.1_cds_XP_015668877.1_6646	291	234.279	109	43.3306
lcl|NW_015386518.1_cds_XP_015668878.1_6647	285	238.05	4.5	1.76054
lcl|NW_015386518.1_cds_XP_015668879.1_6648	285	238.05	4.5	1.76054
lcl|NW_015386518.1_cds_XP_015668880.1_6649	744	705.949	0	0
lcl|NW_015386518.1_cds_XP_015668881.1_6650	741	702.949	0	0
lcl|NW_015386518.1_cds_XP_015668883.1_6651	603	564.949	0	0
lcl|NW_015386518.1_cds_XP_015668826.1_6652	438	334.239	28	7.80193
lcl|NW_015386518.1_cds_XP_015668884.1_6653	1173	1034.02	440	39.6302
lcl|NW_015386518.1_cds_XP_015668828.1_6654	3165	2884.53	3	0.0968606
lcl|NW_015386518.1_cds_XP_015668829.1_6655	2961	2788.37	12	0.400804
lcl|NW_015386518.1_cds_XP_015668830.1_6656	1515	1335.32	1	0.0697455
lcl|NW_015386518.1_cds_XP_029139452.1_6657	2178	2139.95	0	0
lcl|NW_015386518.1_cds_XP_015668885.1_6658	1779	1604.45	1	0.0580466
lcl|NW_015386518.1_cds_XP_029139457.1_6659	4557	4202.02	1	0.0221637
lcl|NW_015386518.1_cds_XP_015668886.1_6660	288	244.292	135	51.4666
lcl|NW_015386518.1_cds_XP_015668887.2_6661	810	735.396	1	0.126643
lcl|NW_015386518.1_cds_XP_015668833.1_6662	693	654.949	0	0
lcl|NW_015386518.1_cds_XP_029139453.1_6663	1038	999.949	0	0
lcl|NW_015386518.1_cds_XP_029139458.1_6664	516	477.949	0	0
lcl|NW_015386518.1_cds_XP_029139454.1_6665	441	402.949	0	0
lcl|NW_015386518.1_cds_XP_015668860.1_6666	939	900.949	0	0
lcl|NW_015386518.1_cds_XP_029139455.1_6667	342	303.949	0	0
lcl|NW_015386518.1_cds_XP_015668861.1_6668	330	259.834	288	103.228
lcl|NW_015386518.1_cds_XP_015668862.1_6669	297	218.73	267	113.685
lcl|NW_015386518.1_cds_XP_029139456.1_6670	528	493.147	6	1.13312
lcl|NW_015386518.1_cds_XP_015668842.1_6671	657	574.725	3	0.486141
lcl|NW_015386518.1_cds_XP_015668843.1_6672	555	469.657	4	0.793196
lcl|NW_015386518.1_cds_XP_015668890.1_6673	1065	889.182	1	0.10474
lcl|NW_015386518.1_cds_XP_015668891.1_6674	1275	1158.7	4	0.321507
lcl|NW_015386518.1_cds_XP_015668844.1_6675	1827	1729.14	4	0.215443
lcl|NW_015386518.1_cds_XP_015668892.1_6676	1881	1842.95	0	0
lcl|NW_015386518.1_cds_XP_015668845.1_6677	1596	1424.96	8	0.522864
lcl|NW_015386518.1_cds_XP_015668846.1_6678	642	603.949	0	0
lcl|NW_015386519.1_cds_XP_015668901.1_6679	861	822.949	0	0
lcl|NW_015386519.1_cds_XP_015668902.1_6680	717	679.619	573	78.5218
lcl|NW_015386519.1_cds_XP_015668904.1_6681	564	472.062	134	26.4367
lcl|NW_015386519.1_cds_XP_029139459.1_6682	4425	4213.35	41	0.90627
lcl|NW_015386519.1_cds_XP_015668905.2_6683	2922	2854.04	12	0.391582
lcl|NW_015386519.1_cds_XP_029139461.1_6684	1692	1734.6	38	2.04025
lcl|NW_015386519.1_cds_XP_015668911.1_6685	1695	1763.75	25	1.32009
lcl|NW_015386519.1_cds_XP_029139460.1_6686	1692	1758.57	0	0
lcl|NW_015386519.1_cds_XP_015668906.1_6687	1068	995.023	78	7.30067
lcl|NW_015386519.1_cds_XP_015668907.1_6688	1779	1738.96	38	2.03515
lcl|NW_015386519.1_cds_XP_015668896.1_6689	2475	2488.92	1	0.0374189
lcl|NW_015386519.1_cds_XP_015668897.1_6690	2922	2929.39	3	0.0953773
lcl|NW_015386519.1_cds_XP_015668908.1_6691	1110	1087.14	260	22.2735
lcl|NW_015386519.1_cds_XP_015668898.1_6692	1104	1036.01	4	0.359581
lcl|NW_015386519.1_cds_XP_015668899.1_6693	1788	1752.12	17	0.90362
lcl|NW_015386519.1_cds_XP_015668910.1_6694	207	144.5	332	213.979
lcl|NW_015386519.1_cds_XP_015668909.1_6695	1029	923.179	266	26.8347
lcl|NW_015386519.1_cds_XP_029139463.1_6696	981	942.949	0	0
lcl|NW_015386520.1_cds_XP_015668912.1_6697	2535	2618.38	20	0.711375
lcl|NW_015386520.1_cds_XP_015668930.1_6698	465	426.593	369	80.5589
lcl|NW_015386520.1_cds_XP_029139465.1_6699	762	716.642	7	0.909698
lcl|NW_015386520.1_cds_XP_015668917.1_6700	1911	1832.68	15	0.762267
lcl|NW_015386520.1_cds_XP_015668913.1_6701	2814	2846.93	4	0.130853
lcl|NW_015386520.1_cds_XP_015668919.1_6702	969	936.196	144	14.3251
lcl|NW_015386520.1_cds_XP_015668920.1_6703	954	938.859	31	3.07512
lcl|NW_015386520.1_cds_XP_015668932.1_6704	903	864.949	0	0
lcl|NW_015386520.1_cds_XP_015668933.1_6705	810	771.949	0	0
lcl|NW_015386520.1_cds_XP_015668921.1_6706	1884	1954.24	119	5.67113
lcl|NW_015386520.1_cds_XP_029139464.1_6707	1563	1524.95	0	0
lcl|NW_015386520.1_cds_XP_015668934.1_6708	1683	1675.73	29	1.61174
lcl|NW_015386520.1_cds_XP_015668935.1_6709	612	558.364	233	38.8633
lcl|NW_015386520.1_cds_XP_015668922.1_6710	1200	1231.99	254	19.2011
lcl|NW_015386520.1_cds_XP_015668916.1_6711	645	606.949	0	0
lcl|NW_015386520.1_cds_XP_015668923.1_6712	411	367.716	43.5516	11.0305
lcl|NW_015386520.1_cds_XP_015668924.1_6713	411	367.716	43.5516	11.0305
lcl|NW_015386520.1_cds_XP_015668925.1_6714	489	436.873	9.44836	2.0142
lcl|NW_015386520.1_cds_XP_015668927.1_6715	489	436.873	9.44836	2.0142
lcl|NW_015386520.1_cds_XP_015668928.1_6716	2775	2779.31	73	2.44617
lcl|NW_015386520.1_cds_XP_015668929.1_6717	693	660.487	1	0.141006
lcl|NW_015386521.1_cds_XP_015668936.1_6718	1161	1090.67	3.00525	0.256618
lcl|NW_015386521.1_cds_XP_015668938.1_6719	1803	1704.71	2.83426	0.154843
lcl|NW_015386521.1_cds_XP_015668947.1_6720	543	469.412	130	25.7923
lcl|NW_015386521.1_cds_XP_015668948.1_6721	621	491.128	85	16.1185
lcl|NW_015386521.1_cds_XP_015668943.1_6722	1224	1171.24	70	5.56615
lcl|NW_015386521.1_cds_XP_015668942.1_6723	1227	1173.75	0	0
lcl|NW_015386521.1_cds_XP_015668950.1_6724	522	481.15	13	2.51631
lcl|NW_015386521.1_cds_XP_015668939.2_6725	1362	1288.52	20	1.44557
lcl|NW_015386521.1_cds_XP_029139467.1_6726	3114	3075.95	0	0
lcl|NW_015386521.1_cds_XP_015668944.1_6727	2082	1980.42	36	1.69296
lcl|NW_015386521.1_cds_XP_015668951.1_6728	441	368.108	216	54.6487
lcl|NW_015386521.1_cds_XP_015668945.1_6729	1818	1676.1	73	4.05624
lcl|NW_015386521.1_cds_XP_015668940.1_6730	2151	1943.06	13	0.623101
lcl|NW_015386521.1_cds_XP_015668946.1_6731	1959	1829.56	89	4.53048
lcl|NW_015386521.1_cds_XP_029139468.1_6732	1116	1077.95	0	0
lcl|NW_015386522.1_cds_XP_015668952.1_6733	1941	1884.93	9	0.444681
lcl|NW_015386522.1_cds_XP_015668953.1_6734	1413	1361.11	188	12.8637
lcl|NW_015386522.1_cds_XP_015668962.1_6735	531	492.949	0	0
lcl|NW_015386522.1_cds_XP_015668954.1_6736	1626	1612.93	32	1.84772
lcl|NW_015386522.1_cds_XP_015668955.1_6737	1335	1338.84	238.263	16.5741
lcl|NW_015386522.1_cds_XP_015668963.1_6738	942	935.389	28	2.78783
lcl|NW_015386522.1_cds_XP_015668956.1_6739	2211	2200.05	57	2.41293
lcl|NW_015386522.1_cds_XP_015668957.1_6740	1977	1854.92	761	38.2085
lcl|NW_015386522.1_cds_XP_015668959.1_6741	1500	1475.07	1141.44	72.0678
lcl|NW_015386522.1_cds_XP_015668958.1_6742	1638	1613.62	1301.56	75.1214
lcl|NW_015386522.1_cds_XP_015668961.1_6743	4131	4091.22	602	13.7039
lcl|NW_015386523.1_cds_XP_015668964.1_6744	549	548.185	3	0.509677
lcl|NW_015386524.1_cds_XP_015668965.1_6745	2409	2370.95	0	0
lcl|NW_015386524.1_cds_XP_015668966.1_6746	1215	1176.95	0	0
lcl|NW_015386524.1_cds_XP_015668967.1_6747	2394	2355.95	0	0
lcl|NW_015386524.1_cds_XP_029139471.1_6748	2793	2754.95	0	0
lcl|NW_015386524.1_cds_XP_015668968.1_6749	2670	2645.14	1	0.0352089
lcl|NW_015386524.1_cds_XP_015668969.1_6750	936	897.949	0	0
lcl|NW_015386524.1_cds_XP_015668997.1_6751	978	958.883	6	0.582756
lcl|NW_015386524.1_cds_XP_015668985.1_6752	1116	1122.97	5.96626	0.494806
lcl|NW_015386524.1_cds_XP_015668986.1_6753	1116	1122.97	5.96626	0.494806
lcl|NW_015386524.1_cds_XP_015668987.1_6754	1071	1072.39	710.898	61.7387
lcl|NW_015386524.1_cds_XP_015668970.1_6755	507	453.464	2	0.41076
lcl|NW_015386524.1_cds_XP_029139472.1_6756	363	324.949	0	0
lcl|NW_015386524.1_cds_XP_015668972.1_6757	2331	2290.05	9.67469	0.393454
lcl|NW_015386524.1_cds_XP_015668988.1_6758	825	775.186	314.87	37.8292
lcl|NW_015386524.1_cds_XP_015668989.1_6759	2835	2770.42	70.547	2.37156
lcl|NW_015386524.1_cds_XP_015668974.1_6760	1422	1384.97	5	0.336227
lcl|NW_015386524.1_cds_XP_015668992.1_6761	2367	2317.35	60	2.41136
lcl|NW_015386524.1_cds_XP_029139473.1_6762	5418	5561.76	42	0.703296
lcl|NW_015386524.1_cds_XP_015668994.1_6763	1002	960.083	18	1.74608
lcl|NW_015386524.1_cds_XP_015668995.1_6764	624	591.907	13	2.04546
lcl|NW_015386524.1_cds_XP_015668996.1_6765	1302	1291.06	3	0.216409
lcl|NW_015386524.1_cds_XP_029139470.1_6766	930	891.949	0	0
lcl|NW_015386524.1_cds_XP_029139474.1_6767	948	909.949	0	0
lcl|NW_015386524.1_cds_XP_029139475.1_6768	918	879.949	0	0
lcl|NW_015386524.1_cds_XP_029139484.1_6769	915	876.949	0	0
lcl|NW_015386524.1_cds_XP_029139476.1_6770	915	876.949	0	0
lcl|NW_015386524.1_cds_XP_029139477.1_6771	915	876.949	0	0
lcl|NW_015386524.1_cds_XP_029139478.1_6772	915	876.949	0	0
lcl|NW_015386524.1_cds_XP_029139479.1_6773	915	876.949	0	0
lcl|NW_015386524.1_cds_XP_029139480.1_6774	570	531.949	0	0
lcl|NW_015386524.1_cds_XP_029139481.1_6775	948	909.949	0	0
lcl|NW_015386524.1_cds_XP_015668982.1_6776	981	942.949	0	0
lcl|NW_015386524.1_cds_XP_015668983.1_6777	912	873.949	0	0
lcl|NW_015386524.1_cds_XP_015668984.2_6778	942	903.949	0	0
lcl|NW_015386524.1_cds_XP_029139482.1_6779	2649	2610.95	0	0
lcl|NW_015386525.1_cds_XP_029139485.1_6780	246	236.822	25	9.83149
lcl|NW_015386525.1_cds_XP_015669002.1_6781	4029	4016.65	306	7.09511
lcl|NW_015386525.1_cds_XP_015669007.1_6782	1401	1284.25	623.241	45.1966
lcl|NW_015386525.1_cds_XP_015669003.1_6783	1203	1079.85	86.7595	7.48264
lcl|NW_015386525.1_cds_XP_015669006.1_6784	1044	918.583	0	0
lcl|NW_015386525.1_cds_XP_015669005.1_6785	1044	918.583	0	0
lcl|NW_015386525.1_cds_XP_015669008.1_6786	1308	1265.17	235	17.299
lcl|NW_015386525.1_cds_XP_015669009.2_6787	864	831.661	199	22.2848
lcl|NW_015386525.1_cds_XP_015669010.1_6788	5718	5812.53	110	1.7625
lcl|NW_015386525.1_cds_XP_015669011.1_6789	390	350.887	227	60.2505
lcl|NW_015386525.1_cds_XP_015669012.1_6790	282	203.966	96	43.8344
lcl|NW_015386525.1_cds_XP_015669019.1_6791	810	780.801	14	1.66989
lcl|NW_015386525.1_cds_XP_015669013.1_6792	1284	1268.52	76	5.57981
lcl|NW_015386525.1_cds_XP_015669014.1_6793	861	857.111	170	18.472
lcl|NW_015386525.1_cds_XP_015668998.1_6794	1014	972.249	2	0.191582
lcl|NW_015386525.1_cds_XP_015669015.1_6795	549	499.935	121	22.541
lcl|NW_015386525.1_cds_XP_015669020.2_6796	1647	1619.54	2	0.115011
lcl|NW_015386525.1_cds_XP_015668999.1_6797	3231	3238.76	141	4.05454
lcl|NW_015386525.1_cds_XP_015669017.1_6798	690	662.233	498	70.0358
lcl|NW_015386525.1_cds_XP_015669000.1_6799	3558	3519.95	0	0
lcl|NW_015386525.1_cds_XP_015669018.1_6800	387	355.344	722	189.23
lcl|NW_015386525.1_cds_XP_015669001.1_6801	543	496.919	173.075	32.4376
lcl|NW_015386526.1_cds_XP_015669021.1_6802	3396	3437.88	16	0.433442
lcl|NW_015386526.1_cds_XP_015669022.1_6803	1506	1511.56	883	54.4049
lcl|NW_015386527.1_cds_XP_015669024.1_6804	1101	1062.95	0	0
lcl|NW_015386527.1_cds_XP_015669025.1_6805	843	814.4	101	11.5501
lcl|NW_015386527.1_cds_XP_015669026.1_6806	5271	5346.12	60	1.04524
lcl|NW_015386528.1_cds_XP_015669035.1_6807	1197	1139.24	4	0.326999
lcl|NW_015386528.1_cds_XP_015669027.1_6808	1113	1062.23	1	0.0876763
lcl|NW_015386528.1_cds_XP_015669029.2_6809	834	792.196	28	3.29175
lcl|NW_015386528.1_cds_XP_029139488.1_6810	2892	2889.57	56	1.80491
lcl|NW_015386528.1_cds_XP_029139487.1_6811	435	379.111	3	0.736981
lcl|NW_015386528.1_cds_XP_015669032.1_6812	3621	3520.98	1595	42.1889
lcl|NW_015386528.1_cds_XP_015669028.1_6813	846	807.949	0	0
lcl|NW_015386528.1_cds_XP_015669033.1_6814	2163	2189.33	37	1.57395
lcl|NW_015386529.1_cds_XP_015669038.2_6815	4653	4762.36	347	6.78592
lcl|NW_015386529.1_cds_XP_015669039.1_6816	861	813.216	1629	186.559
lcl|NW_015386529.1_cds_XP_015669040.1_6817	1509	1464.23	248	15.7741
lcl|NW_015386529.1_cds_XP_015669041.1_6818	1425	1383.23	40	2.69319
lcl|NW_015386529.1_cds_XP_015669036.1_6819	4920	4978.56	269	5.0321
lcl|NW_015386529.1_cds_XP_015669037.1_6820	4965	4943.06	44	0.829006
lcl|NW_015386529.1_cds_XP_015669043.1_6821	291	264.189	98	34.5471
lcl|NW_015386529.1_cds_XP_015669042.1_6822	6705	6558.19	278	3.94786
lcl|NW_015386530.1_cds_XP_015669044.1_6823	846	807.949	0	0
lcl|NW_015386530.1_cds_XP_015669052.1_6824	1812	1716.28	1	0.0542642
lcl|NW_015386530.1_cds_XP_029139490.1_6825	1554	1507.96	2	0.123521
lcl|NW_015386530.1_cds_XP_015669053.2_6826	780	741.949	0	0
lcl|NW_015386530.1_cds_XP_015669055.1_6827	1800	1721.23	0.000903206	4.88708e-05
lcl|NW_015386530.1_cds_XP_015669054.1_6828	1782	1703.58	9.9991	0.546639
lcl|NW_015386530.1_cds_XP_015669046.1_6829	1698	1694.56	3	0.164879
lcl|NW_015386530.1_cds_XP_015669057.1_6830	738	699.949	0	0
lcl|NW_015386530.1_cds_XP_015669058.1_6831	1434	1373.01	4	0.271324
lcl|NW_015386530.1_cds_XP_015669050.1_6832	1854	1789.88	33	1.71708
lcl|NW_015386530.1_cds_XP_015669059.1_6833	2700	2597.41	5	0.17928
lcl|NW_015386530.1_cds_XP_015669051.1_6834	591	530.254	19	3.33711
lcl|NW_015386530.1_cds_XP_015669047.1_6835	1272	1193.55	1	0.0780298
lcl|NW_015386530.1_cds_XP_029139491.1_6836	2391	2294.14	1	0.0405957
lcl|NW_015386531.1_cds_XP_015669060.1_6837	1185	1126.78	42	3.47144
lcl|NW_015386531.1_cds_XP_015669061.1_6838	831	797.419	40	4.6717
lcl|NW_015386531.1_cds_XP_015669062.1_6839	2097	2132.39	142	6.20189
lcl|NW_015386531.1_cds_XP_015669063.1_6840	4431	4477.65	604	12.5628
lcl|NW_015386532.1_cds_XP_015669064.1_6841	2640	2579.49	8	0.28884
lcl|NW_015386532.1_cds_XP_015669067.1_6842	1116	1082.07	221.04	19.0247
lcl|NW_015386532.1_cds_XP_015669065.1_6843	1605	1547.16	3	0.180588
lcl|NW_015386532.1_cds_XP_015669068.1_6844	618	598.029	2.5	0.389331
lcl|NW_015386532.1_cds_XP_015669069.1_6845	618	598.029	2.5	0.389331
lcl|NW_015386533.1_cds_XP_015669071.1_6846	1500	1461.83	331	21.0879
lcl|NW_015386533.1_cds_XP_015669072.2_6847	6027	6061.11	128	1.9668
lcl|NW_015386533.1_cds_XP_015669073.1_6848	1464	1419.13	1748	114.715
lcl|NW_015386533.1_cds_XP_015669074.1_6849	2256	2305.33	293	11.8369
lcl|NW_015386533.1_cds_XP_029139492.1_6850	3156	3114.71	89	2.66117
lcl|NW_015386533.1_cds_XP_015669076.1_6851	924	900.689	1797	185.812
lcl|NW_015386533.1_cds_XP_015669078.1_6852	1062	971.811	1615	154.772
lcl|NW_015386533.1_cds_XP_015669080.1_6853	1515	1558.72	354.756	21.1964
lcl|NW_015386533.1_cds_XP_015669079.1_6854	1536	1574.31	24.6292	1.45701
lcl|NW_015386533.1_cds_XP_015669081.1_6855	1281	1325.38	143.615	10.0916
lcl|NW_015386533.1_cds_XP_015669082.1_6856	327	285.407	2347	765.861
lcl|NW_015386533.1_cds_XP_015669083.1_6857	7416	7523.41	177.501	2.19729
lcl|NW_015386533.1_cds_XP_015669084.2_6858	2460	2482.65	204	7.65273
lcl|NW_015386533.1_cds_XP_015669085.1_6859	1779	1705.18	167.989	9.17509
lcl|NW_015386533.1_cds_XP_015669086.1_6860	3030	3059.93	89	2.70882
lcl|NW_015386533.1_cds_XP_015669094.1_6861	882	833.197	2	0.223555
lcl|NW_015386533.1_cds_XP_029139493.1_6862	912	850.368	0	0
lcl|NW_015386533.1_cds_XP_015669087.1_6863	1020	1005.36	293	27.1423
lcl|NW_015386533.1_cds_XP_015669089.1_6864	333	294.014	419	132.724
lcl|NW_015386533.1_cds_XP_015669090.1_6865	2352	2374.92	1691	66.3127
lcl|NW_015386533.1_cds_XP_015669091.1_6866	462	431.159	30	6.48016
lcl|NW_015386533.1_cds_XP_015669096.1_6867	780	697.831	55	7.3403
lcl|NW_015386533.1_cds_XP_015669093.1_6868	510	496.587	50	9.37725
lcl|NW_015386533.1_cds_XP_015669092.2_6869	1285	1307.51	570	40.6006
lcl|NW_015386534.1_cds_XP_015669097.1_6870	726	654.803	16	2.27568
lcl|NW_015386535.1_cds_XP_015669098.1_6871	9666	9997.99	2	0.0186302
lcl|NW_015386535.1_cds_XP_029139494.1_6872	1545	1575.53	3	0.177336
lcl|NW_015386535.1_cds_XP_015669101.1_6873	1560	1587.1	6202	363.939
lcl|NW_015386535.1_cds_XP_015669104.1_6874	1377	1338.95	0	0
lcl|NW_015386535.1_cds_XP_015669103.1_6875	1122	1113.39	41	3.42956
lcl|NW_015386535.1_cds_XP_015669102.1_6876	1119	1054.13	163	14.4011
lcl|NW_015386538.1_cds_XP_015669105.1_6877	2325	2373.48	19	0.745536
lcl|NW_015386538.1_cds_XP_029139495.1_6878	4848	4833.29	2	0.0385379
lcl|NW_015386539.1_cds_XP_015669119.1_6879	1698	1553.87	22	1.31859
lcl|NW_015386539.1_cds_XP_015669136.1_6880	537	482.78	1702	328.331
lcl|NW_015386539.1_cds_XP_015669137.1_6881	855	778.746	323	38.6285
lcl|NW_015386539.1_cds_XP_015669138.1_6882	591	530.229	301	52.8694
lcl|NW_015386539.1_cds_XP_029139500.1_6883	2022	1797.3	10	0.518181
lcl|NW_015386539.1_cds_XP_015669121.1_6884	3189	3022.31	44	1.35586
lcl|NW_015386539.1_cds_XP_015669142.1_6885	819	747.879	4	0.498116
lcl|NW_015386539.1_cds_XP_015669107.1_6886	2352	2313.95	0	0
lcl|NW_015386539.1_cds_XP_015669122.1_6887	1071	987.915	133	12.5382
lcl|NW_015386539.1_cds_XP_015669123.1_6888	780	681.953	36	4.91643
lcl|NW_015386539.1_cds_XP_029139501.1_6889	4242	4134.81	5	0.11262
lcl|NW_015386539.1_cds_XP_029139496.1_6890	3459	3251.06	1	0.0286468
lcl|NW_015386539.1_cds_XP_015669144.1_6891	492	389.672	85	20.3152
lcl|NW_015386539.1_cds_XP_015669145.1_6892	492	389.672	85	20.3152
lcl|NW_015386539.1_cds_XP_015669147.1_6893	273	216.584	2	0.860011
lcl|NW_015386539.1_cds_XP_015669124.1_6894	4062	3854.56	470	11.356
lcl|NW_015386539.1_cds_XP_029139497.1_6895	1074	944.966	4	0.394226
lcl|NW_015386539.1_cds_XP_015669148.1_6896	663	583.83	43	6.85936
lcl|NW_015386539.1_cds_XP_015669149.1_6897	507	446.065	1	0.208787
lcl|NW_015386539.1_cds_XP_015669111.1_6898	1113	1074.95	0	0
lcl|NW_015386539.1_cds_XP_015669112.1_6899	6885	6665.3	2	0.0279455
lcl|NW_015386539.1_cds_XP_015669150.1_6900	954	808.921	1	0.115132
lcl|NW_015386539.1_cds_XP_029139502.1_6901	13878	13155.4	6	0.0424766
lcl|NW_015386539.1_cds_XP_015669125.1_6902	2544	2413.07	395	15.2451
lcl|NW_015386539.1_cds_XP_015669126.1_6903	2058	1995.06	144	6.72214
lcl|NW_015386539.1_cds_XP_015669127.1_6904	906	859.078	445.31	48.276
lcl|NW_015386539.1_cds_XP_015669128.1_6905	516	468.08	19.6896	3.91759
lcl|NW_015386539.1_cds_XP_015669130.1_6906	909	828.935	172	19.3245
lcl|NW_015386539.1_cds_XP_015669129.1_6907	1779	1650.02	46	2.59639
lcl|NW_015386539.1_cds_XP_015669131.1_6908	606	541.02	501	86.2433
lcl|NW_015386539.1_cds_XP_015669151.1_6909	1092	953.148	20	1.95421
lcl|NW_015386539.1_cds_XP_015669152.1_6910	780	660.28	12	1.6926
lcl|NW_015386539.1_cds_XP_015669153.1_6911	1056	1025.48	63	5.72154
lcl|NW_015386539.1_cds_XP_015669114.2_6912	1656	1422.79	3	0.196373
lcl|NW_015386539.1_cds_XP_015669115.2_6913	2766	2639.7	1	0.0352815
lcl|NW_015386539.1_cds_XP_015669133.1_6914	471	375.132	2913	723.199
lcl|NW_015386539.1_cds_XP_015669134.1_6915	3171	3046.17	38	1.1618
lcl|NW_015386539.1_cds_XP_015669154.2_6916	1164	1125.95	0	0
lcl|NW_015386539.1_cds_XP_029139498.1_6917	1764	1618.5	2	0.115085
lcl|NW_015386539.1_cds_XP_029139503.1_6918	1998	1841.65	1	0.0505702
lcl|NW_015386539.1_cds_XP_015669155.1_6919	567	528.949	0	0
lcl|NW_015386539.1_cds_XP_015669156.1_6920	525	469.464	5	0.991902
lcl|NW_015386539.1_cds_XP_015669158.1_6921	1062	937.507	1	0.0993406
lcl|NW_015386539.1_cds_XP_015669118.1_6922	1311	1254.22	46	3.41574
lcl|NW_015386539.1_cds_XP_015669135.1_6923	1752	1676.26	911	50.6149
lcl|NW_015386539.1_cds_XP_015669159.2_6924	1323	1284.95	0	0
lcl|NW_015386540.1_cds_XP_015669163.1_6925	411	356.703	0	0
lcl|NW_015386540.1_cds_XP_015669179.2_6926	2025	1986.95	0	0
lcl|NW_015386540.1_cds_XP_029139515.1_6927	4275	4298.69	12.2173	0.264691
lcl|NW_015386540.1_cds_XP_029139514.1_6928	4284	4312.66	0.687873	0.0148547
lcl|NW_015386540.1_cds_XP_029139511.1_6929	4320	4345.67	0.000649449	1.39184e-05
lcl|NW_015386540.1_cds_XP_029139504.1_6930	4419	4440.35	0	0
lcl|NW_015386540.1_cds_XP_029139512.1_6931	4305	4321.38	0.0942132	0.00203044
lcl|NW_015386540.1_cds_XP_029139506.1_6932	4482	4499.34	0	0
lcl|NW_015386540.1_cds_XP_015669165.1_6933	4449	4465.46	0	0
lcl|NW_015386540.1_cds_XP_029139505.1_6934	4464	4477.27	0	0
lcl|NW_015386540.1_cds_XP_029139513.1_6935	4344	4369.23	4.96464e-06	1.05824e-07
lcl|NW_015386540.1_cds_XP_015669167.1_6936	4452	4462.51	0	0
lcl|NW_015386540.1_cds_XP_029139507.1_6937	4461	4476.42	0	0
lcl|NW_015386540.1_cds_XP_029139508.1_6938	4458	4465.19	0	0
lcl|NW_015386540.1_cds_XP_015669170.1_6939	4395	4432.03	0	0
lcl|NW_015386540.1_cds_XP_029139509.1_6940	4476	4488.23	0	0
lcl|NW_015386540.1_cds_XP_015669169.1_6941	4485	4502.14	0	0
lcl|NW_015386540.1_cds_XP_015669166.1_6942	4506	4523.47	0	0
lcl|NW_015386540.1_cds_XP_029139510.1_6943	4446	4457.58	0	0
lcl|NW_015386540.1_cds_XP_015669164.1_6944	4614	4642.03	0	0
lcl|NW_015386540.1_cds_XP_015669172.1_6945	1605	1607.08	155	8.98246
lcl|NW_015386540.1_cds_XP_015669173.1_6946	624	624.246	48	7.16122
lcl|NW_015386540.1_cds_XP_015669174.1_6947	1464	1465.97	1663	105.65
lcl|NW_015386540.1_cds_XP_015669175.1_6948	2511	2426.17	65	2.49513
lcl|NW_015386540.1_cds_XP_029139516.1_6949	1650	1642.79	66	3.74165
lcl|NW_015386540.1_cds_XP_015669161.1_6950	5004	5024.74	72	1.33451
lcl|NW_015386540.1_cds_XP_015669176.1_6951	294	239.822	1	0.38834
lcl|NW_015386540.1_cds_XP_029139517.1_6952	927	888.949	0	0
lcl|NW_015386540.1_cds_XP_015669178.1_6953	7065	7028.95	191	2.53072
lcl|NW_015386540.1_cds_XP_015669162.1_6954	2238	2289.58	22	0.894887
lcl|NW_015386541.1_cds_XP_015669183.1_6955	504	474.334	95	18.6527
lcl|NW_015386541.1_cds_XP_015669184.1_6956	504	474.334	95	18.6527
lcl|NW_015386541.1_cds_XP_015669185.1_6957	1305	1161.65	0	0
lcl|NW_015386541.1_cds_XP_029139518.1_6958	1188	1043.62	55	4.90818
lcl|NW_015386541.1_cds_XP_015669188.1_6959	1479	1466.77	20	1.2699
lcl|NW_015386541.1_cds_XP_015669180.1_6960	747	708.949	0	0
lcl|NW_015386541.1_cds_XP_015669181.1_6961	1449	1380.39	93	6.27453
lcl|NW_015386541.1_cds_XP_029139520.1_6962	1371	1332.12	3	0.209739
lcl|NW_015386541.1_cds_XP_015669187.1_6963	1524	1465.52	0	0
lcl|NW_015386541.1_cds_XP_029139519.1_6964	1530	1467.97	0	0
lcl|NW_015386541.1_cds_XP_015669189.1_6965	573	506.709	3	0.551397
lcl|NW_015386541.1_cds_XP_015669190.1_6966	1608	1498.05	5	0.310846
lcl|NW_015386541.1_cds_XP_015669182.1_6967	1389	1350.95	0	0
lcl|NW_015386542.1_cds_XP_015669213.1_6968	477	418.743	177.862	39.5583
lcl|NW_015386542.1_cds_XP_029139521.1_6969	1494	1455.95	0	0
lcl|NW_015386542.1_cds_XP_015669214.2_6970	1323	1356.04	3	0.206039
lcl|NW_015386542.1_cds_XP_015669192.1_6971	3870	3836.17	27	0.655492
lcl|NW_015386542.1_cds_XP_015669196.1_6972	1248	1240.42	3	0.225245
lcl|NW_015386542.1_cds_XP_029139522.1_6973	1872	1888.05	84	4.1435
lcl|NW_015386542.1_cds_XP_029139526.1_6974	3645	3728.8	13	0.324695
lcl|NW_015386542.1_cds_XP_029139523.1_6975	1614	1550.04	26	1.56218
lcl|NW_015386542.1_cds_XP_015669215.1_6976	315	283.659	1	0.328326
lcl|NW_015386542.1_cds_XP_015669200.1_6977	3828	3754.22	557	13.8177
lcl|NW_015386542.1_cds_XP_015669201.1_6978	1098	1060.96	10	0.877812
lcl|NW_015386542.1_cds_XP_015669202.1_6979	738	640.649	100	14.5372
lcl|NW_015386542.1_cds_XP_015669203.1_6980	870	826.102	44.3333	4.99802
lcl|NW_015386542.1_cds_XP_015669204.1_6981	870	826.102	44.3333	4.99802
lcl|NW_015386542.1_cds_XP_015669205.1_6982	870	826.102	44.3333	4.99802
lcl|NW_015386542.1_cds_XP_015669194.1_6983	1245	1234.26	9.48006	0.715328
lcl|NW_015386542.1_cds_XP_015669195.1_6984	2061	2022.95	0	0
lcl|NW_015386542.1_cds_XP_015669206.1_6985	1752	1771.57	116	6.09819
lcl|NW_015386542.1_cds_XP_029139524.1_6986	1008	949.835	3	0.294154
lcl|NW_015386542.1_cds_XP_015669209.1_6987	1164	1148.26	106.158	8.61026
lcl|NW_015386542.1_cds_XP_015669207.1_6988	1167	1152.19	212.711	17.1936
lcl|NW_015386542.1_cds_XP_015669208.1_6989	1167	1152.94	199.13	16.0854
lcl|NW_015386542.1_cds_XP_015669218.1_6990	1062	1023.95	0	0
lcl|NW_015386542.1_cds_XP_015669217.1_6991	5076	5037.95	0	0
lcl|NW_015386542.1_cds_XP_029139529.1_6992	5103	5064.95	0	0
lcl|NW_015386542.1_cds_XP_029139528.1_6993	5130	5091.95	0	0
lcl|NW_015386542.1_cds_XP_015669216.1_6994	5355	5316.95	0	0
lcl|NW_015386542.1_cds_XP_029139527.1_6995	5181	5142.95	0	0
lcl|NW_015386542.1_cds_XP_015669211.1_6996	1179	1199.71	40	3.10516
lcl|NW_015386542.1_cds_XP_015669212.1_6997	1860	1926.71	571	27.6008
lcl|NW_015386544.1_cds_XP_015669220.1_6998	2457	2418.95	0	0
lcl|NW_015386544.1_cds_XP_015669226.1_6999	873	810.882	492	56.5079
lcl|NW_015386544.1_cds_XP_015669221.1_7000	6465	6426.95	0	0
lcl|NW_015386544.1_cds_XP_015669227.1_7001	1275	1224.34	29	2.20596
lcl|NW_015386544.1_cds_XP_015669222.1_7002	2868	2829.95	0	0
lcl|NW_015386544.1_cds_XP_015669223.1_7003	5670	5625.84	42	0.695286
lcl|NW_015386544.1_cds_XP_015669224.1_7004	543	504.949	0	0
lcl|NW_015386544.1_cds_XP_015669225.1_7005	786	696.95	1	0.133629
lcl|NW_015386545.1_cds_XP_015669230.1_7006	3210	3171.95	0	0
lcl|NW_015386545.1_cds_XP_015669229.1_7007	3339	3300.95	0	0
lcl|NW_015386545.1_cds_XP_015669228.1_7008	3411	3372.95	0	0
lcl|NW_015386545.1_cds_XP_029139530.1_7009	1275	1266.54	308.339	22.6732
lcl|NW_015386547.1_cds_XP_015669233.1_7010	1050	1011.95	0	0
lcl|NW_015386547.1_cds_XP_015669234.1_7011	1392	1449.22	122	7.84022
lcl|NW_015386547.1_cds_XP_015669235.1_7012	1389	1445.83	8.60726e-08	5.54432e-09
lcl|NW_015386547.1_cds_XP_015669236.1_7013	1242	1296.53	0	0
lcl|NW_015386547.1_cds_XP_029139531.1_7014	2301	2302.88	2	0.0808835
lcl|NW_015386547.1_cds_XP_015669238.1_7015	750	711.949	0	0
lcl|NW_015386548.1_cds_XP_029139534.1_7016	1353	1286.22	3.89596	0.282098
lcl|NW_015386548.1_cds_XP_015669245.1_7017	1491	1452.95	0	0
lcl|NW_015386548.1_cds_XP_015669240.1_7018	1491	1473.53	0	0
lcl|NW_015386548.1_cds_XP_015669241.1_7019	1491	1483.16	5	0.313967
lcl|NW_015386548.1_cds_XP_015669243.1_7020	1359	1360.57	3	0.205354
lcl|NW_015386548.1_cds_XP_015669246.1_7021	1299	1278.23	93	6.77604
lcl|NW_015386548.1_cds_XP_015669247.1_7022	1119	1079.09	375	32.3649
lcl|NW_015386548.1_cds_XP_015669248.1_7023	1926	1846.77	23	1.15989
lcl|NW_015386548.1_cds_XP_015669249.1_7024	1062	1036.3	30	2.6961
lcl|NW_015386548.1_cds_XP_015669250.1_7025	2442	2395.46	32	1.24412
lcl|NW_015386548.1_cds_XP_029139532.1_7026	606	567.949	0	0
lcl|NW_015386548.1_cds_XP_029139533.1_7027	10755	11174.4	1	0.00833445
lcl|NW_015386549.1_cds_XP_015669252.2_7028	540	522.41	253	45.1035
lcl|NW_015386549.1_cds_XP_029139535.1_7029	1011	972.949	0	0
lcl|NW_015386549.1_cds_XP_015669251.1_7030	912	871.343	3	0.320652
lcl|NW_015386549.1_cds_XP_015669255.1_7031	1131	1114.97	1	0.0835291
lcl|NW_015386549.1_cds_XP_015669256.1_7032	966	896.886	224.352	23.2967
lcl|NW_015386549.1_cds_XP_015669257.1_7033	870	808.938	578.648	66.6194
lcl|NW_015386549.1_cds_XP_015669258.2_7034	1206	1167.95	0	0
lcl|NW_015386550.1_cds_XP_015669264.1_7035	4512	4687.48	329.082	6.53832
lcl|NW_015386550.1_cds_XP_029139536.1_7036	7920	7999.39	151	1.75801
lcl|NW_015386550.1_cds_XP_015669265.1_7037	3126	3170	39.0961	1.14862
lcl|NW_015386550.1_cds_XP_015669267.1_7038	1869	1742.81	128	6.84007
lcl|NW_015386550.1_cds_XP_029139537.1_7039	657	618.949	0	0
lcl|NW_015386550.1_cds_XP_015669274.1_7040	4431	4423.95	1	0.0210519
lcl|NW_015386550.1_cds_XP_015669268.1_7041	2058	2059.4	311.928	14.1064
lcl|NW_015386550.1_cds_XP_015669269.1_7042	1545	1543.86	190	11.4617
lcl|NW_015386550.1_cds_XP_015669261.1_7043	5823	5708.38	3	0.0489452
lcl|NW_015386550.1_cds_XP_015669270.1_7044	2370	2312	129	5.1964
lcl|NW_015386550.1_cds_XP_015669271.1_7045	1734	1782.63	2168	113.266
lcl|NW_015386550.1_cds_XP_015669272.1_7046	1539	1575.26	30	1.77366
lcl|NW_015386550.1_cds_XP_015669262.1_7047	1158	1169.33	20	1.59292
lcl|NW_015386550.1_cds_XP_015669263.1_7048	579	506.087	9	1.65622
lcl|NW_015386551.1_cds_XP_015669275.1_7049	1860	1937.14	117	5.62506
lcl|NW_015386551.1_cds_XP_015669281.1_7050	2448	2396.3	11	0.427516
lcl|NW_015386551.1_cds_XP_029139538.1_7051	2424	2427.46	168	6.44553
lcl|NW_015386551.1_cds_XP_015669278.1_7052	1227	1206.75	13.9758	1.07861
lcl|NW_015386551.1_cds_XP_015669277.1_7053	1233	1215.46	0.0241607	0.00185128
lcl|NW_015386551.1_cds_XP_015669279.1_7054	4872	4914.22	492	9.32421
lcl|NW_015386551.1_cds_XP_015669280.2_7055	5991	6145.47	67	1.01536
lcl|NW_015386551.1_cds_XP_029139539.1_7056	4326	4287.95	0	0
lcl|NW_015386552.1_cds_XP_015669283.1_7057	985	993.102	12	1.12535
lcl|NW_015386552.1_cds_XP_015669284.1_7058	705	706.809	29	3.82118
lcl|NW_015386552.1_cds_XP_015669286.1_7059	1410	1395.45	4517	301.465
lcl|NW_015386552.1_cds_XP_015669287.2_7060	1647	1622.39	4	0.229618
lcl|NW_015386552.1_cds_XP_015669288.1_7061	3480	3443.03	362	9.79196
lcl|NW_015386553.1_cds_XP_015669289.1_7062	2274	2287.81	219	8.91508
lcl|NW_015386553.1_cds_XP_015669297.1_7063	1272	1248.24	1	0.0746112
lcl|NW_015386553.1_cds_XP_015669290.1_7064	1128	1099.73	3	0.254059
lcl|NW_015386553.1_cds_XP_015669291.1_7065	1437	1420.97	29	1.90071
lcl|NW_015386553.1_cds_XP_015669292.1_7066	1434	1440.2	306	19.788
lcl|NW_015386553.1_cds_XP_015669293.1_7067	7650	7760.01	1000	12.0016
lcl|NW_015386553.1_cds_XP_015669294.1_7068	297	236.229	498.416	196.499
lcl|NW_015386553.1_cds_XP_015669295.1_7069	255	195.952	54.5838	25.9427
lcl|NW_015386553.1_cds_XP_015669298.1_7070	606	555.896	183	30.659
lcl|NW_015386554.1_cds_XP_015669300.1_7071	1578	1547.82	11	0.66187
lcl|NW_015386554.1_cds_XP_015669301.1_7072	2766	2708.78	85	2.92244
lcl|NW_015386554.1_cds_XP_015669302.1_7073	3987	4067.21	57	1.30521
lcl|NW_015386554.1_cds_XP_015669316.1_7074	1224	1228.94	4	0.303131
lcl|NW_015386554.1_cds_XP_015669305.1_7075	1071	1058.8	444.814	39.1261
lcl|NW_015386554.1_cds_XP_015669304.1_7076	1239	1226.73	105.005	7.97191
lcl|NW_015386554.1_cds_XP_015669306.1_7077	1053	1041.09	22.5537	2.01758
lcl|NW_015386554.1_cds_XP_015669307.1_7078	963	952.907	213.627	20.8789
lcl|NW_015386554.1_cds_XP_015669308.1_7079	1194	1150.45	3109	251.683
lcl|NW_015386554.1_cds_XP_015669309.1_7080	1542	1560.67	1780	106.221
lcl|NW_015386554.1_cds_XP_015669310.1_7081	1023	965.388	199	19.1979
lcl|NW_015386554.1_cds_XP_015669317.1_7082	444	424.119	3	0.658771
lcl|NW_015386554.1_cds_XP_015669311.1_7083	1506	1433.27	172	11.1764
lcl|NW_015386554.1_cds_XP_015669312.1_7084	930	897.3	1559	161.812
lcl|NW_015386554.1_cds_XP_015669313.1_7085	1014	1034.75	6	0.54003
lcl|NW_015386554.1_cds_XP_015669314.2_7086	4335	4341.14	104	2.23116
lcl|NW_015386554.1_cds_XP_015669299.1_7087	255	204.393	27.7259	12.6334
lcl|NW_015386554.1_cds_XP_015669318.1_7088	294	255.949	0	0
lcl|NW_015386555.1_cds_XP_015669320.1_7089	633	581.117	8	1.28212
lcl|NW_015386555.1_cds_XP_015669321.1_7090	1017	978.063	124	11.8075
lcl|NW_015386555.1_cds_XP_015669322.1_7091	897	846.631	61	6.71023
lcl|NW_015386555.1_cds_XP_015669323.2_7092	3861	3865.6	38	0.915521
lcl|NW_015386555.1_cds_XP_015669324.1_7093	1182	1100.82	5	0.423013
lcl|NW_015386555.1_cds_XP_015669335.1_7094	1551	1474.9	25	1.57862
lcl|NW_015386555.1_cds_XP_015669336.1_7095	240	201.171	2	0.925903
lcl|NW_015386555.1_cds_XP_015669337.1_7096	216	184.47	1	0.504865
lcl|NW_015386555.1_cds_XP_015669327.1_7097	909	832.499	9.36111	1.04724
lcl|NW_015386555.1_cds_XP_015669328.1_7098	810	743.568	4.63889	0.581025
lcl|NW_015386555.1_cds_XP_015669326.1_7099	942	867.83	0	0
lcl|NW_015386555.1_cds_XP_015669329.1_7100	705	653.98	115	16.377
lcl|NW_015386555.1_cds_XP_015669332.1_7101	2043	1968.8	1665	78.7616
lcl|NW_015386555.1_cds_XP_015669331.1_7102	2043	1968.62	1.24971e-05	5.91219e-07
lcl|NW_015386555.1_cds_XP_015669333.1_7103	396	370.644	75	18.8454
lcl|NW_015386555.1_cds_XP_015669334.1_7104	906	899.329	785	81.2928
lcl|NW_015386555.1_cds_XP_015669319.1_7105	1004	1009.38	326.409	30.1168
lcl|NW_015386556.1_cds_XP_015669339.1_7106	2580	2541.95	0	0
lcl|NW_015386556.1_cds_XP_015669340.1_7107	1809	1512.35	29	1.78586
lcl|NW_015386556.1_cds_XP_015669341.1_7108	1254	1125.75	39	3.22645
lcl|NW_015386556.1_cds_XP_015669342.2_7109	1092	969.718	1	0.0960409
lcl|NW_015386556.1_cds_XP_015669359.1_7110	1485	1426.78	0.691541	0.0451401
lcl|NW_015386556.1_cds_XP_029139541.1_7111	1485	1425.68	1.30846	0.0854753
lcl|NW_015386556.1_cds_XP_015669370.1_7112	1341	1302.95	0	0
lcl|NW_015386556.1_cds_XP_015669369.1_7113	1485	1446.95	0	0
lcl|NW_015386556.1_cds_XP_015669367.1_7114	1485	1446.95	0	0
lcl|NW_015386556.1_cds_XP_015669368.1_7115	1485	1446.95	0	0
lcl|NW_015386556.1_cds_XP_015669366.1_7116	1485	1446.95	0	0
lcl|NW_015386556.1_cds_XP_029139547.1_7117	1308	1269.95	0	0
lcl|NW_015386556.1_cds_XP_029139545.1_7118	1485	1446.95	0	0
lcl|NW_015386556.1_cds_XP_029139546.1_7119	1479	1440.95	0	0
lcl|NW_015386556.1_cds_XP_029139542.1_7120	1506	1467.95	0	0
lcl|NW_015386556.1_cds_XP_029139543.1_7121	1506	1467.95	0	0
lcl|NW_015386556.1_cds_XP_029139544.1_7122	1497	1458.95	0	0
lcl|NW_015386556.1_cds_XP_015669360.1_7123	1485	1414.71	5.71556	0.376265
lcl|NW_015386556.1_cds_XP_015669364.1_7124	1485	1446.95	0	0
lcl|NW_015386556.1_cds_XP_015669371.1_7125	1485	1402.36	17.2844	1.14788
lcl|NW_015386556.1_cds_XP_015669362.1_7126	1500	1414.83	1	0.0658259
lcl|NW_015386556.1_cds_XP_015669363.2_7127	1482	1443.95	0	0
lcl|NW_015386556.1_cds_XP_015669343.1_7128	1482	1349.29	0.974386	0.0672555
lcl|NW_015386556.1_cds_XP_029139549.1_7129	1485	1355.18	0.0217372	0.00149385
lcl|NW_015386556.1_cds_XP_029139548.1_7130	1491	1357.53	0.00387657	0.00026595
lcl|NW_015386556.1_cds_XP_015669344.1_7131	921	734.332	2	0.253652
lcl|NW_015386556.1_cds_XP_015669380.1_7132	642	576.371	7	1.13109
lcl|NW_015386556.1_cds_XP_015669345.1_7133	681	561.356	3	0.497719
lcl|NW_015386556.1_cds_XP_015669381.1_7134	846	769.747	69	8.34838
lcl|NW_015386556.1_cds_XP_015669382.1_7135	621	560.324	24	3.98908
lcl|NW_015386556.1_cds_XP_015669347.1_7136	993	889.638	7	0.732801
lcl|NW_015386556.1_cds_XP_015669383.1_7137	1191	1111.82	16	1.34026
lcl|NW_015386556.1_cds_XP_015669348.1_7138	1629	1590.95	0	0
lcl|NW_015386556.1_cds_XP_015669387.2_7139	1167	1128.95	0	0
lcl|NW_015386556.1_cds_XP_015669386.1_7140	1089	1050.95	0	0
lcl|NW_015386556.1_cds_XP_015669388.1_7141	957	918.949	0	0
lcl|NW_015386556.1_cds_XP_029139555.1_7142	5109	4745.12	4	0.078508
lcl|NW_015386556.1_cds_XP_029139551.1_7143	1317	1198.75	8	0.621533
lcl|NW_015386556.1_cds_XP_015669390.1_7144	1446	1330.23	0	0
lcl|NW_015386556.1_cds_XP_029139556.1_7145	1320	1198.51	3	0.233121
lcl|NW_015386556.1_cds_XP_015669389.1_7146	1449	1331.71	0	0
lcl|NW_015386556.1_cds_XP_015669391.1_7147	1179	1128.13	45	3.71495
lcl|NW_015386556.1_cds_XP_029139552.1_7148	1749	1671.87	14	0.77988
lcl|NW_015386556.1_cds_XP_015669351.1_7149	1812	1730.9	1	0.0538058
lcl|NW_015386556.1_cds_XP_029139553.1_7150	5286	4925.79	1	0.0189071
lcl|NW_015386556.1_cds_XP_015669393.1_7151	678	634.575	13	1.90793
lcl|NW_015386556.1_cds_XP_015669372.1_7152	663	584.584	544	86.667
lcl|NW_015386556.1_cds_XP_015669353.2_7153	7593	7049.96	1	0.0132104
lcl|NW_015386556.1_cds_XP_015669376.1_7154	1662	1592.74	23	1.34488
lcl|NW_015386556.1_cds_XP_029139554.1_7155	4140	4078.91	23	0.525152
lcl|NW_015386556.1_cds_XP_015669354.2_7156	939	841.007	5	0.553696
lcl|NW_015386556.1_cds_XP_015669355.1_7157	840	708.303	28	3.68163
lcl|NW_015386556.1_cds_XP_015669377.1_7158	702	616.657	0	0
lcl|NW_015386556.1_cds_XP_015669378.1_7159	711	625.362	211	31.4233
lcl|NW_015386556.1_cds_XP_015669379.1_7160	450	380.962	29	7.08953
lcl|NW_015386556.1_cds_XP_029139550.1_7161	3801	3575.67	7	0.182323
lcl|NW_015386556.1_cds_XP_015669394.1_7162	1062	920.685	92	9.30632
lcl|NW_015386556.1_cds_XP_015669395.2_7163	1902	1636.99	22	1.25163
lcl|NW_015386556.1_cds_XP_015669396.1_7164	1068	1013.28	1	0.0919116
lcl|NW_015386556.1_cds_XP_015669358.1_7165	1225	978.185	1	0.0952095
lcl|NW_015386557.1_cds_XP_015669402.1_7166	1134	1086.97	3340	286.175
lcl|NW_015386557.1_cds_XP_015669403.1_7167	3555	3643.63	1686	43.0948
lcl|NW_015386557.1_cds_XP_015669404.1_7168	2196	2209.76	130	5.47897
lcl|NW_015386557.1_cds_XP_015669405.1_7169	513	449.896	61	12.6276
lcl|NW_015386557.1_cds_XP_029139558.1_7170	969	924.832	2	0.201404
lcl|NW_015386557.1_cds_XP_029139557.1_7171	2910	2924.57	1	0.0318449
lcl|NW_015386557.1_cds_XP_029139560.1_7172	1086	1096.95	217	18.4237
lcl|NW_015386557.1_cds_XP_015669399.1_7173	1614	1581.12	6.29806	0.370973
lcl|NW_015386557.1_cds_XP_015669406.1_7174	876	840.338	10	1.10827
lcl|NW_015386557.1_cds_XP_015669400.1_7175	789	714.442	6.70194	0.873645
lcl|NW_015386557.1_cds_XP_015669401.1_7176	828	789.949	0	0
lcl|NW_015386557.1_cds_XP_029139561.1_7177	900	865.907	196	21.0807
lcl|NW_015386558.1_cds_XP_029139563.1_7178	732	693.949	0	0
lcl|NW_015386558.1_cds_XP_015669413.2_7179	708	669.949	0	0
lcl|NW_015386558.1_cds_XP_015669414.1_7180	879	801.71	39	4.53052
lcl|NW_015386558.1_cds_XP_015669410.1_7181	3204	3263.07	213	6.07931
lcl|NW_015386558.1_cds_XP_029139562.1_7182	2088	2008.28	116.342	5.39528
lcl|NW_015386558.1_cds_XP_015669411.1_7183	1449	1415.33	187.621	12.346
lcl|NW_015386558.1_cds_XP_015669412.1_7184	2229	2091.13	340.064	15.1454
lcl|NW_015386559.1_cds_XP_015669415.1_7185	1062	1048.36	254	22.5645
lcl|NW_015386559.1_cds_XP_029139564.1_7186	1749	1710.95	0	0
lcl|NW_015386559.1_cds_XP_029139565.1_7187	1269	1268.85	108	7.92711
lcl|NW_015386559.1_cds_XP_015669419.1_7188	543	498.04	4420	826.531
lcl|NW_015386559.1_cds_XP_015669420.1_7189	990	975.149	24.603	2.34973
lcl|NW_015386559.1_cds_XP_015669421.1_7190	990	975.149	24.603	2.34973
lcl|NW_015386559.1_cds_XP_015669422.1_7191	918	901.929	14.794	1.52762
lcl|NW_015386559.1_cds_XP_015669423.1_7192	867	848.518	18.4998	2.03052
lcl|NW_015386559.1_cds_XP_015669424.1_7193	867	848.518	18.4998	2.03052
lcl|NW_015386559.1_cds_XP_015669425.1_7194	702	670.991	0.000340336	4.72382e-05
lcl|NW_015386559.1_cds_XP_015669426.1_7195	3948	4153.35	12	0.269082
lcl|NW_015386559.1_cds_XP_015669427.1_7196	870	864.082	233	25.1132
lcl|NW_015386559.1_cds_XP_015669429.1_7197	3444	3443.26	1	0.0270477
lcl|NW_015386560.1_cds_XP_029139567.1_7198	1791	1790.07	7	0.364192
lcl|NW_015386560.1_cds_XP_029139568.1_7199	1779	1753.79	13	0.690347
lcl|NW_015386560.1_cds_XP_015669433.1_7200	594	560.124	9	1.49644
lcl|NW_015386560.1_cds_XP_029139570.1_7201	4527	4503.01	1	0.0206823
lcl|NW_015386560.1_cds_XP_015669434.1_7202	1089	1040.82	18	1.61064
lcl|NW_015386560.1_cds_XP_015669443.1_7203	813	775.461	287.572	34.5373
lcl|NW_015386560.1_cds_XP_015669444.1_7204	402	372.599	7.42773	1.85659
lcl|NW_015386560.1_cds_XP_015669435.1_7205	1101	1059.99	128	11.2463
lcl|NW_015386560.1_cds_XP_015669436.1_7206	1101	1059.99	128	11.2463
lcl|NW_015386560.1_cds_XP_015669437.1_7207	288	224.412	145	60.1759
lcl|NW_015386560.1_cds_XP_029139569.1_7208	3363	3254.87	0.00785366	0.000224719
lcl|NW_015386560.1_cds_XP_015669441.1_7209	3345	3234.93	1.99215	0.0573531
lcl|NW_015386560.1_cds_XP_015669438.1_7210	2142	2174.51	688	29.4664
lcl|NW_015386561.1_cds_XP_015669445.1_7211	1572	1468.59	57	3.61472
lcl|NW_015386561.1_cds_XP_015669446.1_7212	1722	1672.68	169.637	9.44517
lcl|NW_015386561.1_cds_XP_015669448.1_7213	1551	1514.92	31.3628	1.92809
lcl|NW_015386561.1_cds_XP_015669450.1_7214	846	807.949	0	0
lcl|NW_015386561.1_cds_XP_029139571.1_7215	489	449.3	2	0.414568
lcl|NW_015386563.1_cds_XP_015669451.1_7216	1422	1420.44	2	0.131132
lcl|NW_015386563.1_cds_XP_029139572.1_7217	8046	8054.13	59	0.682236
lcl|NW_015386563.1_cds_XP_015669458.1_7218	1116	1077.95	0	0
lcl|NW_015386563.1_cds_XP_015669457.1_7219	852	813.949	0	0
lcl|NW_015386563.1_cds_XP_015669453.1_7220	1788	1728.76	62	3.34009
lcl|NW_015386563.1_cds_XP_015669454.1_7221	1434	1388.29	10	0.670842
lcl|NW_015386564.1_cds_XP_029139573.1_7222	5295	4815.39	7	0.135384
lcl|NW_015386564.1_cds_XP_015669462.1_7223	2286	2247.95	0	0
lcl|NW_015386564.1_cds_XP_015669460.2_7224	2637	2577.05	132	4.77037
lcl|NW_015386565.1_cds_XP_015669464.2_7225	1650	1678.48	157	8.71134
lcl|NW_015386565.1_cds_XP_015669465.1_7226	1527	1533.2	42	2.55125
lcl|NW_015386565.1_cds_XP_015669466.1_7227	1527	1533.2	42	2.55125
lcl|NW_015386565.1_cds_XP_015669467.1_7228	1638	1661.83	10	0.56042
lcl|NW_015386565.1_cds_XP_029139574.1_7229	2277	2215.61	185	7.77641
lcl|NW_015386565.1_cds_XP_015669468.1_7230	1011	935.221	2298	228.843
lcl|NW_015386565.1_cds_XP_015669469.1_7231	789	721.728	758.641	97.8958
lcl|NW_015386565.1_cds_XP_015669470.1_7232	708	667.561	90.3593	12.6062
lcl|NW_015386565.1_cds_XP_015669471.1_7233	1110	996.171	3	0.280471
lcl|NW_015386565.1_cds_XP_015669480.1_7234	1047	1008.95	0	0
lcl|NW_015386565.1_cds_XP_015669481.1_7235	399	358.788	2	0.51915
lcl|NW_015386565.1_cds_XP_015669478.1_7236	687	663.056	43	6.03976
lcl|NW_015386565.1_cds_XP_015669473.1_7237	801	805.693	155	17.9169
lcl|NW_015386565.1_cds_XP_029139575.1_7238	801	805.693	155	17.9169
lcl|NW_015386565.1_cds_XP_015669479.1_7239	1044	956.409	1	0.0973773
lcl|NW_015386565.1_cds_XP_015669474.1_7240	1995	2011.36	104	4.81553
lcl|NW_015386565.1_cds_XP_015669476.1_7241	1809	1745.03	31	1.65447
lcl|NW_015386566.1_cds_XP_015669528.2_7242	837	798.949	0	0
lcl|NW_015386566.1_cds_XP_015669539.1_7243	912	893.464	1	0.104238
lcl|NW_015386566.1_cds_XP_015669529.1_7244	939	900.949	0	0
lcl|NW_015386566.1_cds_XP_015669540.1_7245	1890	1851.95	0	0
lcl|NW_015386566.1_cds_XP_029139583.1_7246	450	411.949	0	0
lcl|NW_015386566.1_cds_XP_015669541.1_7247	396	349.948	360	95.8076
lcl|NW_015386566.1_cds_XP_015669482.1_7248	4215	4260.95	18	0.39343
lcl|NW_015386566.1_cds_XP_015669483.1_7249	1002	947.501	5707	560.957
lcl|NW_015386566.1_cds_XP_029139576.1_7250	1707	1587.18	0	0
lcl|NW_015386566.1_cds_XP_029139579.1_7251	1713	1591.1	0	0
lcl|NW_015386566.1_cds_XP_029139578.1_7252	1716	1594.51	0	0
lcl|NW_015386566.1_cds_XP_029139577.1_7253	1719	1595.07	0	0
lcl|NW_015386566.1_cds_XP_015669484.1_7254	1743	1615.96	21	1.2103
lcl|NW_015386566.1_cds_XP_015669487.1_7255	2100	2006.06	451	20.9379
lcl|NW_015386566.1_cds_XP_015669488.1_7256	5659	5643.53	714	11.7828
lcl|NW_015386566.1_cds_XP_015669489.1_7257	1110	1074.34	1.33333	0.115584
lcl|NW_015386566.1_cds_XP_015669490.1_7258	1110	1074.34	1.33333	0.115584
lcl|NW_015386566.1_cds_XP_015669491.1_7259	1110	1074.34	1.33333	0.115584
lcl|NW_015386566.1_cds_XP_029139584.1_7260	1509	1470.95	0	0
lcl|NW_015386566.1_cds_XP_015669493.1_7261	747	697.077	114.297	15.2706
lcl|NW_015386566.1_cds_XP_015669492.1_7262	750	699.802	0.202389	0.0269348
lcl|NW_015386566.1_cds_XP_015669494.1_7263	669	623.703	34.5004	5.15167
lcl|NW_015386566.1_cds_XP_029139580.1_7264	1839	1787.83	22	1.14603
lcl|NW_015386566.1_cds_XP_029139585.1_7265	957	918.949	0	0
lcl|NW_015386566.1_cds_XP_015669496.1_7266	828	760.923	146.5	17.9307
lcl|NW_015386566.1_cds_XP_015669497.1_7267	828	760.923	146.5	17.9307
lcl|NW_015386566.1_cds_XP_015669499.1_7268	732	693.318	73.75	9.90674
lcl|NW_015386566.1_cds_XP_015669500.1_7269	732	693.318	73.75	9.90674
lcl|NW_015386566.1_cds_XP_015669501.1_7270	732	693.318	73.75	9.90674
lcl|NW_015386566.1_cds_XP_015669502.1_7271	732	693.318	73.75	9.90674
lcl|NW_015386566.1_cds_XP_015669503.1_7272	381	314.207	430	127.454
lcl|NW_015386566.1_cds_XP_015669534.2_7273	1593	1651.79	1	0.0563829
lcl|NW_015386566.1_cds_XP_029139586.1_7274	1803	1792.93	1	0.0519444
lcl|NW_015386566.1_cds_XP_029139587.1_7275	2898	2927.78	33	1.04973
lcl|NW_015386566.1_cds_XP_015669545.1_7276	1023	984.949	0	0
lcl|NW_015386566.1_cds_XP_015669546.1_7277	984	945.949	0	0
lcl|NW_015386566.1_cds_XP_015669542.1_7278	876	818.613	0	0
lcl|NW_015386566.1_cds_XP_015669543.1_7279	849	789.856	16	1.88657
lcl|NW_015386566.1_cds_XP_015669506.1_7280	2565	2590.62	96.5255	3.47009
lcl|NW_015386566.1_cds_XP_015669507.1_7281	2496	2517.93	965.474	35.7108
lcl|NW_015386566.1_cds_XP_015669508.1_7282	747	674.552	2806	387.412
lcl|NW_015386566.1_cds_XP_015669547.1_7283	1062	1040.86	20	1.78954
lcl|NW_015386566.1_cds_XP_015669549.1_7284	1305	1296.72	1	0.0718215
lcl|NW_015386566.1_cds_XP_015669509.1_7285	3624	3617.79	56.114	1.44454
lcl|NW_015386566.1_cds_XP_015669550.1_7286	405	338.413	51	14.0354
lcl|NW_015386566.1_cds_XP_015669510.1_7287	1824	1837.76	59	2.98995
lcl|NW_015386566.1_cds_XP_015669512.1_7288	906	845.629	1891	208.263
lcl|NW_015386566.1_cds_XP_015669551.1_7289	702	627.552	74	10.982
lcl|NW_015386566.1_cds_XP_015669513.1_7290	1443	1447.3	516.362	33.2274
lcl|NW_015386566.1_cds_XP_015669514.1_7291	1146	1147.39	194.638	15.7986
lcl|NW_015386566.1_cds_XP_029139581.1_7292	2040	2111.51	90.6289	3.99738
lcl|NW_015386566.1_cds_XP_015669515.1_7293	2070	2141.52	231.371	10.0621
lcl|NW_015386566.1_cds_XP_015669516.1_7294	2157	2186.45	227	9.66915
lcl|NW_015386566.1_cds_XP_029139591.1_7295	306	265.997	23.2468	8.13931
lcl|NW_015386566.1_cds_XP_015669553.1_7296	408	382.6	344.753	83.9197
lcl|NW_015386566.1_cds_XP_015669517.1_7297	2913	2936.18	14	0.444066
lcl|NW_015386566.1_cds_XP_029139588.1_7298	1155	1083.18	19	1.63363
lcl|NW_015386566.1_cds_XP_029139589.1_7299	462	418.005	0	0
lcl|NW_015386566.1_cds_XP_015669519.1_7300	1944	1915.18	264	12.838
lcl|NW_015386566.1_cds_XP_015669536.1_7301	3153	3093.96	14	0.42142
lcl|NW_015386566.1_cds_XP_015669520.1_7302	1935	1895.56	1567	76.9899
lcl|NW_015386566.1_cds_XP_015669554.1_7303	1134	1139.15	121	9.89247
lcl|NW_015386566.1_cds_XP_015669521.1_7304	1068	1023.97	14	1.27333
lcl|NW_015386566.1_cds_XP_015669555.1_7305	1038	1025.44	24	2.17973
lcl|NW_015386566.1_cds_XP_015669523.1_7306	1809	1748.63	9	0.479342
lcl|NW_015386566.1_cds_XP_015669537.2_7307	915	876.949	0	0
lcl|NW_015386566.1_cds_XP_029139590.1_7308	6624	6565.79	16	0.226952
lcl|NW_015386566.1_cds_XP_015669524.1_7309	2826	2827.97	333	10.9666
lcl|NW_015386566.1_cds_XP_015669525.1_7310	1485	1484.15	447	28.05
lcl|NW_015386566.1_cds_XP_015669556.1_7311	1164	1134.17	20	1.6423
lcl|NW_015386566.1_cds_XP_015669526.1_7312	942	838.814	52.5	5.82902
lcl|NW_015386566.1_cds_XP_015669527.1_7313	942	838.814	52.5	5.82902
lcl|NW_015386567.1_cds_XP_029139592.1_7314	1206	1167.84	36	2.87091
lcl|NW_015386567.1_cds_XP_029139593.1_7315	4062	4090.72	39	0.887905
lcl|NW_015386568.1_cds_XP_015669559.1_7316	879	835.667	346	38.5606
lcl|NW_015386568.1_cds_XP_015669561.1_7317	423	359.737	65	16.8279
lcl|NW_015386568.1_cds_XP_015669562.1_7318	666	627.949	0	0
lcl|NW_015386568.1_cds_XP_015669563.1_7319	591	520.095	3	0.537205
lcl|NW_015386569.1_cds_XP_029139594.1_7320	1536	1466.77	26	1.65087
lcl|NW_015386570.1_cds_XP_015669566.1_7321	1410	1464.72	351	22.318
lcl|NW_015386570.1_cds_XP_029139595.1_7322	2742	2787.18	76	2.53951
lcl|NW_015386570.1_cds_XP_029139596.1_7323	2088	2084.04	134	5.98824
lcl|NW_015386570.1_cds_XP_015669568.1_7324	2724	2781.36	21.9396	0.734636
lcl|NW_015386570.1_cds_XP_015669569.1_7325	2634	2684.99	1050.48	36.4372
lcl|NW_015386570.1_cds_XP_015669570.1_7326	2583	2641.88	182.583	6.43649
lcl|NW_015386570.1_cds_XP_029139597.1_7327	2610	2571.95	0	0
lcl|NW_015386571.1_cds_XP_015669572.1_7328	1854	1817.76	52	2.6642
lcl|NW_015386571.1_cds_XP_015669573.1_7329	2862	2848.45	231	7.55273
lcl|NW_015386571.1_cds_XP_015669575.1_7330	2745	2718.15	0	0
lcl|NW_015386571.1_cds_XP_015669574.1_7331	2679	2649.22	195	6.85517
lcl|NW_015386571.1_cds_XP_015669576.1_7332	2664	2634.96	0	0
lcl|NW_015386571.1_cds_XP_015669577.1_7333	792	705.994	1734	228.744
lcl|NW_015386571.1_cds_XP_015669578.1_7334	1014	926.452	358	35.9883
lcl|NW_015386571.1_cds_XP_015669579.1_7335	1179	1128.73	34.5	2.84661
lcl|NW_015386571.1_cds_XP_015669580.1_7336	1179	1128.73	34.5	2.84661
lcl|NW_015386571.1_cds_XP_015669582.1_7337	561	556.904	17.495	2.92574
lcl|NW_015386571.1_cds_XP_015669581.1_7338	504	493.24	44.505	8.40333
lcl|NW_015386571.1_cds_XP_015669584.1_7339	567	528.772	236	41.5666
lcl|NW_015386571.1_cds_XP_015669585.1_7340	1071	1013.3	4312	396.318
lcl|NW_015386571.1_cds_XP_015669586.1_7341	732	637.274	451	65.9101
lcl|NW_015386571.1_cds_XP_015669587.1_7342	966	934.928	157	15.6395
lcl|NW_015386571.1_cds_XP_029139598.1_7343	7710	7724.57	111	1.33829
lcl|NW_015386571.1_cds_XP_015669596.1_7344	441	402.949	0	0
lcl|NW_015386571.1_cds_XP_015669589.1_7345	1068	1038.27	33	2.96008
lcl|NW_015386571.1_cds_XP_015669588.1_7346	1071	1041.97	0	0
lcl|NW_015386571.1_cds_XP_015669590.1_7347	948	905.753	3245	333.662
lcl|NW_015386571.1_cds_XP_015669591.1_7348	741	672.365	1633	226.195
lcl|NW_015386571.1_cds_XP_015669592.1_7349	2064	1993.92	73	3.4097
lcl|NW_015386571.1_cds_XP_029139599.1_7350	2256	2323.23	96	3.84841
lcl|NW_015386572.1_cds_XP_015669599.2_7351	1551	1512.95	0	0
lcl|NW_015386572.1_cds_XP_015669597.1_7352	2802	2759.82	6	0.202475
lcl|NW_015386572.1_cds_XP_015669598.2_7353	1653	1548.77	3	0.180399
lcl|NW_015386573.1_cds_XP_015669607.1_7354	522	483.949	0	0
lcl|NW_015386573.1_cds_XP_015669605.1_7355	981	929.91	1	0.100152
lcl|NW_015386573.1_cds_XP_015669601.1_7356	1125	1054.22	8.53876e-08	7.54333e-09
lcl|NW_015386573.1_cds_XP_015669600.1_7357	1179	1107.99	15	1.26083
lcl|NW_015386573.1_cds_XP_015669602.1_7358	873	816.737	18.5	2.10955
lcl|NW_015386573.1_cds_XP_015669603.1_7359	873	816.737	18.5	2.10955
lcl|NW_015386573.1_cds_XP_015669604.1_7360	873	816.737	18.5	2.10955
lcl|NW_015386573.1_cds_XP_029139601.1_7361	873	816.737	18.5	2.10955
lcl|NW_015386574.1_cds_XP_029139602.1_7362	3531	3626.85	13	0.333822
lcl|NW_015386574.1_cds_XP_015669608.1_7363	1674	1707.85	306	16.6868
lcl|NW_015386575.1_cds_XP_015669610.1_7364	3339	3410.06	327.993	8.95786
lcl|NW_015386575.1_cds_XP_029139604.1_7365	2247	2275.16	307.007	12.5671
lcl|NW_015386575.1_cds_XP_015669612.1_7366	1053	1057.02	133.542	11.7661
lcl|NW_015386575.1_cds_XP_015669611.1_7367	1092	1107.99	271.458	22.8176
lcl|NW_015386575.1_cds_XP_015669614.1_7368	879	848.065	54	5.93015
lcl|NW_015386575.1_cds_XP_015669615.1_7369	879	848.065	54	5.93015
lcl|NW_015386575.1_cds_XP_015669616.1_7370	828	794.978	2	0.234302
lcl|NW_015386575.1_cds_XP_029139603.1_7371	2895	2952.62	1	0.0315423
lcl|NW_015386576.1_cds_XP_015669649.1_7372	1011	980.773	1	0.0949583
lcl|NW_015386576.1_cds_XP_029139606.1_7373	2445	2343.41	45	1.7884
lcl|NW_015386576.1_cds_XP_015669650.1_7374	750	711.949	0	0
lcl|NW_015386576.1_cds_XP_015669651.1_7375	723	684.949	0	0
lcl|NW_015386576.1_cds_XP_015669652.1_7376	537	498.949	0	0
lcl|NW_015386576.1_cds_XP_029139610.1_7377	519	480.949	0	0
lcl|NW_015386576.1_cds_XP_015669618.1_7378	1668	1684.44	89	4.92079
lcl|NW_015386576.1_cds_XP_015669619.1_7379	1077	1034.08	3302	297.387
lcl|NW_015386576.1_cds_XP_015669620.1_7380	696	689.364	66	8.91654
lcl|NW_015386576.1_cds_XP_015669621.1_7381	2364	2357.19	127	5.01776
lcl|NW_015386576.1_cds_XP_015669623.1_7382	801	750.107	0	0
lcl|NW_015386576.1_cds_XP_015669622.1_7383	867	824.249	42	4.74561
lcl|NW_015386576.1_cds_XP_015669654.2_7384	4356	4440.05	1	0.0209756
lcl|NW_015386576.1_cds_XP_015669655.1_7385	786	788.77	12	1.41688
lcl|NW_015386576.1_cds_XP_015669644.1_7386	2100	2061.95	0	0
lcl|NW_015386576.1_cds_XP_015669625.1_7387	498	457.184	951	193.727
lcl|NW_015386576.1_cds_XP_015669626.1_7388	285	231.828	380	152.658
lcl|NW_015386576.1_cds_XP_015669627.1_7389	531	476.32	159	31.0885
lcl|NW_015386576.1_cds_XP_015669628.1_7390	2721	2810.21	3	0.0994225
lcl|NW_015386576.1_cds_XP_015669629.1_7391	1539	1514.26	31	1.90662
lcl|NW_015386576.1_cds_XP_015669630.1_7392	906	915.97	678.42	68.9793
lcl|NW_015386576.1_cds_XP_015669631.1_7393	903	910.95	0.000263654	2.69552e-05
lcl|NW_015386576.1_cds_XP_015669632.1_7394	861	864.304	652.58	70.3184
lcl|NW_015386576.1_cds_XP_015669633.1_7395	1800	1724.54	124.512	6.72419
lcl|NW_015386576.1_cds_XP_015669634.1_7396	1731	1655.9	7.48785	0.421139
lcl|NW_015386576.1_cds_XP_015669636.1_7397	1692	1680.35	383	21.2275
lcl|NW_015386576.1_cds_XP_015669637.1_7398	780	760.681	61	7.46842
lcl|NW_015386576.1_cds_XP_015669645.1_7399	2766	2800.34	91	3.02644
lcl|NW_015386576.1_cds_XP_015669638.1_7400	2184	2187.45	104	4.42788
lcl|NW_015386576.1_cds_XP_015669646.1_7401	765	738.344	13	1.63978
lcl|NW_015386576.1_cds_XP_015669639.1_7402	4212	4292.83	160	3.47118
lcl|NW_015386576.1_cds_XP_015669647.1_7403	660	624.792	5	0.745308
lcl|NW_015386576.1_cds_XP_015669641.1_7404	1233	1235.48	26	1.95992
lcl|NW_015386576.1_cds_XP_015669640.1_7405	1623	1590.71	370	21.6626
lcl|NW_015386576.1_cds_XP_015669648.1_7406	1416	1407.8	135	8.93085
lcl|NW_015386577.1_cds_XP_015669665.1_7407	2280	2205.13	1	0.0422344
lcl|NW_015386577.1_cds_XP_015669656.1_7408	1821	1833.98	12	0.60938
lcl|NW_015386577.1_cds_XP_015669657.2_7409	5085	4998.87	121	2.25432
lcl|NW_015386577.1_cds_XP_015669658.1_7410	1668	1658.04	196	11.0094
lcl|NW_015386577.1_cds_XP_029139611.1_7411	3069	3001.89	3959	122.827
lcl|NW_015386577.1_cds_XP_015669663.1_7412	321	282.949	0	0
lcl|NW_015386577.1_cds_XP_029139612.1_7413	8496	8715.84	56	0.598384
lcl|NW_015386577.1_cds_XP_029139613.1_7414	1200	1148.42	2	0.162192
lcl|NW_015386577.1_cds_XP_015669660.1_7415	3351	3231.16	0	0
lcl|NW_015386577.1_cds_XP_015669661.1_7416	3267	3141.49	43	1.27478
lcl|NW_015386578.1_cds_XP_015669667.1_7417	528	466.237	141	28.1652
lcl|NW_015386578.1_cds_XP_029139615.1_7418	3861	3978.41	3	0.0702284
lcl|NW_015386578.1_cds_XP_015669693.1_7419	918	930.458	15	1.5014
lcl|NW_015386578.1_cds_XP_015669668.1_7420	1347	1349.43	233.5	16.1153
lcl|NW_015386578.1_cds_XP_015669669.1_7421	1347	1349.43	233.5	16.1153
lcl|NW_015386578.1_cds_XP_015669672.1_7422	765	733.925	135.918	17.2475
lcl|NW_015386578.1_cds_XP_015669673.1_7423	2265	2295.77	67	2.71799
lcl|NW_015386578.1_cds_XP_015669674.1_7424	2280	2299.58	2	0.0809995
lcl|NW_015386578.1_cds_XP_015669697.1_7425	1074	1035.95	0	0
lcl|NW_015386578.1_cds_XP_015669675.1_7426	1062	1062.31	3	0.263009
lcl|NW_015386578.1_cds_XP_015669677.1_7427	1626	1577.66	396	23.3768
lcl|NW_015386578.1_cds_XP_015669678.1_7428	1677	1617.27	71	4.08863
lcl|NW_015386578.1_cds_XP_015669679.1_7429	411	361.382	1967	506.92
lcl|NW_015386578.1_cds_XP_015669680.1_7430	411	361.382	1967	506.92
lcl|NW_015386578.1_cds_XP_015669698.1_7431	1221	1149.21	45	3.64681
lcl|NW_015386578.1_cds_XP_015669681.1_7432	1263	1149.02	16	1.29686
lcl|NW_015386578.1_cds_XP_015669694.1_7433	516	480.983	1	0.19363
lcl|NW_015386578.1_cds_XP_029139617.1_7434	4677	4713.49	17	0.335898
lcl|NW_015386578.1_cds_XP_015669684.1_7435	2841	2841.3	275.697	9.03683
lcl|NW_015386578.1_cds_XP_015669685.1_7436	2820	2823.83	35.3029	1.16432
lcl|NW_015386578.1_cds_XP_015669686.1_7437	792	807.345	24.8034	2.86123
lcl|NW_015386578.1_cds_XP_015669687.1_7438	792	807.345	24.8034	2.86123
lcl|NW_015386578.1_cds_XP_015669689.1_7439	792	807.345	24.8034	2.86123
lcl|NW_015386578.1_cds_XP_015669688.1_7440	636	622.853	1.58982	0.237719
lcl|NW_015386578.1_cds_XP_015669690.1_7441	600	578.844	18.3333	2.94972
lcl|NW_015386578.1_cds_XP_015669691.1_7442	600	578.844	18.3333	2.94972
lcl|NW_015386578.1_cds_XP_015669692.1_7443	600	578.844	18.3333	2.94972
lcl|NW_015386579.1_cds_XP_029139618.1_7444	729	709.314	7	0.919096
lcl|NW_015386579.1_cds_XP_015669699.1_7445	687	668.665	4	0.557125
lcl|NW_015386580.1_cds_XP_015669709.2_7446	2322	2315.63	19	0.764162
lcl|NW_015386580.1_cds_XP_015669713.1_7447	1014	975.949	0	0
lcl|NW_015386580.1_cds_XP_015669701.1_7448	981	996.592	746.935	69.8018
lcl|NW_015386580.1_cds_XP_015669702.1_7449	975	987.441	264.065	24.9058
lcl|NW_015386580.1_cds_XP_015669714.1_7450	834	795.949	0	0
lcl|NW_015386580.1_cds_XP_015669715.1_7451	999	960.949	0	0
lcl|NW_015386580.1_cds_XP_015669703.1_7452	1302	1247.21	318	23.7459
lcl|NW_015386580.1_cds_XP_015669704.1_7453	1260	1276.43	491	35.8249
lcl|NW_015386580.1_cds_XP_015669705.1_7454	1041	978.884	178	16.9352
lcl|NW_015386580.1_cds_XP_029139620.1_7455	2535	2581.7	842	30.3745
lcl|NW_015386580.1_cds_XP_015669707.1_7456	1353	1323.37	48	3.37802
lcl|NW_015386580.1_cds_XP_015669711.1_7457	1773	1758.62	4	0.21183
lcl|NW_015386580.1_cds_XP_029139621.1_7458	711	673.373	392	54.2166
lcl|NW_015386580.1_cds_XP_015669712.1_7459	1470	1407.48	250.929	16.6039
lcl|NW_015386581.1_cds_XP_015669716.1_7460	783	697.589	30	4.00519
lcl|NW_015386582.1_cds_XP_015669717.1_7461	1107	976.436	38	3.62444
lcl|NW_015386582.1_cds_XP_015669727.1_7462	492	444.975	7	1.46509
lcl|NW_015386582.1_cds_XP_015669729.1_7463	375	343.693	2	0.541952
lcl|NW_015386582.1_cds_XP_015669730.1_7464	1458	1395.44	7	0.467186
lcl|NW_015386582.1_cds_XP_015669718.1_7465	423	385.159	3	0.725408
lcl|NW_015386582.1_cds_XP_015669719.1_7466	423	385.159	3	0.725408
lcl|NW_015386582.1_cds_XP_015669720.1_7467	423	385.159	3	0.725408
lcl|NW_015386582.1_cds_XP_015669721.1_7468	423	385.159	3	0.725408
lcl|NW_015386582.1_cds_XP_029139623.1_7469	4206	4170.91	80	1.78633
lcl|NW_015386582.1_cds_XP_015669722.1_7470	1233	1198.15	69	5.36337
lcl|NW_015386582.1_cds_XP_015669725.1_7471	501	472.609	41	8.07947
lcl|NW_015386582.1_cds_XP_029139624.1_7472	1407	1368.82	3	0.204115
lcl|NW_015386582.1_cds_XP_015669731.1_7473	1317	1261.7	0	0
lcl|NW_015386582.1_cds_XP_015669733.1_7474	1302	1248.13	0	0
lcl|NW_015386582.1_cds_XP_015669732.1_7475	1185	1130.39	2	0.164779
lcl|NW_015386582.1_cds_XP_015669734.2_7476	1080	1066.69	1	0.0873099
lcl|NW_015386582.1_cds_XP_015669735.1_7477	2031	2059.32	51	2.30647
lcl|NW_015386582.1_cds_XP_015669726.1_7478	1185	1146.95	0	0
lcl|NW_015386583.1_cds_XP_015669736.1_7479	870	819.6	137	15.5675
lcl|NW_015386583.1_cds_XP_015669737.1_7480	2034	2011.56	61.5	2.84737
lcl|NW_015386583.1_cds_XP_015669738.1_7481	2034	2011.56	61.5	2.84737
lcl|NW_015386583.1_cds_XP_015669739.1_7482	1191	1077.62	6	0.518548
lcl|NW_015386583.1_cds_XP_029139625.1_7483	4467	4577.05	1	0.0203477
lcl|NW_015386584.1_cds_XP_015669742.1_7484	8124	8280.21	17	0.191209
lcl|NW_015386584.1_cds_XP_015669743.1_7485	936	936.333	303	30.1379
lcl|NW_015386584.1_cds_XP_015669744.1_7486	1539	1583.36	6	0.352917
lcl|NW_015386584.1_cds_XP_015669747.1_7487	747	732.866	948.476	120.532
lcl|NW_015386584.1_cds_XP_015669746.1_7488	786	773.933	7.87755	0.947958
lcl|NW_015386584.1_cds_XP_015669745.1_7489	915	913.58	80.6467	8.22132
lcl|NW_015386584.1_cds_XP_015669761.2_7490	585	554.8	1	0.167867
lcl|NW_015386584.1_cds_XP_015669748.1_7491	2838	2897.84	356	11.4413
lcl|NW_015386584.1_cds_XP_015669749.1_7492	1992	1860.41	302	15.1181
lcl|NW_015386584.1_cds_XP_015669750.1_7493	666	659.731	42	5.92903
lcl|NW_015386584.1_cds_XP_015669752.1_7494	5961	5839.54	747	11.9136
lcl|NW_015386584.1_cds_XP_015669753.1_7495	5961	5839.54	747	11.9136
lcl|NW_015386584.1_cds_XP_015669754.1_7496	738	726.715	860	110.214
lcl|NW_015386584.1_cds_XP_029139628.1_7497	4824	4877.05	10	0.190961
lcl|NW_015386584.1_cds_XP_015669755.1_7498	747	647.544	12	1.72589
lcl|NW_015386584.1_cds_XP_015669757.1_7499	4326	4447.02	86	1.80107
lcl|NW_015386584.1_cds_XP_015669762.1_7500	897	855.951	20	2.17612
lcl|NW_015386584.1_cds_XP_029139626.1_7501	8994	9288.2	21	0.210566
lcl|NW_015386584.1_cds_XP_029139627.1_7502	1845	1822.29	3	0.153322
lcl|NW_015386585.1_cds_XP_015669763.2_7503	2124	2206.17	2	0.0844292
lcl|NW_015386585.1_cds_XP_015669765.1_7504	4515	4495.82	26	0.538599
lcl|NW_015386585.1_cds_XP_015669764.1_7505	456	444.576	2	0.418972
lcl|NW_015386586.1_cds_XP_029139629.1_7506	1725	1626.48	1	0.0572601
lcl|NW_015386586.1_cds_XP_029139630.1_7507	22230	21731.4	106	0.454276
lcl|NW_015386586.1_cds_XP_015669779.2_7508	1110	963.685	109	10.534
lcl|NW_015386586.1_cds_XP_015669780.1_7509	1263	1173.47	6	0.476189
lcl|NW_015386586.1_cds_XP_015669783.1_7510	636	572.844	153	24.8746
lcl|NW_015386586.1_cds_XP_015669784.1_7511	384	342.687	15	4.07657
lcl|NW_015386586.1_cds_XP_015669785.1_7512	966	889.149	24	2.51384
lcl|NW_015386586.1_cds_XP_015669766.1_7513	546	496.946	97.5793	18.2873
lcl|NW_015386586.1_cds_XP_015669786.2_7514	1059	1020.95	0	0
lcl|NW_015386586.1_cds_XP_029139634.1_7515	951	841.37	1	0.110692
lcl|NW_015386586.1_cds_XP_015669769.1_7516	1131	1008.49	5	0.461742
lcl|NW_015386586.1_cds_XP_015669787.1_7517	1287	1144.17	3	0.244192
lcl|NW_015386586.1_cds_XP_029139636.1_7518	2796	2654.81	18	0.631452
lcl|NW_015386586.1_cds_XP_015669772.1_7519	462	423.949	0	0
lcl|NW_015386586.1_cds_XP_015669788.1_7520	588	549.949	0	0
lcl|NW_015386586.1_cds_XP_015669773.1_7521	1599	1560.95	0	0
lcl|NW_015386586.1_cds_XP_015669789.1_7522	366	300.746	7	2.1677
lcl|NW_015386586.1_cds_XP_029139632.1_7523	8115	7718.11	2	0.0241335
lcl|NW_015386586.1_cds_XP_015669790.1_7524	1116	955.793	3	0.29232
lcl|NW_015386586.1_cds_XP_015669775.1_7525	1041	1002.95	0	0
lcl|NW_015386586.1_cds_XP_015669776.2_7526	7803	7441.48	48	0.600736
lcl|NW_015386586.1_cds_XP_029139633.1_7527	2418	2195.68	2	0.0848326
lcl|NW_015386586.1_cds_XP_029139637.1_7528	1644	1605.95	0	0
lcl|NW_015386586.1_cds_XP_015669791.1_7529	519	427.543	11	2.39615
lcl|NW_015386587.1_cds_XP_015669813.1_7530	1404	1412.78	9	0.593291
lcl|NW_015386587.1_cds_XP_015669817.1_7531	699	645.669	3	0.432726
lcl|NW_015386587.1_cds_XP_029139640.1_7532	6624	6650.2	8	0.112036
lcl|NW_015386587.1_cds_XP_015669806.1_7533	945	948.608	13	1.27631
lcl|NW_015386587.1_cds_XP_015669792.1_7534	1218	1142.43	24.8758	2.02791
lcl|NW_015386587.1_cds_XP_015669798.1_7535	1104	1053.8	8.36997	0.73972
lcl|NW_015386587.1_cds_XP_015669799.1_7536	1104	1053.8	8.36997	0.73972
lcl|NW_015386587.1_cds_XP_015669801.1_7537	1008	958.729	4.29818	0.417533
lcl|NW_015386587.1_cds_XP_015669802.1_7538	1008	958.729	4.29818	0.417533
lcl|NW_015386587.1_cds_XP_015669803.1_7539	1008	958.729	4.29818	0.417533
lcl|NW_015386587.1_cds_XP_015669797.1_7540	1104	1078.52	0.00354944	0.000306502
lcl|NW_015386587.1_cds_XP_015669793.1_7541	1116	1090.32	17.1621	1.46594
lcl|NW_015386587.1_cds_XP_015669795.1_7542	1116	1090.32	17.1621	1.46594
lcl|NW_015386587.1_cds_XP_015669796.1_7543	1116	1090.32	17.1621	1.46594
lcl|NW_015386587.1_cds_XP_015669804.1_7544	1008	974.339	15	1.43378
lcl|NW_015386587.1_cds_XP_015669805.1_7545	999	950.066	12	1.17633
lcl|NW_015386587.1_cds_XP_029139641.1_7546	7815	8190.9	34	0.386588
lcl|NW_015386587.1_cds_XP_015669807.1_7547	1212	1244.51	4105	307.198
lcl|NW_015386587.1_cds_XP_015669819.1_7548	948	933.356	6	0.598694
lcl|NW_015386587.1_cds_XP_015669809.1_7549	1206	1189.67	93	7.28047
lcl|NW_015386587.1_cds_XP_015669821.1_7550	1305	1295.8	12	0.862474
lcl|NW_015386587.1_cds_XP_015669810.1_7551	2025	1960.23	3	0.142533
lcl|NW_015386587.1_cds_XP_015669811.1_7552	1461	1363.01	192	13.1191
lcl|NW_015386587.1_cds_XP_015669816.1_7553	846	811.711	17	1.95051
lcl|NW_015386588.1_cds_XP_029139642.1_7554	4329	4423.2	161	3.38993
lcl|NW_015386588.1_cds_XP_029139643.1_7555	3276	3335.36	28	0.781837
lcl|NW_015386588.1_cds_XP_015669825.1_7556	1110	1025.89	167	15.1606
lcl|NW_015386588.1_cds_XP_015669824.1_7557	1860	1866.89	891	44.4489
lcl|NW_015386589.1_cds_XP_029139645.1_7558	606	567.949	0	0
lcl|NW_015386589.1_cds_XP_029139646.1_7559	2112	2073.95	0	0
lcl|NW_015386589.1_cds_XP_029139647.1_7560	3354	3315.95	0	0
lcl|NW_015386589.1_cds_XP_029139648.1_7561	2526	2591.23	3	0.107824
lcl|NW_015386589.1_cds_XP_029139649.1_7562	2004	1965.95	0	0
lcl|NW_015386589.1_cds_XP_015669826.1_7563	789	776.584	136.779	16.4034
lcl|NW_015386589.1_cds_XP_029139644.1_7564	1896	1858.39	44	2.20505
lcl|NW_015386589.1_cds_XP_015669828.1_7565	960	977.287	10	0.952969
lcl|NW_015386589.1_cds_XP_029139650.1_7566	2799	2760.95	0	0
lcl|NW_015386589.1_cds_XP_015669832.2_7567	2208	2169.95	0	0
lcl|NW_015386589.1_cds_XP_029139651.1_7568	2400	2361.95	0	0
lcl|NW_015386589.1_cds_XP_015669834.2_7569	3609	3570.95	0	0
lcl|NW_015386590.1_cds_XP_015669835.1_7570	2373	2379.96	1	0.0391319
lcl|NW_015386590.1_cds_XP_029139652.1_7571	2088	2049.95	0	0
lcl|NW_015386592.1_cds_XP_015669837.1_7572	1950	1911.95	0	0
lcl|NW_015386592.1_cds_XP_015669840.1_7573	825	842.521	413	45.6531
lcl|NW_015386592.1_cds_XP_015669839.1_7574	8106	8516.38	2101.59	22.9823
lcl|NW_015386592.1_cds_XP_015669838.1_7575	8178	8588.99	5310.41	57.5821
lcl|NW_015386593.1_cds_XP_015669847.1_7576	609	562.306	2	0.331252
lcl|NW_015386593.1_cds_XP_015669841.1_7577	1065	1014.88	227	20.8312
lcl|NW_015386593.1_cds_XP_015669842.1_7578	1791	1760.67	12	0.634754
lcl|NW_015386593.1_cds_XP_015669845.1_7579	2001	2018.19	53	2.44577
lcl|NW_015386593.1_cds_XP_015669843.1_7580	2763	2777.85	60.7231	2.03585
lcl|NW_015386593.1_cds_XP_015669844.1_7581	2715	2732.11	52.2769	1.78202
lcl|NW_015386593.1_cds_XP_015669846.1_7582	4086	4147.26	257	5.7713
lcl|NW_015386593.1_cds_XP_029139653.1_7583	7284	7366.4	12	0.151715
lcl|NW_015386593.1_cds_XP_029139654.1_7584	6771	6732.95	0	0
lcl|NW_015386593.1_cds_XP_015669851.1_7585	1095	1087.53	7	0.599458
lcl|NW_015386593.1_cds_XP_015669852.1_7586	7560	7490.43	11	0.136769
lcl|NW_015386594.1_cds_XP_015669854.1_7587	2946	2950.97	8	0.25248
lcl|NW_015386594.1_cds_XP_015669853.1_7588	3144	3248.06	280	8.02851
lcl|NW_015386594.1_cds_XP_015669855.1_7589	3300	3261.95	0	0
lcl|NW_015386594.1_cds_XP_015669857.1_7590	1896	1827.02	4	0.2039
lcl|NW_015386594.1_cds_XP_015669856.1_7591	2058	1989.84	0	0
lcl|NW_015386595.1_cds_XP_015669859.1_7592	3798	3772.08	6.82941	0.168618
lcl|NW_015386595.1_cds_XP_029139655.1_7593	3801	3777.06	2.17059	0.053521
lcl|NW_015386596.1_cds_XP_029139656.1_7594	972	933.949	0	0
lcl|NW_015386596.1_cds_XP_029139657.1_7595	1059	1020.95	0	0
lcl|NW_015386596.1_cds_XP_029139682.1_7596	936	897.949	0	0
lcl|NW_015386596.1_cds_XP_029139659.1_7597	924	885.949	0	0
lcl|NW_015386596.1_cds_XP_029139660.1_7598	966	927.949	0	0
lcl|NW_015386596.1_cds_XP_029139661.1_7599	921	882.949	0	0
lcl|NW_015386596.1_cds_XP_029139662.1_7600	933	894.949	0	0
lcl|NW_015386596.1_cds_XP_029139663.1_7601	924	885.949	0	0
lcl|NW_015386596.1_cds_XP_029139664.1_7602	639	600.949	0	0
lcl|NW_015386596.1_cds_XP_029139665.1_7603	933	894.949	0	0
lcl|NW_015386596.1_cds_XP_029139683.1_7604	921	882.949	0	0
lcl|NW_015386596.1_cds_XP_029139666.1_7605	933	963.995	1	0.096611
lcl|NW_015386596.1_cds_XP_029139667.1_7606	933	894.949	0	0
lcl|NW_015386596.1_cds_XP_029139668.1_7607	933	894.949	0	0
lcl|NW_015386596.1_cds_XP_029139669.1_7608	930	891.949	0	0
lcl|NW_015386596.1_cds_XP_029139670.1_7609	933	894.949	0	0
lcl|NW_015386596.1_cds_XP_029139684.1_7610	912	873.949	0	0
lcl|NW_015386596.1_cds_XP_015669861.1_7611	966	927.949	0	0
lcl|NW_015386596.1_cds_XP_029139671.1_7612	924	885.949	0	0
lcl|NW_015386596.1_cds_XP_029139672.1_7613	948	909.949	0	0
lcl|NW_015386596.1_cds_XP_015669863.1_7614	915	876.949	0	0
lcl|NW_015386596.1_cds_XP_029139673.1_7615	963	924.949	0	0
lcl|NW_015386596.1_cds_XP_015669864.1_7616	915	933.692	2	0.199493
lcl|NW_015386596.1_cds_XP_015669865.1_7617	960	921.949	0	0
lcl|NW_015386596.1_cds_XP_015669866.1_7618	960	921.949	0	0
lcl|NW_015386596.1_cds_XP_015669867.1_7619	930	891.949	0	0
lcl|NW_015386596.1_cds_XP_015669868.1_7620	960	921.949	0	0
lcl|NW_015386596.1_cds_XP_015669870.1_7621	930	891.949	0	0
lcl|NW_015386596.1_cds_XP_015669887.1_7622	960	979.688	7	0.665444
lcl|NW_015386596.1_cds_XP_015669871.1_7623	942	903.949	0	0
lcl|NW_015386596.1_cds_XP_015669872.1_7624	939	900.949	0	0
lcl|NW_015386596.1_cds_XP_015669873.1_7625	942	903.949	0	0
lcl|NW_015386596.1_cds_XP_015669874.1_7626	921	882.949	0	0
lcl|NW_015386596.1_cds_XP_015669875.1_7627	936	897.949	0	0
lcl|NW_015386596.1_cds_XP_015669876.1_7628	930	891.949	0	0
lcl|NW_015386596.1_cds_XP_029139674.1_7629	924	885.949	0	0
lcl|NW_015386596.1_cds_XP_029139675.1_7630	912	873.949	0	0
lcl|NW_015386596.1_cds_XP_015669877.1_7631	948	909.949	0	0
lcl|NW_015386596.1_cds_XP_029139676.1_7632	933	894.949	0	0
lcl|NW_015386596.1_cds_XP_029139677.1_7633	924	885.949	0	0
lcl|NW_015386596.1_cds_XP_029139678.1_7634	951	912.949	0	0
lcl|NW_015386596.1_cds_XP_015669883.2_7635	807	768.949	0	0
lcl|NW_015386596.1_cds_XP_015669884.2_7636	921	882.949	0	0
lcl|NW_015386596.1_cds_XP_029139679.1_7637	1023	984.949	0	0
lcl|NW_015386596.1_cds_XP_029139680.1_7638	1176	1137.95	0	0
lcl|NW_015386596.1_cds_XP_015669885.1_7639	915	876.949	0	0
lcl|NW_015386596.1_cds_XP_029139681.1_7640	942	903.949	0	0
lcl|NW_015386596.1_cds_XP_015669886.1_7641	915	876.949	0	0
lcl|NW_015386597.1_cds_XP_015669898.1_7642	2160	2275.72	183	7.48916
lcl|NW_015386597.1_cds_XP_015669899.1_7643	681	667.188	1	0.13959
lcl|NW_015386597.1_cds_XP_015669900.1_7644	792	761.246	9	1.10108
lcl|NW_015386597.1_cds_XP_015669901.1_7645	975	953.464	39	3.80944
lcl|NW_015386597.1_cds_XP_015669888.1_7646	2463	2421.46	95	3.65382
lcl|NW_015386597.1_cds_XP_015669902.1_7647	483	444.949	0	0
lcl|NW_015386597.1_cds_XP_015669903.1_7648	651	627.793	202	29.9665
lcl|NW_015386597.1_cds_XP_015669889.1_7649	3462	3488.78	80	2.13559
lcl|NW_015386597.1_cds_XP_015669890.1_7650	3390	3424.23	36	0.979132
lcl|NW_015386597.1_cds_XP_015669893.1_7651	462	425.726	825	180.478
lcl|NW_015386597.1_cds_XP_015669905.2_7652	1194	1165.75	1	0.0798905
lcl|NW_015386597.1_cds_XP_015669894.1_7653	315	268.308	50	17.3555
lcl|NW_015386597.1_cds_XP_015669895.1_7654	315	268.308	50	17.3555
lcl|NW_015386597.1_cds_XP_015669896.1_7655	1089	1037.4	14	1.25685
lcl|NW_015386597.1_cds_XP_015669897.1_7656	1071	1012.99	15	1.37908
lcl|NW_015386598.1_cds_XP_015669906.1_7657	2256	2254.68	1	0.0413064
lcl|NW_015386598.1_cds_XP_015669907.1_7658	1098	1098.04	12695	1076.75
lcl|NW_015386598.1_cds_XP_015669908.1_7659	1488	1484.12	61	3.82792
lcl|NW_015386598.1_cds_XP_015669909.1_7660	261	202.782	6.5	2.98529
lcl|NW_015386598.1_cds_XP_015669910.1_7661	261	202.782	6.5	2.98529
lcl|NW_015386598.1_cds_XP_015669914.1_7662	1785	1816.54	28	1.43554
lcl|NW_015386598.1_cds_XP_029139686.1_7663	2850	2871.84	3.92521e-08	1.27293e-09
lcl|NW_015386598.1_cds_XP_029139685.1_7664	2940	2979.55	18	0.562629
lcl|NW_015386598.1_cds_XP_015669912.1_7665	2997	3006.94	0	0
lcl|NW_015386598.1_cds_XP_015669911.1_7666	3087	3114.14	0	0
lcl|NW_015386599.1_cds_XP_015669924.1_7667	342	324.055	13.871	3.98649
lcl|NW_015386599.1_cds_XP_015669932.1_7668	702	643.619	6.99921	1.01279
lcl|NW_015386599.1_cds_XP_015669925.1_7669	1101	1127.67	17.5987	1.45344
lcl|NW_015386599.1_cds_XP_015669926.1_7670	459	345.103	0	0
lcl|NW_015386599.1_cds_XP_015669915.1_7671	651	476.298	3	0.586603
lcl|NW_015386599.1_cds_XP_015669928.1_7672	426	311.106	42.9755	12.8651
lcl|NW_015386599.1_cds_XP_015669917.1_7673	1929	1930.74	212	10.2262
lcl|NW_015386599.1_cds_XP_029139687.1_7674	801	762.949	0	0
lcl|NW_015386599.1_cds_XP_015669933.1_7675	294	265.117	11	3.86417
lcl|NW_015386599.1_cds_XP_015669918.1_7676	318	257.616	3504	1266.76
lcl|NW_015386599.1_cds_XP_015669934.1_7677	813	795.169	4	0.468492
lcl|NW_015386599.1_cds_XP_015669919.1_7678	603	602.415	143	22.1076
lcl|NW_015386599.1_cds_XP_015669920.1_7679	603	602.415	143	22.1076
lcl|NW_015386599.1_cds_XP_015669935.1_7680	258	219.949	0	0
lcl|NW_015386599.1_cds_XP_015669929.1_7681	3258	3223.42	1	0.0288925
lcl|NW_015386599.1_cds_XP_015669922.1_7682	444	408.821	67	15.2631
lcl|NW_015386599.1_cds_XP_015669921.1_7683	648	611.449	115	17.5162
lcl|NW_015386599.1_cds_XP_015669923.1_7684	2262	2243.91	106	4.39949
lcl|NW_015386599.1_cds_XP_029139690.1_7685	1056	1017.95	0	0
lcl|NW_015386599.1_cds_XP_015669936.1_7686	1878	1873.94	12	0.596385
lcl|NW_015386599.1_cds_XP_015669931.1_7687	1338	1332.62	84	5.87048
lcl|NW_015386600.1_cds_XP_015669937.1_7688	2172	2206.6	67.6694	2.85607
lcl|NW_015386600.1_cds_XP_015669939.1_7689	2172	2206.6	67.6694	2.85607
lcl|NW_015386600.1_cds_XP_015669940.1_7690	2172	2206.6	67.6694	2.85607
lcl|NW_015386600.1_cds_XP_015669941.1_7691	2172	2206.6	67.6694	2.85607
lcl|NW_015386600.1_cds_XP_015669942.1_7692	1284	1293.56	26.6722	1.92031
lcl|NW_015386600.1_cds_XP_015669943.1_7693	1365	1381.86	15.6503	1.05477
lcl|NW_015386601.1_cds_XP_015669949.1_7694	1665	1695.48	3	0.16479
lcl|NW_015386601.1_cds_XP_015669944.1_7695	6441	6532.14	49	0.698622
lcl|NW_015386601.1_cds_XP_015669945.1_7696	1248	1206.34	2761	213.156
lcl|NW_015386601.1_cds_XP_029139691.1_7697	2355	2267.26	20	0.821542
lcl|NW_015386601.1_cds_XP_015669948.1_7698	2265	2254.22	24	0.991552
lcl|NW_015386601.1_cds_XP_015669951.1_7699	1722	1663.5	2	0.111972
lcl|NW_015386601.1_cds_XP_015669950.1_7700	756	771.518	60	7.2428
lcl|NW_015386602.1_cds_XP_015669959.1_7701	6096	6136.86	3	0.0455278
lcl|NW_015386602.1_cds_XP_029139692.1_7702	1002	1011.94	8	0.736272
lcl|NW_015386602.1_cds_XP_015669953.1_7703	600	569.854	84	13.7283
lcl|NW_015386602.1_cds_XP_015669954.1_7704	645	605.952	209	32.1225
lcl|NW_015386602.1_cds_XP_015669955.1_7705	2760	2837.33	11	0.361064
lcl|NW_015386602.1_cds_XP_015669956.1_7706	471	450.741	0	0
lcl|NW_015386602.1_cds_XP_015669957.1_7707	471	451.686	181	37.3201
lcl|NW_015386602.1_cds_XP_015669960.1_7708	1305	1319.76	16	1.12908
lcl|NW_015386602.1_cds_XP_029139693.1_7709	8424	8738.36	1	0.0106579
lcl|NW_015386602.1_cds_XP_015669961.1_7710	1038	999.949	0	0
lcl|NW_015386603.1_cds_XP_015669963.2_7711	2763	2754.01	7.26181	0.245573
lcl|NW_015386603.1_cds_XP_015669964.2_7712	2760	2749.12	34.7382	1.17683
lcl|NW_015386603.1_cds_XP_029139694.1_7713	960	926.366	12.6182	1.26858
lcl|NW_015386603.1_cds_XP_015669967.1_7714	801	755.85	25.7596	3.17398
lcl|NW_015386603.1_cds_XP_015669968.1_7715	687	642.653	9.62222	1.39444
lcl|NW_015386603.1_cds_XP_015669972.1_7716	1806	1796.91	176	9.12193
lcl|NW_015386603.1_cds_XP_015669969.1_7717	1776	1735.99	7.67715e-08	4.11864e-09
lcl|NW_015386603.1_cds_XP_015669970.1_7718	1734	1698.43	36.1291	1.98112
lcl|NW_015386603.1_cds_XP_015669971.1_7719	1689	1655	50.8709	2.86269
lcl|NW_015386604.1_cds_XP_029139697.1_7720	2199	2126.84	15.769	0.690511
lcl|NW_015386604.1_cds_XP_029139695.1_7721	2433	2373.22	30.2581	1.18743
lcl|NW_015386604.1_cds_XP_015669973.2_7722	3009	2947.94	117.973	3.72704
lcl|NW_015386604.1_cds_XP_029139696.1_7723	2412	2339.41	0.000247646	9.85888e-06
lcl|NW_015386604.1_cds_XP_015669976.1_7724	429	396.218	36.8188	8.6544
lcl|NW_015386604.1_cds_XP_015669974.1_7725	462	419.754	7.07031	1.56872
lcl|NW_015386604.1_cds_XP_015669975.1_7726	462	419.754	7.07031	1.56872
lcl|NW_015386604.1_cds_XP_015669977.1_7727	423	380.264	70.5203	17.2715
lcl|NW_015386604.1_cds_XP_015669978.1_7728	423	380.264	70.5203	17.2715
lcl|NW_015386604.1_cds_XP_015669980.1_7729	606	599.211	49	7.61584
lcl|NW_015386604.1_cds_XP_029139698.1_7730	8193	8553.75	45	0.489956
lcl|NW_015386605.1_cds_XP_029139699.1_7731	2307	2268.95	0	0
lcl|NW_015386605.1_cds_XP_029139700.1_7732	4959	4969.18	3.00702	0.0563576
lcl|NW_015386605.1_cds_XP_029139701.1_7733	603	526.769	1	0.176799
lcl|NW_015386605.1_cds_XP_029139702.1_7734	978	939.949	0	0
lcl|NW_015386605.1_cds_XP_029139703.1_7735	978	939.949	0	0
lcl|NW_015386605.1_cds_XP_029139704.1_7736	1755	1716.95	0	0
lcl|NW_015386605.1_cds_XP_029139705.1_7737	573	534.949	0	0
lcl|NW_015386605.1_cds_XP_029139706.1_7738	996	957.949	0	0
lcl|NW_015386605.1_cds_XP_029139707.1_7739	2556	2553.9	2.23043	0.0813367
lcl|NW_015386605.1_cds_XP_029139708.1_7740	909	906.386	1	0.102751
lcl|NW_015386605.1_cds_XP_029139709.1_7741	1659	1620.95	0	0
lcl|NW_015386605.1_cds_XP_029139710.1_7742	972	933.949	0	0
lcl|NW_015386605.1_cds_XP_029139711.1_7743	513	476.136	0	0
lcl|NW_015386606.1_cds_XP_029139713.1_7744	1602	1571.54	2	0.118524
lcl|NW_015386606.1_cds_XP_015670009.1_7745	243	205.788	81.5	36.884
lcl|NW_015386606.1_cds_XP_015670010.1_7746	243	205.788	81.5	36.884
lcl|NW_015386606.1_cds_XP_015670005.1_7747	3885	3866.43	24	0.578099
lcl|NW_015386606.1_cds_XP_015669994.1_7748	1254	1217.8	39	2.98255
lcl|NW_015386606.1_cds_XP_015669996.1_7749	1398	1357.84	133	9.1223
lcl|NW_015386606.1_cds_XP_029139712.1_7750	3318	3375.24	79	2.17984
lcl|NW_015386606.1_cds_XP_015669998.1_7751	1800	1782.55	2683	140.178
lcl|NW_015386606.1_cds_XP_015670003.1_7752	558	519.485	18.6	3.33458
lcl|NW_015386606.1_cds_XP_015669999.1_7753	558	519.485	18.6	3.33458
lcl|NW_015386606.1_cds_XP_015670000.1_7754	558	519.485	18.6	3.33458
lcl|NW_015386606.1_cds_XP_015670001.1_7755	558	519.485	18.6	3.33458
lcl|NW_015386606.1_cds_XP_015670002.1_7756	558	519.485	18.6	3.33458
lcl|NW_015386606.1_cds_XP_015670006.1_7757	2295	2280.15	8	0.326759
lcl|NW_015386606.1_cds_XP_015670007.1_7758	5257	5356.38	1	0.0173872
lcl|NW_015386607.1_cds_XP_015670014.1_7759	519	469.507	1.19544	0.23713
lcl|NW_015386607.1_cds_XP_015670011.1_7760	231	180.81	18	9.27153
lcl|NW_015386607.1_cds_XP_015670012.2_7761	963	925.298	19	1.91238
lcl|NW_015386608.1_cds_XP_015670015.1_7762	1257	1210.75	398.675	30.6667
lcl|NW_015386608.1_cds_XP_015670016.1_7763	1257	1211.62	393.325	30.2335
lcl|NW_015386608.1_cds_XP_015670017.1_7764	927	869.31	153	16.3915
lcl|NW_015386608.1_cds_XP_015670018.1_7765	531	504.632	3.5	0.645943
lcl|NW_015386608.1_cds_XP_015670019.1_7766	531	504.632	3.5	0.645943
lcl|NW_015386608.1_cds_XP_015670021.1_7767	267	224.41	51	21.1656
lcl|NW_015386608.1_cds_XP_015670022.1_7768	1419	1430.18	250	16.2798
lcl|NW_015386608.1_cds_XP_015670039.1_7769	1020	1006.2	6	0.555352
lcl|NW_015386608.1_cds_XP_029139714.1_7770	6561	6587.86	9	0.127233
lcl|NW_015386608.1_cds_XP_015670033.1_7771	1458	1411.13	24	1.58396
lcl|NW_015386608.1_cds_XP_015670023.1_7772	945	942.765	8.13984e-06	8.04107e-07
lcl|NW_015386608.1_cds_XP_015670024.1_7773	864	858.772	190.108	20.6169
lcl|NW_015386608.1_cds_XP_015670025.1_7774	864	858.772	190.108	20.6169
lcl|NW_015386608.1_cds_XP_015670026.1_7775	825	802.271	480.784	55.8124
lcl|NW_015386608.1_cds_XP_015670027.1_7776	657	629.516	48.9639	7.24387
lcl|NW_015386608.1_cds_XP_015670028.1_7777	549	526.662	63.0181	11.1438
lcl|NW_015386608.1_cds_XP_015670029.1_7778	549	526.662	63.0181	11.1438
lcl|NW_015386608.1_cds_XP_015670040.1_7779	1128	1089.95	0	0
lcl|NW_015386608.1_cds_XP_029139716.1_7780	2511	2511.78	6	0.22247
lcl|NW_015386608.1_cds_XP_015670031.1_7781	1050	1013.03	405.324	37.2634
lcl|NW_015386608.1_cds_XP_015670030.1_7782	1272	1240.81	876.676	65.8016
lcl|NW_015386608.1_cds_XP_015670035.1_7783	651	591.649	2	0.314823
lcl|NW_015386608.1_cds_XP_029139715.1_7784	4458	4419.95	0	0
lcl|NW_015386608.1_cds_XP_015670037.1_7785	399	360.949	0	0
lcl|NW_015386608.1_cds_XP_015670038.1_7786	2647	2607.27	4.4725	0.159759
lcl|NW_015386609.1_cds_XP_015670058.1_7787	321	291.933	27	8.61354
lcl|NW_015386609.1_cds_XP_015670059.1_7788	798	725.633	1	0.128347
lcl|NW_015386609.1_cds_XP_015670041.1_7789	1644	1559.43	2037	121.654
lcl|NW_015386609.1_cds_XP_029139720.1_7790	1449	1394.74	75	5.00804
lcl|NW_015386609.1_cds_XP_029139721.1_7791	1323	1236.81	55	4.14153
lcl|NW_015386609.1_cds_XP_029139723.1_7792	1557	1532.31	3	0.182338
lcl|NW_015386609.1_cds_XP_015670043.1_7793	1050	1021.44	188	17.1414
lcl|NW_015386609.1_cds_XP_029139717.1_7794	3168	3112.16	37	1.10724
lcl|NW_015386609.1_cds_XP_015670044.1_7795	1413	1353.95	49	3.37051
lcl|NW_015386609.1_cds_XP_029139718.1_7796	585	539.331	1	0.172682
lcl|NW_015386609.1_cds_XP_015670055.1_7797	1386	1347.95	0	0
lcl|NW_015386609.1_cds_XP_015670045.1_7798	597	566.815	387	63.5873
lcl|NW_015386609.1_cds_XP_015670046.1_7799	597	566.815	387	63.5873
lcl|NW_015386609.1_cds_XP_029139719.1_7800	1641	1575.06	16	0.946075
lcl|NW_015386609.1_cds_XP_015670056.1_7801	1092	1017.43	10	0.915369
lcl|NW_015386609.1_cds_XP_015670061.1_7802	765	681.567	264	36.0742
lcl|NW_015386609.1_cds_XP_015670048.1_7803	498	448.491	8409.9	1746.38
lcl|NW_015386609.1_cds_XP_015670049.1_7804	2868	2818.83	0.00595927	0.00019689
lcl|NW_015386609.1_cds_XP_029139722.1_7805	2871	2822.36	247.931	8.18125
lcl|NW_015386610.1_cds_XP_029139724.1_7806	6315	6276.95	0	0
lcl|NW_015386610.1_cds_XP_015670065.1_7807	1422	1425.77	9	0.587886
lcl|NW_015386610.1_cds_XP_015670063.1_7808	1515	1519.17	0	0
lcl|NW_015386610.1_cds_XP_015670062.1_7809	1692	1684.98	0	0
lcl|NW_015386611.1_cds_XP_015670067.1_7810	2490	2592.9	42	1.50857
lcl|NW_015386611.1_cds_XP_015670082.1_7811	948	916.216	7	0.711543
lcl|NW_015386611.1_cds_XP_015670083.2_7812	3273	3234.95	0	0
lcl|NW_015386611.1_cds_XP_015670084.1_7813	1926	1952.81	7	0.333842
lcl|NW_015386611.1_cds_XP_015670068.1_7814	1239	1238.95	384.697	28.9179
lcl|NW_015386611.1_cds_XP_015670069.1_7815	975	955.012	61.3034	5.9783
lcl|NW_015386611.1_cds_XP_015670085.1_7816	552	511.04	53	9.65878
lcl|NW_015386611.1_cds_XP_015670072.1_7817	1830	1817.59	54.1588	2.77508
lcl|NW_015386611.1_cds_XP_015670076.1_7818	1767	1756	37.1208	1.96876
lcl|NW_015386611.1_cds_XP_015670075.1_7819	1803	1785.81	2.37485e-08	1.23852e-09
lcl|NW_015386611.1_cds_XP_029139725.1_7820	1803	1797.33	63.6775	3.29958
lcl|NW_015386611.1_cds_XP_015670078.1_7821	1752	1729.14	58.3956	3.14522
lcl|NW_015386611.1_cds_XP_015670077.1_7822	1752	1740.62	84.3784	4.51468
lcl|NW_015386611.1_cds_XP_015670081.1_7823	1380	1362.57	4.26894	0.291784
lcl|NW_015386611.1_cds_XP_015670080.1_7824	1431	1407.23	9.02131e-08	5.97042e-09
lcl|NW_015386612.1_cds_XP_015670094.1_7825	1542	1503.95	0	0
lcl|NW_015386612.1_cds_XP_029139726.1_7826	2181	2215.28	2	0.0840821
lcl|NW_015386612.1_cds_XP_015670095.1_7827	1152	1161.75	1	0.0801655
lcl|NW_015386612.1_cds_XP_029139728.1_7828	318	279.949	0	0
lcl|NW_015386612.1_cds_XP_015670088.1_7829	315	274.286	158	53.6481
lcl|NW_015386612.1_cds_XP_029139727.1_7830	1608	1636.13	13	0.739989
lcl|NW_015386612.1_cds_XP_015670096.1_7831	2847	2628.8	24	0.850265
lcl|NW_015386612.1_cds_XP_015670097.1_7832	1800	1761.95	0	0
lcl|NW_015386612.1_cds_XP_015670099.1_7833	2178	2139.95	0	0
lcl|NW_015386612.1_cds_XP_015670089.1_7834	2487	2475.11	57	2.14477
lcl|NW_015386612.1_cds_XP_015670091.1_7835	1584	1599.46	467.864	27.2426
lcl|NW_015386612.1_cds_XP_015670090.1_7836	1581	1595.57	5.13553	0.299758
lcl|NW_015386612.1_cds_XP_015670100.1_7837	1626	1628.75	10	0.571805
lcl|NW_015386613.1_cds_XP_015670106.1_7838	1305	1164.51	11	0.879736
lcl|NW_015386613.1_cds_XP_015670107.1_7839	384	338.428	36	9.9069
lcl|NW_015386613.1_cds_XP_015670108.1_7840	363	318.96	0	0
lcl|NW_015386613.1_cds_XP_015670101.2_7841	7623	7584.95	0	0
lcl|NW_015386613.1_cds_XP_029139729.1_7842	7722	7718.8	1	0.0120657
lcl|NW_015386613.1_cds_XP_029139730.1_7843	7686	7597.22	1	0.0122588
lcl|NW_015386613.1_cds_XP_015670102.1_7844	1401	1285.9	70	5.06981
lcl|NW_015386613.1_cds_XP_029139731.1_7845	2061	1874.77	21	1.04321
lcl|NW_015386613.1_cds_XP_015670104.1_7846	1389	1287.74	14	1.01252
lcl|NW_015386613.1_cds_XP_015670110.1_7847	1011	952.904	2	0.195471
lcl|NW_015386613.1_cds_XP_015670105.1_7848	4461	4279.86	13	0.282888
lcl|NW_015386614.1_cds_XP_015670111.1_7849	2919	3092.68	592	17.8274
lcl|NW_015386614.1_cds_XP_015670126.1_7850	738	667.879	4	0.557781
lcl|NW_015386614.1_cds_XP_029139732.1_7851	738	667.879	4	0.557781
lcl|NW_015386614.1_cds_XP_029139733.1_7852	738	667.879	4	0.557781
lcl|NW_015386614.1_cds_XP_015670123.2_7853	1248	1209.95	0	0
lcl|NW_015386614.1_cds_XP_015670128.1_7854	1341	1302.95	0	0
lcl|NW_015386614.1_cds_XP_015670124.1_7855	2517	2509.3	1	0.0371149
lcl|NW_015386614.1_cds_XP_015670112.1_7856	795	756.949	0	0
lcl|NW_015386614.1_cds_XP_015670129.1_7857	690	655.948	27	3.8335
lcl|NW_015386614.1_cds_XP_015670113.1_7858	1467	1443.12	449	28.9764
lcl|NW_015386614.1_cds_XP_015670115.1_7859	2352	2329.53	84.391	3.37387
lcl|NW_015386614.1_cds_XP_015670114.1_7860	1767	1777.45	27.609	1.44662
lcl|NW_015386614.1_cds_XP_015670116.1_7861	1062	1010.95	48.5	4.46802
lcl|NW_015386614.1_cds_XP_015670117.1_7862	1062	1010.95	48.5	4.46802
lcl|NW_015386614.1_cds_XP_015670118.1_7863	1062	1010.95	48.5	4.46802
lcl|NW_015386614.1_cds_XP_015670119.1_7864	1062	1010.95	48.5	4.46802
lcl|NW_015386614.1_cds_XP_015670120.1_7865	1077	1093.42	43	3.66254
lcl|NW_015386614.1_cds_XP_015670122.1_7866	918	879.949	0	0
lcl|NW_015386614.1_cds_XP_015670125.1_7867	4842	4769.37	65.631	1.28159
lcl|NW_015386615.1_cds_XP_015670141.1_7868	1054	907.064	28	2.87489
lcl|NW_015386615.1_cds_XP_015670130.1_7869	3114	3075.95	0	0
lcl|NW_015386615.1_cds_XP_029139734.1_7870	3015	2976.95	0	0
lcl|NW_015386615.1_cds_XP_015670133.1_7871	1143	1159.17	1	0.080344
lcl|NW_015386615.1_cds_XP_015670131.1_7872	1191	1217.85	0	0
lcl|NW_015386615.1_cds_XP_015670135.1_7873	858	819.949	0	0
lcl|NW_015386615.1_cds_XP_015670134.1_7874	885	846.949	0	0
lcl|NW_015386615.1_cds_XP_015670143.1_7875	1248	1176.14	3230	255.767
lcl|NW_015386615.1_cds_XP_015670136.1_7876	489	441.048	19	4.01207
lcl|NW_015386615.1_cds_XP_029139736.1_7877	1656	1549.53	2	0.120208
lcl|NW_015386615.1_cds_XP_015670138.1_7878	1122	1050.63	7	0.62051
lcl|NW_015386615.1_cds_XP_015670139.1_7879	771	702.909	241	31.9315
lcl|NW_015386615.1_cds_XP_015670140.1_7880	741	710.678	121	15.8567
lcl|NW_015386615.1_cds_XP_015670144.1_7881	6633	6612.02	45	0.63384
lcl|NW_015386616.1_cds_XP_015670146.1_7882	1233	1194.95	0	0
lcl|NW_015386616.1_cds_XP_015670145.1_7883	978	959.024	1	0.0971117
lcl|NW_015386617.1_cds_XP_015670152.1_7884	1536	1539.48	70	4.23472
lcl|NW_015386617.1_cds_XP_015670148.1_7885	1653	1667.04	13	0.72627
lcl|NW_015386617.1_cds_XP_015670149.1_7886	792	719.576	193.5	25.0441
lcl|NW_015386617.1_cds_XP_015670151.1_7887	792	719.576	193.5	25.0441
lcl|NW_015386617.1_cds_XP_015670154.1_7888	1260	1251.88	5	0.371969
lcl|NW_015386617.1_cds_XP_029139737.1_7889	3474	3512.14	13	0.344725
lcl|NW_015386618.1_cds_XP_015670155.1_7890	3660	3593.26	55	1.42553
lcl|NW_015386619.1_cds_XP_015670156.1_7891	1125	1076.9	603.015	52.15
lcl|NW_015386619.1_cds_XP_015670157.1_7892	951	890.466	11.9845	1.25345
lcl|NW_015386619.1_cds_XP_029139739.1_7893	1953	1861.69	43	2.15111
lcl|NW_015386619.1_cds_XP_029139738.1_7894	5139	5196.19	117.291	2.10223
lcl|NW_015386619.1_cds_XP_015670160.1_7895	2046	2027.6	315	14.4687
lcl|NW_015386619.1_cds_XP_015670169.1_7896	672	633.949	0	0
lcl|NW_015386619.1_cds_XP_015670161.1_7897	1086	1019.63	64	5.84571
lcl|NW_015386619.1_cds_XP_015670162.1_7898	1086	1065.38	13.0086	1.13717
lcl|NW_015386619.1_cds_XP_015670166.1_7899	5427	5531.34	504	8.48597
lcl|NW_015386619.1_cds_XP_015670164.1_7900	2061	1995.41	145	6.76763
lcl|NW_015386619.1_cds_XP_015670165.1_7901	2727	2688.95	0	0
lcl|NW_015386620.1_cds_XP_015670170.1_7902	2406	2449	102	3.87894
lcl|NW_015386620.1_cds_XP_015670171.1_7903	1038	1050.73	134	11.8772
lcl|NW_015386620.1_cds_XP_015670172.1_7904	993	1003.57	2.20274e-05	2.04418e-06
lcl|NW_015386620.1_cds_XP_015670173.1_7905	1341	1367.46	685	46.6529
lcl|NW_015386620.1_cds_XP_015670175.1_7906	1038	976.041	437.05	41.7027
lcl|NW_015386620.1_cds_XP_015670176.1_7907	987	926.155	88.9504	8.9447
lcl|NW_015386620.1_cds_XP_015670189.1_7908	3105	3120.67	53	1.58172
lcl|NW_015386620.1_cds_XP_029139743.1_7909	531	522.856	4	0.71249
lcl|NW_015386620.1_cds_XP_015670191.1_7910	741	702.949	0	0
lcl|NW_015386620.1_cds_XP_015670177.1_7911	948	846.843	36	3.95914
lcl|NW_015386620.1_cds_XP_015670178.1_7912	1503	1557.09	500	29.906
lcl|NW_015386620.1_cds_XP_015670190.1_7913	666	533.064	34	5.9402
lcl|NW_015386620.1_cds_XP_015670179.1_7914	915	899.181	212	21.9579
lcl|NW_015386620.1_cds_XP_029139740.1_7915	5706	5794.83	125	2.00896
lcl|NW_015386620.1_cds_XP_015670192.1_7916	1203	1109.96	2	0.167813
lcl|NW_015386620.1_cds_XP_015670181.1_7917	747	697.226	236	31.5239
lcl|NW_015386620.1_cds_XP_015670182.1_7918	2457	2480.42	81	3.04132
lcl|NW_015386620.1_cds_XP_015670185.1_7919	1062	928.583	0.000211782	2.12407e-05
lcl|NW_015386620.1_cds_XP_015670183.1_7920	1131	1001.57	65.5435	6.09463
lcl|NW_015386620.1_cds_XP_029139741.1_7921	1131	1000.74	136.678	12.7198
lcl|NW_015386620.1_cds_XP_029139742.1_7922	1113	982.149	11.7783	1.11688
lcl|NW_015386620.1_cds_XP_015670187.1_7923	912	883.917	47	4.95208
lcl|NW_015386620.1_cds_XP_015670188.1_7924	762	724.172	0	0
lcl|NW_015386621.1_cds_XP_015670211.1_7925	1164	1154.67	18	1.45183
lcl|NW_015386621.1_cds_XP_029139750.1_7926	3627	3480.23	55	1.47182
lcl|NW_015386621.1_cds_XP_015670194.1_7927	807	768.098	49	5.94129
lcl|NW_015386621.1_cds_XP_029139744.1_7928	1281	1287.46	12.1308	0.877521
lcl|NW_015386621.1_cds_XP_015670195.1_7929	1233	1244.88	9.19518	0.687915
lcl|NW_015386621.1_cds_XP_029139747.1_7930	1131	1136.39	0.00246775	0.000202244
lcl|NW_015386621.1_cds_XP_029139745.1_7931	1167	1168.48	16.431	1.30962
lcl|NW_015386621.1_cds_XP_029139746.1_7932	1119	1125.89	12.2405	1.01252
lcl|NW_015386621.1_cds_XP_015670196.1_7933	1812	1802.23	177	9.14671
lcl|NW_015386621.1_cds_XP_015670198.1_7934	549	498.972	1342	250.483
lcl|NW_015386621.1_cds_XP_015670199.1_7935	777	769.095	105	12.7148
lcl|NW_015386621.1_cds_XP_015670200.1_7936	777	726.575	4	0.512721
lcl|NW_015386621.1_cds_XP_015670202.1_7937	1332	1293.95	0	0
lcl|NW_015386621.1_cds_XP_015670201.1_7938	1458	1419.95	0	0
lcl|NW_015386621.1_cds_XP_029139748.1_7939	1281	1242.95	0	0
lcl|NW_015386621.1_cds_XP_015670206.1_7940	2760	2664.76	68	2.37658
lcl|NW_015386621.1_cds_XP_029139751.1_7941	1425	1386.95	0	0
lcl|NW_015386621.1_cds_XP_029139749.1_7942	1425	1354.45	4	0.275042
lcl|NW_015386621.1_cds_XP_015670203.1_7943	1416	1377.95	0	0
lcl|NW_015386621.1_cds_XP_015670210.1_7944	1530	1519.17	1	0.0613051
lcl|NW_015386621.1_cds_XP_015670204.1_7945	705	653.982	91	12.9592
lcl|NW_015386621.1_cds_XP_015670205.1_7946	12915	12871.2	540.855	3.91347
lcl|NW_015386623.1_cds_XP_029139756.1_7947	3963	3954.88	10	0.235487
lcl|NW_015386623.1_cds_XP_029139754.1_7948	5178	5237.45	76	1.35143
lcl|NW_015386623.1_cds_XP_029139753.1_7949	708	668.194	72	10.0353
lcl|NW_015386623.1_cds_XP_015670215.1_7950	2103	2159.31	110.415	4.76226
lcl|NW_015386623.1_cds_XP_015670214.1_7951	2262	2334.04	110.112	4.39367
lcl|NW_015386623.1_cds_XP_015670212.1_7952	2265	2339.48	16.2366	0.646363
lcl|NW_015386623.1_cds_XP_015670213.1_7953	2265	2339.48	16.2366	0.646363
lcl|NW_015386623.1_cds_XP_029139755.1_7954	6717	6733.27	305	4.21867
lcl|NW_015386623.1_cds_XP_015670217.1_7955	1449	1404.26	173	11.4736
lcl|NW_015386623.1_cds_XP_015670222.1_7956	5118	5122.48	69	1.2545
lcl|NW_015386624.1_cds_XP_015670230.1_7957	2940	2836.51	4	0.131334
lcl|NW_015386624.1_cds_XP_015670232.2_7958	2442	2310.13	2	0.0806297
lcl|NW_015386624.1_cds_XP_015670239.1_7959	636	556.298	13	2.17639
lcl|NW_015386624.1_cds_XP_015670223.1_7960	1194	1221.53	125	9.53033
lcl|NW_015386624.1_cds_XP_015670240.1_7961	1059	1020.95	0	0
lcl|NW_015386624.1_cds_XP_015670224.1_7962	1875	1852.08	189	9.50392
lcl|NW_015386624.1_cds_XP_029139758.1_7963	1146	1067.82	3	0.261651
lcl|NW_015386624.1_cds_XP_015670225.1_7964	633	572.001	477	77.6645
lcl|NW_015386624.1_cds_XP_015670226.1_7965	462	438.355	74	15.722
lcl|NW_015386624.1_cds_XP_015670234.1_7966	13026	12580.8	28	0.207277
lcl|NW_015386624.1_cds_XP_015670241.1_7967	555	516.949	0	0
lcl|NW_015386624.1_cds_XP_015670235.1_7968	1245	1206.95	0	0
lcl|NW_015386624.1_cds_XP_015670227.1_7969	1461	1455.65	90	5.75819
lcl|NW_015386624.1_cds_XP_015670228.1_7970	1251	1215.88	231.651	17.7436
lcl|NW_015386624.1_cds_XP_015670229.1_7971	1350	1298.49	1475.04	105.796
lcl|NW_015386624.1_cds_XP_015670237.1_7972	1347	1308.95	0	0
lcl|NW_015386625.1_cds_XP_015670242.1_7973	591	552.949	0	0
lcl|NW_015386625.1_cds_XP_015670244.1_7974	1251	1152.91	6	0.484681
lcl|NW_015386625.1_cds_XP_015670245.1_7975	723	661.491	18	2.53425
lcl|NW_015386625.1_cds_XP_015670243.1_7976	3666	3627.95	0	0
lcl|NW_015386627.1_cds_XP_015670246.1_7977	1014	1036.15	125	11.2354
lcl|NW_015386627.1_cds_XP_015670247.1_7978	618	590.613	2237	352.748
lcl|NW_015386627.1_cds_XP_015670248.1_7979	1269	1233.03	11.5726	0.87409
lcl|NW_015386627.1_cds_XP_015670251.1_7980	1182	1103.47	137.285	11.5868
lcl|NW_015386627.1_cds_XP_015670250.1_7981	1185	1104.63	26.7148	2.25234
lcl|NW_015386627.1_cds_XP_015670256.1_7982	465	454.368	2	0.409943
lcl|NW_015386627.1_cds_XP_015670252.1_7983	423	389.92	3388	809.226
lcl|NW_015386627.1_cds_XP_015670253.1_7984	621	573.514	5.34198	0.86748
lcl|NW_015386627.1_cds_XP_015670254.1_7985	681	646.769	17.658	2.54269
lcl|NW_015386627.1_cds_XP_015670255.1_7986	1515	1513.87	31	1.9071
lcl|NW_015386629.1_cds_XP_015670269.1_7987	1584	1456.39	1	0.0639476
lcl|NW_015386629.1_cds_XP_015670257.1_7988	3291	3315.8	183	5.14001
lcl|NW_015386629.1_cds_XP_015670258.1_7989	1053	867.42	17	1.82524
lcl|NW_015386629.1_cds_XP_015670260.1_7990	1059	1020.95	0	0
lcl|NW_015386629.1_cds_XP_015670262.1_7991	5262	5374.06	375.42	6.50603
lcl|NW_015386629.1_cds_XP_015670261.1_7992	5262	5379.9	60.5798	1.04871
lcl|NW_015386629.1_cds_XP_029139759.1_7993	3561	3629.15	15	0.384935
lcl|NW_015386629.1_cds_XP_015670266.1_7994	603	601.506	2187	338.618
lcl|NW_015386629.1_cds_XP_015670267.1_7995	2301	2278.32	1388.66	56.7655
lcl|NW_015386629.1_cds_XP_015670268.1_7996	1959	1933.78	303.335	14.6089
lcl|NW_015386629.1_cds_XP_029139761.1_7997	2301	2340.35	3	0.119383
lcl|NW_015386629.1_cds_XP_029139760.1_7998	1074	1017.14	97.238	8.90344
lcl|NW_015386629.1_cds_XP_015670274.1_7999	1007	1012.37	20	1.83988
lcl|NW_015386630.1_cds_XP_015670323.2_8000	1006	967.949	0	0
lcl|NW_015386630.1_cds_XP_015670324.1_8001	1485	1446.95	0	0
lcl|NW_015386630.1_cds_XP_015670325.1_8002	1431	1366.57	247	16.8331
lcl|NW_015386630.1_cds_XP_015670275.1_8003	2994	2893.32	18	0.579399
lcl|NW_015386630.1_cds_XP_029139769.1_8004	2721	2675.28	6	0.208873
lcl|NW_015386630.1_cds_XP_015670326.1_8005	306	249.016	6	2.24401
lcl|NW_015386630.1_cds_XP_015670327.1_8006	273	234.949	0	0
lcl|NW_015386630.1_cds_XP_015670329.1_8007	273	234.949	0	0
lcl|NW_015386630.1_cds_XP_015670316.1_8008	3060	3047.54	10	0.305599
lcl|NW_015386630.1_cds_XP_029139770.1_8009	2286	2291.31	12	0.487751
lcl|NW_015386630.1_cds_XP_015670280.1_8010	375	328.554	1551	439.649
lcl|NW_015386630.1_cds_XP_015670279.1_8011	387	363.541	247	63.2769
lcl|NW_015386630.1_cds_XP_015670278.1_8012	426	406.252	0	0
lcl|NW_015386630.1_cds_XP_015670281.2_8013	1620	1587.8	19	1.11444
lcl|NW_015386630.1_cds_XP_015670330.1_8014	996	955.917	6.34614	0.618288
lcl|NW_015386630.1_cds_XP_015670331.1_8015	951	901.339	3.65386	0.377542
lcl|NW_015386630.1_cds_XP_015670332.1_8016	1209	1147.09	10	0.811899
lcl|NW_015386630.1_cds_XP_029139771.1_8017	1434	1313.78	42	2.97733
lcl|NW_015386630.1_cds_XP_015670317.1_8018	1773	1670.35	92	5.12957
lcl|NW_015386630.1_cds_XP_015670285.1_8019	945	876.161	164	17.4326
lcl|NW_015386630.1_cds_XP_029139762.1_8020	945	876.161	164	17.4326
lcl|NW_015386630.1_cds_XP_015670286.1_8021	1137	1053.66	12	1.06067
lcl|NW_015386630.1_cds_XP_015670333.1_8022	1332	1342.27	1	0.0693842
lcl|NW_015386630.1_cds_XP_029139772.1_8023	1278	1239.95	0	0
lcl|NW_015386630.1_cds_XP_015670287.1_8024	1125	1098.29	758	64.2768
lcl|NW_015386630.1_cds_XP_015670288.1_8025	1455	1416.97	2333	153.339
lcl|NW_015386630.1_cds_XP_015670336.1_8026	876	788.493	16	1.88983
lcl|NW_015386630.1_cds_XP_015670289.1_8027	660	608.546	17	2.6017
lcl|NW_015386630.1_cds_XP_015670290.1_8028	747	676.447	5	0.688395
lcl|NW_015386630.1_cds_XP_015670291.1_8029	5250	5301.94	198	3.47802
lcl|NW_015386630.1_cds_XP_015670293.1_8030	1608	1534.17	73	4.43149
lcl|NW_015386630.1_cds_XP_015670292.1_8031	1671	1593.75	0	0
lcl|NW_015386630.1_cds_XP_015670337.1_8032	1641	1624.76	252.182	14.4553
lcl|NW_015386630.1_cds_XP_015670294.1_8033	1578	1494.57	53	3.30263
lcl|NW_015386630.1_cds_XP_029139763.1_8034	972	908.881	12	1.22963
lcl|NW_015386630.1_cds_XP_015670297.1_8035	1419	1367.3	805	54.832
lcl|NW_015386630.1_cds_XP_015670298.1_8036	1551	1449.72	198	12.7199
lcl|NW_015386630.1_cds_XP_015670299.1_8037	2889	2901.88	41	1.31585
lcl|NW_015386630.1_cds_XP_015670338.1_8038	1044	1005.95	0	0
lcl|NW_015386630.1_cds_XP_015670300.1_8039	1602	1568.34	153	9.08556
lcl|NW_015386630.1_cds_XP_015670301.1_8040	561	546.45	31.6667	5.39701
lcl|NW_015386630.1_cds_XP_015670302.1_8041	561	546.45	31.6667	5.39701
lcl|NW_015386630.1_cds_XP_029139764.1_8042	561	546.45	31.6667	5.39701
lcl|NW_015386630.1_cds_XP_015670303.1_8043	1164	1127.1	0.993457	0.0820895
lcl|NW_015386630.1_cds_XP_015670304.1_8044	1161	1125.24	258.007	21.3544
lcl|NW_015386630.1_cds_XP_015670318.1_8045	417	378.949	0	0
lcl|NW_015386630.1_cds_XP_015670340.1_8046	534	503.016	21	3.88812
lcl|NW_015386630.1_cds_XP_015670306.1_8047	6492	6486.01	49.7574	0.714465
lcl|NW_015386630.1_cds_XP_015670305.1_8048	6681	6697.83	63.2426	0.879381
lcl|NW_015386630.1_cds_XP_029139773.1_8049	558	510.26	223	40.7019
lcl|NW_015386630.1_cds_XP_015670307.1_8050	1884	1913.7	284	13.8212
lcl|NW_015386630.1_cds_XP_015670309.1_8051	1260	1243.56	378.969	28.3818
lcl|NW_015386630.1_cds_XP_015670308.1_8052	1341	1343.21	86.0314	5.96504
lcl|NW_015386630.1_cds_XP_015670310.1_8053	1200	1186.55	35	2.74715
lcl|NW_015386630.1_cds_XP_015670341.1_8054	711	669.414	18	2.50426
lcl|NW_015386630.1_cds_XP_015670312.1_8055	897	830.909	31.1772	3.4945
lcl|NW_015386630.1_cds_XP_015670311.1_8056	897	826.067	56.8228	6.40632
lcl|NW_015386630.1_cds_XP_029139766.1_8057	2004	1937.25	9	0.432671
lcl|NW_015386630.1_cds_XP_029139768.1_8058	3036	2752.49	6	0.203014
lcl|NW_015386630.1_cds_XP_015670343.1_8059	114	67.8586	439	602.506
lcl|NW_015386630.1_cds_XP_029139774.1_8060	2787	2866.07	184	5.97905
lcl|NW_015386630.1_cds_XP_015670321.1_8061	2010	2009.25	1840	85.2875
lcl|NW_015386630.1_cds_XP_015670314.1_8062	843	800.732	53	6.16439
lcl|NW_015386630.1_cds_XP_015670315.1_8063	852	808.528	0	0
lcl|NW_015386630.1_cds_XP_015670322.1_8064	606	569.474	3	0.490624
lcl|NW_015386631.1_cds_XP_015670344.1_8065	3102	3019.18	92	2.83792
lcl|NW_015386631.1_cds_XP_015670345.2_8066	648	609.949	0	0
lcl|NW_015386631.1_cds_XP_015670347.1_8067	1914	1876.99	5	0.24809
lcl|NW_015386632.1_cds_XP_015670358.1_8068	402	375.603	5	1.23977
lcl|NW_015386632.1_cds_XP_015670353.1_8069	2241	2241.93	71	2.94943
lcl|NW_015386632.1_cds_XP_015670348.1_8070	471	427.418	163	35.517
lcl|NW_015386632.1_cds_XP_015670354.1_8071	513	413.775	2	0.45016
lcl|NW_015386632.1_cds_XP_015670349.1_8072	3834	3984.32	190	4.4412
lcl|NW_015386632.1_cds_XP_015670350.1_8073	1275	1256.37	9	0.667153
lcl|NW_015386632.1_cds_XP_029139776.1_8074	1254	1215.95	0	0
lcl|NW_015386632.1_cds_XP_029139777.1_8075	1038	1002.13	39	3.62443
lcl|NW_015386632.1_cds_XP_015670351.1_8076	798	722.58	117	15.08
lcl|NW_015386632.1_cds_XP_015670352.1_8077	2739	2656.01	183	6.41687
lcl|NW_015386633.1_cds_XP_029139780.1_8078	3309	3270.95	0	0
lcl|NW_015386633.1_cds_XP_029139779.1_8079	3306	3267.95	0	0
lcl|NW_015386633.1_cds_XP_015670359.1_8080	714	676.576	1827	251.491
lcl|NW_015386633.1_cds_XP_015670360.1_8081	354	298.329	415	129.555
lcl|NW_015386634.1_cds_XP_015670362.1_8082	405	366.949	0	0
lcl|NW_015386635.1_cds_XP_015670365.1_8083	627	588.949	0	0
lcl|NW_015386635.1_cds_XP_015670363.1_8084	891	898.841	128.5	13.3144
lcl|NW_015386635.1_cds_XP_015670364.1_8085	891	898.841	128.5	13.3144
lcl|NW_015386635.1_cds_XP_015670366.1_8086	13299	13274.4	23	0.161367
lcl|NW_015386636.1_cds_XP_015670377.1_8087	1113	1074.95	0	0
lcl|NW_015386636.1_cds_XP_015670368.1_8088	780	735.38	28.7343	3.63906
lcl|NW_015386636.1_cds_XP_015670369.1_8089	417	377.086	2.63287	0.650264
lcl|NW_015386636.1_cds_XP_015670370.1_8090	417	377.086	2.63287	0.650264
lcl|NW_015386636.1_cds_XP_015670378.1_8091	738	699.949	0	0
lcl|NW_015386636.1_cds_XP_015670371.1_8092	1167	1177.34	59.9737	4.74417
lcl|NW_015386636.1_cds_XP_015670372.1_8093	993	985.037	0.0262517	0.00248202
lcl|NW_015386636.1_cds_XP_015670373.1_8094	960	946.034	150.5	14.816
lcl|NW_015386636.1_cds_XP_015670374.1_8095	960	946.034	150.5	14.816
lcl|NW_015386636.1_cds_XP_015670381.1_8096	681	642.949	0	0
lcl|NW_015386636.1_cds_XP_015670376.1_8097	648	557.44	9	1.50365
lcl|NW_015386637.1_cds_XP_015670382.1_8098	399	347.437	1416.06	379.584
lcl|NW_015386637.1_cds_XP_015670383.1_8099	399	347.437	1416.06	379.584
lcl|NW_015386637.1_cds_XP_015670384.1_8100	1836	1933.76	19	0.915065
lcl|NW_015386638.1_cds_XP_015670385.1_8101	2763	2791.74	541.837	18.0757
lcl|NW_015386638.1_cds_XP_015670386.1_8102	2694	2715.74	215.163	7.37872
lcl|NW_015386638.1_cds_XP_029139781.1_8103	1416	1377.95	0	0
lcl|NW_015386638.1_cds_XP_015670390.1_8104	2013	1980.29	371.197	17.4573
lcl|NW_015386638.1_cds_XP_015670389.1_8105	2145	2111.39	446.803	19.7083
lcl|NW_015386638.1_cds_XP_015670387.1_8106	2208	2183.1	0	0
lcl|NW_015386638.1_cds_XP_015670391.1_8107	774	705.887	21863	2884.54
lcl|NW_015386638.1_cds_XP_015670392.1_8108	7656	7755.19	1007	12.0931
lcl|NW_015386638.1_cds_XP_015670393.1_8109	4320	4323.18	87	1.8742
lcl|NW_015386638.1_cds_XP_029139782.1_8110	996	880.593	455	48.1213
lcl|NW_015386638.1_cds_XP_015670394.1_8111	1059	1076.38	760	65.7583
lcl|NW_015386638.1_cds_XP_015670397.1_8112	5157	5287.32	115	2.02564
lcl|NW_015386638.1_cds_XP_015670398.1_8113	516	488.776	101	19.2448
lcl|NW_015386638.1_cds_XP_015670399.1_8114	516	488.776	101	19.2448
lcl|NW_015386638.1_cds_XP_015670400.1_8115	516	488.776	101	19.2448
lcl|NW_015386638.1_cds_XP_015670402.1_8116	750	760.439	41	5.02135
lcl|NW_015386638.1_cds_XP_015670403.1_8117	582	571.819	2	0.325741
lcl|NW_015386638.1_cds_XP_015670405.1_8118	1065	1074.5	3	0.260025
lcl|NW_015386638.1_cds_XP_015670406.1_8119	310	262.281	6.95754	2.47053
lcl|NW_015386639.1_cds_XP_015670407.1_8120	852	840.101	27	2.99319
lcl|NW_015386639.1_cds_XP_029139783.1_8121	4209	4278.76	31	0.674754
lcl|NW_015386639.1_cds_XP_015670410.1_8122	1038	999.949	0	0
lcl|NW_015386639.1_cds_XP_015670409.1_8123	1038	999.949	0	0
lcl|NW_015386640.1_cds_XP_015670414.1_8124	831	710.572	1	0.131067
lcl|NW_015386640.1_cds_XP_015670413.1_8125	1107	1035.35	195.528	17.5883
lcl|NW_015386640.1_cds_XP_015670412.1_8126	1116	1049.34	103.472	9.18351
lcl|NW_015386640.1_cds_XP_015670415.1_8127	687	648.949	0	0
lcl|NW_015386641.1_cds_XP_015670416.1_8128	3120	3107.59	11	0.329663
lcl|NW_015386641.1_cds_XP_015670417.1_8129	570	499.259	22	4.10391
lcl|NW_015386641.1_cds_XP_015670418.1_8130	3636	3826.08	93	2.26376
lcl|NW_015386641.1_cds_XP_015670421.2_8131	1065	1026.95	0	0
lcl|NW_015386641.1_cds_XP_015670419.1_8132	873	811.989	90	10.3227
lcl|NW_015386641.1_cds_XP_015670420.1_8133	1230	1184.75	1276	100.305
lcl|NW_015386641.1_cds_XP_015670422.1_8134	1303	1264.95	0	0
lcl|NW_015386643.1_cds_XP_015670443.1_8135	4854	4871.32	63	1.20447
lcl|NW_015386643.1_cds_XP_015670423.1_8136	3282	3260.9	32	0.913933
lcl|NW_015386643.1_cds_XP_015670424.1_8137	2991	2862.22	8	0.260309
lcl|NW_015386643.1_cds_XP_029139786.1_8138	3684	3645.95	0	0
lcl|NW_015386643.1_cds_XP_015670425.1_8139	789	756.163	68.6667	8.45731
lcl|NW_015386643.1_cds_XP_015670426.1_8140	789	756.163	68.6667	8.45731
lcl|NW_015386643.1_cds_XP_015670427.1_8141	789	756.163	68.6667	8.45731
lcl|NW_015386643.1_cds_XP_015670429.1_8142	1350	1390.79	0	0
lcl|NW_015386643.1_cds_XP_015670428.1_8143	1488	1520.83	0	0
lcl|NW_015386643.1_cds_XP_015670431.1_8144	1413	1456.12	15.6378	1.00018
lcl|NW_015386643.1_cds_XP_015670430.1_8145	1551	1586.36	24.3622	1.43027
lcl|NW_015386643.1_cds_XP_015670449.1_8146	1584	1554.49	16	0.95859
lcl|NW_015386643.1_cds_XP_015670432.1_8147	1764	1718.25	79	4.28195
lcl|NW_015386643.1_cds_XP_015670433.1_8148	1938	1859.19	24	1.20224
lcl|NW_015386643.1_cds_XP_015670434.1_8149	453	411.509	421	95.2805
lcl|NW_015386643.1_cds_XP_015670450.1_8150	450	406.679	9	2.06107
lcl|NW_015386643.1_cds_XP_015670451.1_8151	297	251.307	0	0
lcl|NW_015386643.1_cds_XP_015670453.1_8152	585	540.996	5	0.860751
lcl|NW_015386643.1_cds_XP_029139787.1_8153	705	666.949	0	0
lcl|NW_015386643.1_cds_XP_015670435.1_8154	3288	3297.51	21	0.593109
lcl|NW_015386643.1_cds_XP_015670436.1_8155	1143	1168.1	77	6.13918
lcl|NW_015386643.1_cds_XP_015670437.1_8156	1032	992.245	24	2.25265
lcl|NW_015386643.1_cds_XP_029139785.1_8157	399	360.949	0	0
lcl|NW_015386643.1_cds_XP_015670440.1_8158	519	484.993	584	112.145
lcl|NW_015386643.1_cds_XP_015670438.1_8159	618	510.984	72.5	13.2139
lcl|NW_015386643.1_cds_XP_015670439.1_8160	618	510.984	72.5	13.2139
lcl|NW_015386643.1_cds_XP_015670442.1_8161	1134	1113.37	89	7.44476
lcl|NW_015386643.1_cds_XP_015670447.1_8162	801	756.546	67	8.24785
lcl|NW_015386643.1_cds_XP_015670448.1_8163	1683	1491.79	8	0.499442
lcl|NW_015386643.1_cds_XP_015670454.1_8164	798	759.949	0	0
lcl|NW_015386644.1_cds_XP_015670455.1_8165	1278	1226.8	86	6.52869
lcl|NW_015386644.1_cds_XP_015670466.1_8166	1356	1317.95	0	0
lcl|NW_015386644.1_cds_XP_015670463.1_8167	966	927.949	0	0
lcl|NW_015386644.1_cds_XP_015670467.1_8168	855	816.949	0	0
lcl|NW_015386644.1_cds_XP_015670468.1_8169	1026	987.949	0	0
lcl|NW_015386644.1_cds_XP_029139789.1_8170	1035	996.949	0	0
lcl|NW_015386644.1_cds_XP_015670464.1_8171	891	757.577	1	0.122935
lcl|NW_015386644.1_cds_XP_015670469.1_8172	750	649.31	1	0.143433
lcl|NW_015386644.1_cds_XP_015670470.1_8173	1308	1269.95	0	0
lcl|NW_015386644.1_cds_XP_029139788.1_8174	804	765.949	0	0
lcl|NW_015386644.1_cds_XP_015670456.1_8175	777	757.972	278	34.1581
lcl|NW_015386644.1_cds_XP_015670458.1_8176	1068	1013.87	1138.99	104.626
lcl|NW_015386644.1_cds_XP_015670457.1_8177	1125	1077.29	168.006	14.5243
lcl|NW_015386644.1_cds_XP_015670459.1_8178	1761	1693.11	633	34.8193
lcl|NW_015386644.1_cds_XP_015670460.1_8179	1902	1834.88	531	26.9518
lcl|NW_015386644.1_cds_XP_015670461.1_8180	1998	1862.27	29	1.4503
lcl|NW_015386644.1_cds_XP_015670465.1_8181	1722	1722.8	3	0.162177
lcl|NW_015386645.1_cds_XP_015670474.1_8182	948	909.949	0	0
lcl|NW_015386645.1_cds_XP_015670475.1_8183	1059	1020.95	0	0
lcl|NW_015386645.1_cds_XP_015670476.1_8184	924	885.949	0	0
lcl|NW_015386645.1_cds_XP_015670477.1_8185	945	906.949	0	0
lcl|NW_015386645.1_cds_XP_015670478.1_8186	954	949.507	2	0.19617
lcl|NW_015386645.1_cds_XP_015670479.1_8187	945	906.949	0	0
lcl|NW_015386645.1_cds_XP_015670509.1_8188	933	894.949	0	0
lcl|NW_015386645.1_cds_XP_015670480.1_8189	1083	1044.95	0	0
lcl|NW_015386645.1_cds_XP_029139792.1_8190	2511	2472.95	0	0
lcl|NW_015386645.1_cds_XP_015670482.1_8191	2253	2214.95	0	0
lcl|NW_015386645.1_cds_XP_015670483.2_8192	2562	2592.85	2	0.0718379
lcl|NW_015386645.1_cds_XP_029139793.1_8193	2433	2394.95	0	0
lcl|NW_015386645.1_cds_XP_029139794.1_8194	2160	2121.95	0	0
lcl|NW_015386645.1_cds_XP_029139795.1_8195	2058	2019.95	0	0
lcl|NW_015386645.1_cds_XP_029139796.1_8196	2070	2060.83	1	0.0451917
lcl|NW_015386645.1_cds_XP_015670488.1_8197	2358	2384.63	1	0.0390554
lcl|NW_015386645.1_cds_XP_015670489.1_8198	2271	2299.07	0	0
lcl|NW_015386645.1_cds_XP_015670490.2_8199	1827	1788.95	0	0
lcl|NW_015386645.1_cds_XP_015670491.1_8200	930	891.949	0	0
lcl|NW_015386645.1_cds_XP_015670493.1_8201	2454	2475.9	10	0.376157
lcl|NW_015386645.1_cds_XP_029139806.1_8202	2529	2460.86	6	0.227073
lcl|NW_015386645.1_cds_XP_029139797.1_8203	1188	1149.95	0	0
lcl|NW_015386645.1_cds_XP_029139790.1_8204	3240	3268.71	18	0.512858
lcl|NW_015386645.1_cds_XP_015670511.1_8205	1080	1041.95	0	0
lcl|NW_015386645.1_cds_XP_015670512.1_8206	1140	1036.07	90	8.09011
lcl|NW_015386645.1_cds_XP_029139798.1_8207	2523	2484.95	0	0
lcl|NW_015386645.1_cds_XP_015670497.1_8208	2220	2181.95	0	0
lcl|NW_015386645.1_cds_XP_015670498.1_8209	2619	2580.95	0	0
lcl|NW_015386645.1_cds_XP_029139799.1_8210	2250	2211.95	0	0
lcl|NW_015386645.1_cds_XP_029139801.1_8211	2583	2615.7	0	0
lcl|NW_015386645.1_cds_XP_015670501.2_8212	2739	2700.95	0	0
lcl|NW_015386645.1_cds_XP_029139802.1_8213	2049	2086.86	1	0.044628
lcl|NW_015386645.1_cds_XP_015670502.1_8214	2403	2419.8	1	0.0384877
lcl|NW_015386645.1_cds_XP_029139791.1_8215	2319	2280.95	0	0
lcl|NW_015386645.1_cds_XP_015670504.2_8216	4179	4140.95	0	0
lcl|NW_015386645.1_cds_XP_029139807.1_8217	2559	2569.97	1	0.0362388
lcl|NW_015386645.1_cds_XP_015670506.1_8218	2364	2428.34	5.32611e-05	2.04269e-06
lcl|NW_015386645.1_cds_XP_029139803.1_8219	2349	2401.41	0.999947	0.0387803
lcl|NW_015386645.1_cds_XP_029139804.1_8220	2223	2184.95	0	0
lcl|NW_015386645.1_cds_XP_029139805.1_8221	2355	2316.95	0	0
lcl|NW_015386646.1_cds_XP_015670525.1_8222	642	603.949	0	0
lcl|NW_015386646.1_cds_XP_015670517.1_8223	960	918.269	1	0.101422
lcl|NW_015386646.1_cds_XP_015670518.1_8224	2061	1992.68	6	0.280423
lcl|NW_015386646.1_cds_XP_029139809.1_8225	7824	7922.26	153.528	1.80485
lcl|NW_015386646.1_cds_XP_015670521.1_8226	963	966.474	116	11.1781
lcl|NW_015386646.1_cds_XP_015670513.1_8227	1662	1590.32	5	0.292811
lcl|NW_015386646.1_cds_XP_015670516.1_8228	1875	1831.1	109.3	5.55916
lcl|NW_015386646.1_cds_XP_015670514.1_8229	1917	1866.42	162.688	8.11795
lcl|NW_015386646.1_cds_XP_029139810.1_8230	1872	1829.61	0.00438547	0.000223233
lcl|NW_015386646.1_cds_XP_015670515.1_8231	1914	1864.94	0.0079879	0.000398905
lcl|NW_015386646.1_cds_XP_015670522.2_8232	1791	1825.68	1	0.0510126
lcl|NW_015386646.1_cds_XP_015670523.2_8233	1758	1719.95	0	0
lcl|NW_015386646.1_cds_XP_015670524.1_8234	1680	1689.18	1	0.0551349
lcl|NW_015386647.1_cds_XP_015670526.1_8235	288	249.251	281	104.995
lcl|NW_015386647.1_cds_XP_015670527.1_8236	456	401.736	719	166.682
lcl|NW_015386647.1_cds_XP_015670531.1_8237	606	527.138	287	50.706
lcl|NW_015386647.1_cds_XP_015670528.1_8238	612	585.515	47	7.47586
lcl|NW_015386647.1_cds_XP_015670529.1_8239	612	585.515	47	7.47586
lcl|NW_015386647.1_cds_XP_015670532.1_8240	1452	1463.39	26	1.65468
lcl|NW_015386647.1_cds_XP_015670544.1_8241	1680	1659.57	6	0.336711
lcl|NW_015386647.1_cds_XP_029139811.1_8242	477	457.09	8	1.63001
lcl|NW_015386647.1_cds_XP_015670533.1_8243	486	430.927	1170	252.862
lcl|NW_015386647.1_cds_XP_015670539.1_8244	1260	1221.95	0	0
lcl|NW_015386647.1_cds_XP_015670534.1_8245	624	560.146	412	68.501
lcl|NW_015386647.1_cds_XP_015670535.1_8246	1392	1354.34	7	0.481361
lcl|NW_015386647.1_cds_XP_015670536.1_8247	2391	2433.96	71	2.71672
lcl|NW_015386647.1_cds_XP_015670540.1_8248	1686	1772.5	1	0.0525431
lcl|NW_015386647.1_cds_XP_015670545.1_8249	1785	1746.95	0	0
lcl|NW_015386647.1_cds_XP_015670546.1_8250	1410	1371.95	0	0
lcl|NW_015386647.1_cds_XP_029139812.1_8251	1038	1000.63	1	0.0930742
lcl|NW_015386647.1_cds_XP_029139813.1_8252	1479	1436.1	15	0.972767
lcl|NW_015386647.1_cds_XP_015670543.1_8253	1388	1349.95	0	0
lcl|NW_015386648.1_cds_XP_029139814.1_8254	1947	1908.95	0	0
lcl|NW_015386648.1_cds_XP_015670548.1_8255	3567	3612.21	6	0.154696
lcl|NW_015386648.1_cds_XP_015670549.1_8256	933	947.334	300	29.493
lcl|NW_015386648.1_cds_XP_029139815.1_8257	4992	5072.92	1	0.0183588
lcl|NW_015386649.1_cds_XP_029139816.1_8258	2145	2165.4	4	0.172037
lcl|NW_015386650.1_cds_XP_015670554.1_8259	1995	1959.7	204	9.69488
lcl|NW_015386650.1_cds_XP_015670553.1_8260	3519	3451.91	266	7.17668
lcl|NW_015386650.1_cds_XP_015670555.1_8261	2775	2772.76	4.32758	0.145356
lcl|NW_015386650.1_cds_XP_015670556.1_8262	2130	2132.04	5.67242	0.247785
lcl|NW_015386650.1_cds_XP_015670557.1_8263	459	412.264	153	34.5634
lcl|NW_015386650.1_cds_XP_015670558.1_8264	1725	1768.28	738.224	38.881
lcl|NW_015386650.1_cds_XP_015670559.1_8265	1725	1768.28	738.224	38.881
lcl|NW_015386650.1_cds_XP_015670560.1_8266	1089	1101.18	2932.55	248.02
lcl|NW_015386650.1_cds_XP_015670561.1_8267	861	837.519	6	0.667203
lcl|NW_015386651.1_cds_XP_015670563.1_8268	822	832.541	17	1.90171
lcl|NW_015386651.1_cds_XP_029139817.1_8269	2178	2147.53	8	0.346938
lcl|NW_015386651.1_cds_XP_015670565.1_8270	2745	2801.87	11	0.365633
lcl|NW_015386652.1_cds_XP_015670566.1_8271	774	801.302	50	5.81132
lcl|NW_015386653.1_cds_XP_029139819.1_8272	963	971.236	1	0.0958907
lcl|NW_015386654.1_cds_XP_015670582.1_8273	1692	1679.2	37	2.05211
lcl|NW_015386654.1_cds_XP_029139820.1_8274	1629	1609.78	1006	58.2014
lcl|NW_015386654.1_cds_XP_029139821.1_8275	5961	6155.98	159	2.40548
lcl|NW_015386654.1_cds_XP_015670568.1_8276	1770	1702.88	107.667	5.88841
lcl|NW_015386654.1_cds_XP_015670569.1_8277	1770	1702.88	107.667	5.88841
lcl|NW_015386654.1_cds_XP_015670570.1_8278	1770	1702.88	107.667	5.88841
lcl|NW_015386654.1_cds_XP_029139822.1_8279	5436	5451.99	13	0.22207
lcl|NW_015386654.1_cds_XP_015670579.2_8280	810	771.949	0	0
lcl|NW_015386654.1_cds_XP_015670574.1_8281	3681	3658.07	39	0.992919
lcl|NW_015386654.1_cds_XP_015670571.1_8282	540	500.119	7	1.30354
lcl|NW_015386654.1_cds_XP_015670573.1_8283	540	500.119	7	1.30354
lcl|NW_015386654.1_cds_XP_015670575.1_8284	900	836.478	145	16.1441
lcl|NW_015386654.1_cds_XP_015670581.1_8285	453	397.501	1	0.234295
lcl|NW_015386655.1_cds_XP_015670605.2_8286	1320	1308.1	171	12.1747
lcl|NW_015386655.1_cds_XP_015670583.1_8287	471	406.809	48	10.9888
lcl|NW_015386655.1_cds_XP_015670609.1_8288	270	220.314	100	42.2727
lcl|NW_015386655.1_cds_XP_015670606.2_8289	5655	5616.95	0	0
lcl|NW_015386655.1_cds_XP_015670584.1_8290	1014	915.977	159.5	16.2173
lcl|NW_015386655.1_cds_XP_015670585.1_8291	1014	915.977	159.5	16.2173
lcl|NW_015386655.1_cds_XP_015670586.1_8292	1014	915.977	159.5	16.2173
lcl|NW_015386655.1_cds_XP_015670587.1_8293	1014	915.977	159.5	16.2173
lcl|NW_015386655.1_cds_XP_015670610.1_8294	1344	1336.8	122	8.49952
lcl|NW_015386655.1_cds_XP_015670588.1_8295	1347	1317.38	1585	112.052
lcl|NW_015386655.1_cds_XP_015670589.1_8296	777	774.265	169	20.3282
lcl|NW_015386655.1_cds_XP_015670611.1_8297	936	901.636	8	0.826342
lcl|NW_015386655.1_cds_XP_029139824.1_8298	864	830.42	2	0.224302
lcl|NW_015386655.1_cds_XP_015670590.1_8299	648	593.006	18615	2923.51
lcl|NW_015386655.1_cds_XP_015670591.1_8300	1167	1144.5	168	13.6709
lcl|NW_015386655.1_cds_XP_029139826.1_8301	1830	1769.4	0	0
lcl|NW_015386655.1_cds_XP_029139827.1_8302	1746	1717.7	8	0.433754
lcl|NW_015386655.1_cds_XP_015670594.1_8303	5778	5881.49	208	3.29365
lcl|NW_015386655.1_cds_XP_015670595.1_8304	2220	2257.65	24	0.990045
lcl|NW_015386655.1_cds_XP_015670596.1_8305	747	668.992	2108	293.462
lcl|NW_015386655.1_cds_XP_015670598.1_8306	1533	1533.34	9	0.546645
lcl|NW_015386655.1_cds_XP_015670597.1_8307	1563	1564.9	9.57577e-08	5.69886e-09
lcl|NW_015386655.1_cds_XP_015670612.1_8308	1014	979.68	9	0.855578
lcl|NW_015386655.1_cds_XP_015670613.1_8309	1077	1055	7	0.617942
lcl|NW_015386655.1_cds_XP_015670599.1_8310	720	714.819	64	8.33845
lcl|NW_015386655.1_cds_XP_015670621.1_8311	3621	3582.95	0	0
lcl|NW_015386655.1_cds_XP_015670617.1_8312	3663	3624.95	0	0
lcl|NW_015386655.1_cds_XP_015670614.1_8313	3777	3738.95	0	0
lcl|NW_015386655.1_cds_XP_029139830.1_8314	3681	3642.95	0	0
lcl|NW_015386655.1_cds_XP_015670615.1_8315	3768	3729.95	0	0
lcl|NW_015386655.1_cds_XP_015670618.1_8316	3660	3621.95	0	0
lcl|NW_015386655.1_cds_XP_015670619.1_8317	3678	3639.95	0	0
lcl|NW_015386655.1_cds_XP_029139829.1_8318	3765	3726.95	0	0
lcl|NW_015386655.1_cds_XP_015670622.1_8319	3630	3591.95	0	0
lcl|NW_015386655.1_cds_XP_015670620.1_8320	3672	3633.95	0	0
lcl|NW_015386655.1_cds_XP_015670600.1_8321	1107	1043.14	337	30.0876
lcl|NW_015386655.1_cds_XP_015670608.2_8322	2073	2034.95	0	0
lcl|NW_015386655.1_cds_XP_015670601.1_8323	1068	1074.59	116	10.0534
lcl|NW_015386655.1_cds_XP_015670602.1_8324	7956	8111.76	158	1.81403
lcl|NW_015386656.1_cds_XP_015670624.1_8325	2763	2737.85	9	0.30615
lcl|NW_015386656.1_cds_XP_015670623.1_8326	2817	2826.75	266	8.76385
lcl|NW_015386657.1_cds_XP_015670626.1_8327	402	389.515	139	33.2347
lcl|NW_015386657.1_cds_XP_029139831.1_8328	2250	2239.36	324	13.4748
lcl|NW_015386657.1_cds_XP_015670630.1_8329	678	639.949	0	0
lcl|NW_015386657.1_cds_XP_015670627.1_8330	2049	2031.81	89	4.0795
lcl|NW_015386657.1_cds_XP_015670629.1_8331	906	820.312	327	37.1253
lcl|NW_015386658.1_cds_XP_029139832.1_8332	540	488.659	31	5.90822
lcl|NW_015386658.1_cds_XP_015670631.1_8333	720	692.771	16	2.15096
lcl|NW_015386658.1_cds_XP_015670632.1_8334	720	692.771	16	2.15096
lcl|NW_015386658.1_cds_XP_015670633.1_8335	1410	1357.79	2	0.137183
lcl|NW_015386658.1_cds_XP_015670639.1_8336	2475	2436.95	0	0
lcl|NW_015386658.1_cds_XP_015670634.1_8337	1170	1129.87	1	0.0824278
lcl|NW_015386658.1_cds_XP_015670641.1_8338	498	467.922	3	0.597103
lcl|NW_015386658.1_cds_XP_015670635.1_8339	2499	2276.98	930	38.0386
lcl|NW_015386658.1_cds_XP_015670636.1_8340	357	313.454	69	20.5011
lcl|NW_015386658.1_cds_XP_029139833.1_8341	861	794.871	2	0.234334
lcl|NW_015386659.1_cds_XP_015670652.1_8342	519	490.113	37	7.03083
lcl|NW_015386659.1_cds_XP_029139834.1_8343	1632	1607.14	1	0.0579493
lcl|NW_015386659.1_cds_XP_015670642.1_8344	2148	2167.54	223	9.58162
lcl|NW_015386659.1_cds_XP_015670643.1_8345	1248	1226.45	5.3903	0.40932
lcl|NW_015386659.1_cds_XP_015670644.1_8346	1248	1226.45	5.3903	0.40932
lcl|NW_015386659.1_cds_XP_015670645.1_8347	1248	1226.45	5.3903	0.40932
lcl|NW_015386659.1_cds_XP_015670646.1_8348	1245	1222.78	50.8291	3.87137
lcl|NW_015386659.1_cds_XP_015670647.1_8349	771	745.3	2	0.24992
lcl|NW_015386659.1_cds_XP_015670648.1_8350	3066	3124.47	286	8.52492
lcl|NW_015386659.1_cds_XP_015670649.1_8351	696	674.56	8	1.10451
lcl|NW_015386660.1_cds_XP_015670659.1_8352	540	489.927	11	2.09104
lcl|NW_015386660.1_cds_XP_015670660.1_8353	963	975.191	2	0.191004
lcl|NW_015386660.1_cds_XP_015670653.1_8354	1485	1486.55	255	15.9757
lcl|NW_015386660.1_cds_XP_015670654.1_8355	1485	1486.55	255	15.9757
lcl|NW_015386660.1_cds_XP_015670655.1_8356	1485	1486.55	255	15.9757
lcl|NW_015386660.1_cds_XP_015670657.1_8357	4785	4755.37	14	0.274186
lcl|NW_015386660.1_cds_XP_015670658.1_8358	1482	1448.17	4	0.257242
lcl|NW_015386662.1_cds_XP_015670665.1_8359	2904	2924.65	218.925	6.97146
lcl|NW_015386662.1_cds_XP_015670666.1_8360	3540	3587.43	16	0.415372
lcl|NW_015386662.1_cds_XP_015670667.1_8361	468	439.685	37	7.83721
lcl|NW_015386662.1_cds_XP_015670668.1_8362	261	224.861	19	7.86937
lcl|NW_015386662.1_cds_XP_015670661.1_8363	1062	1027.77	7.31068	0.662467
lcl|NW_015386662.1_cds_XP_015670663.1_8364	1032	1017.41	54.6893	5.00621
lcl|NW_015386662.1_cds_XP_015670664.1_8365	951	923.2	0	0
lcl|NW_015386663.1_cds_XP_015670669.1_8366	2319	2259.05	16	0.659624
lcl|NW_015386663.1_cds_XP_015670681.1_8367	1074	1035.95	0	0
lcl|NW_015386663.1_cds_XP_029139837.1_8368	6576	6723.02	1	0.0138528
lcl|NW_015386663.1_cds_XP_015670678.2_8369	1038	1027.11	3	0.272022
lcl|NW_015386663.1_cds_XP_015670670.1_8370	1140	1069.72	89	7.74859
lcl|NW_015386663.1_cds_XP_015670671.1_8371	1140	1069.72	89	7.74859
lcl|NW_015386663.1_cds_XP_029139836.1_8372	3420	3482.64	54	1.44407
lcl|NW_015386663.1_cds_XP_015670672.1_8373	3774	3725.89	3	0.0749881
lcl|NW_015386663.1_cds_XP_029139835.1_8374	6357	6451.58	8	0.115485
lcl|NW_015386663.1_cds_XP_015670674.1_8375	993	923.248	18	1.81575
lcl|NW_015386663.1_cds_XP_015670675.1_8376	906	888.238	1026	107.577
lcl|NW_015386663.1_cds_XP_015670676.2_8377	2772	2865.57	42	1.36502
lcl|NW_015386664.1_cds_XP_015670699.2_8378	963	924.949	0	0
lcl|NW_015386664.1_cds_XP_015670700.1_8379	582	543.949	0	0
lcl|NW_015386664.1_cds_XP_015670683.1_8380	1983	1972.03	305	14.4041
lcl|NW_015386664.1_cds_XP_015670684.1_8381	2253	2237.03	80	3.33058
lcl|NW_015386664.1_cds_XP_015670701.1_8382	2646	2705.46	7	0.240967
lcl|NW_015386664.1_cds_XP_015670685.1_8383	1827	1617.41	2	0.115163
lcl|NW_015386664.1_cds_XP_015670686.1_8384	711	653.929	244	34.7505
lcl|NW_015386664.1_cds_XP_015670692.1_8385	1782	1768.6	9	0.473929
lcl|NW_015386664.1_cds_XP_015670688.1_8386	1881	1835.69	0	0
lcl|NW_015386664.1_cds_XP_015670687.1_8387	1881	1838.2	23	1.16529
lcl|NW_015386664.1_cds_XP_015670693.1_8388	3447	3358.01	50	1.38672
lcl|NW_015386664.1_cds_XP_015670689.1_8389	849	865.019	29	3.12229
lcl|NW_015386664.1_cds_XP_029139838.1_8390	2865	2911.58	1	0.0319869
lcl|NW_015386664.1_cds_XP_029139839.1_8391	1476	1437.95	0	0
lcl|NW_015386664.1_cds_XP_015670696.1_8392	1281	1234.5	1	0.0754416
lcl|NW_015386664.1_cds_XP_015670697.1_8393	1329	1259.18	2	0.147926
lcl|NW_015386664.1_cds_XP_015670698.1_8394	1479	1440.95	0	0
lcl|NW_015386665.1_cds_XP_015670703.1_8395	1878	1818.01	13	0.665959
lcl|NW_015386665.1_cds_XP_015670704.1_8396	1857	1746.38	46	2.45312
lcl|NW_015386665.1_cds_XP_015670707.1_8397	471	432.949	0	0
lcl|NW_015386665.1_cds_XP_015670708.1_8398	1167	1128.95	0	0
lcl|NW_015386665.1_cds_XP_015670709.1_8399	1566	1526.47	1	0.0610118
lcl|NW_015386665.1_cds_XP_029139841.1_8400	3510	3487.24	87	2.32348
lcl|NW_015386666.1_cds_XP_015670710.1_8401	648	589.058	3854.98	609.489
lcl|NW_015386666.1_cds_XP_015670711.1_8402	3222	3182.79	374.663	10.9631
lcl|NW_015386666.1_cds_XP_015670712.1_8403	486	459.209	12	2.43373
lcl|NW_015386666.1_cds_XP_015670713.1_8404	927	854.53	95	10.3537
lcl|NW_015386666.1_cds_XP_015670732.1_8405	813	809.825	11	1.26504
lcl|NW_015386666.1_cds_XP_029139844.1_8406	816	777.662	3	0.359279
lcl|NW_015386666.1_cds_XP_029139842.1_8407	1923	1969.72	23	1.08749
lcl|NW_015386666.1_cds_XP_015670714.1_8408	2580	2548.67	686.885	25.0999
lcl|NW_015386666.1_cds_XP_015670715.1_8409	2562	2521.97	1394.12	51.4825
lcl|NW_015386666.1_cds_XP_015670718.1_8410	1383	1358.77	52	3.56419
lcl|NW_015386666.1_cds_XP_015670733.1_8411	8727	8834.35	33	0.347889
lcl|NW_015386666.1_cds_XP_029139845.1_8412	1026	890.584	25	2.61437
lcl|NW_015386666.1_cds_XP_015670735.1_8413	9645	9560.49	120	1.16897
lcl|NW_015386666.1_cds_XP_015670719.1_8414	615	567.073	23	3.77738
lcl|NW_015386666.1_cds_XP_029139846.1_8415	3483	3399.27	463	12.6852
lcl|NW_015386666.1_cds_XP_015670720.1_8416	4255	4273.63	123	2.68046
lcl|NW_015386666.1_cds_XP_015670739.1_8417	3045	2863.39	1	0.0325252
lcl|NW_015386666.1_cds_XP_015670721.1_8418	3345	3356.05	233.743	6.48651
lcl|NW_015386666.1_cds_XP_015670722.1_8419	2991	2997.11	18.257	0.567321
lcl|NW_015386666.1_cds_XP_015670723.1_8420	1071	1024.45	82	7.45462
lcl|NW_015386666.1_cds_XP_015670725.1_8421	867	854.597	15	1.63467
lcl|NW_015386666.1_cds_XP_015670727.2_8422	681	636.849	52.2641	7.64307
lcl|NW_015386666.1_cds_XP_015670728.1_8423	684	659.773	0	0
lcl|NW_015386666.1_cds_XP_029139843.1_8424	687	661.951	10.7359	1.51048
lcl|NW_015386666.1_cds_XP_015670729.1_8425	2592	2622.98	32	1.1362
lcl|NW_015386666.1_cds_XP_015670738.1_8426	1188	1185.26	6	0.471455
lcl|NW_015386666.1_cds_XP_015670730.1_8427	1149	1116.75	186.386	15.5439
lcl|NW_015386666.1_cds_XP_015670731.1_8428	1059	1044.85	179.614	16.0098
lcl|NW_015386666.1_cds_XP_015670740.1_8429	1344	1305.95	0	0
lcl|NW_015386667.1_cds_XP_015670741.1_8430	305	256.802	139	50.4102
lcl|NW_015386668.1_cds_XP_015670744.1_8431	798	725.666	0	0
lcl|NW_015386668.1_cds_XP_015670742.2_8432	930	868.767	311	33.3394
lcl|NW_015386668.1_cds_XP_015670745.2_8433	3576	3660.64	6	0.15265
lcl|NW_015386668.1_cds_XP_015670746.1_8434	582	543.949	0	0
lcl|NW_015386668.1_cds_XP_015670747.1_8435	2631	2566.43	2	0.0725773
lcl|NW_015386670.1_cds_XP_015670748.1_8436	891	852.91	16	1.7471
lcl|NW_015386670.1_cds_XP_015670749.1_8437	660	638.689	642	93.6154
lcl|NW_015386670.1_cds_XP_015670751.1_8438	864	828.945	380	42.6932
lcl|NW_015386670.1_cds_XP_015670750.1_8439	1374	1343.46	128	8.87332
lcl|NW_015386670.1_cds_XP_015670753.1_8440	2529	2472.52	854.5	32.1865
lcl|NW_015386670.1_cds_XP_015670752.1_8441	2529	2472.52	854.5	32.1865
lcl|NW_015386670.1_cds_XP_015670755.1_8442	537	479.96	14	2.71659
lcl|NW_015386671.1_cds_XP_015670763.1_8443	513	441.555	58	12.2333
lcl|NW_015386671.1_cds_XP_015670756.1_8444	738	737.604	82	10.3536
lcl|NW_015386671.1_cds_XP_015670757.1_8445	570	539.201	73	12.6088
lcl|NW_015386671.1_cds_XP_015670758.1_8446	1410	1352.51	46	3.16752
lcl|NW_015386671.1_cds_XP_015670759.1_8447	1794	1705.56	3	0.163816
lcl|NW_015386671.1_cds_XP_015670762.1_8448	756	711.355	0	0
lcl|NW_015386671.1_cds_XP_029139848.1_8449	11124	10811.6	2034	17.5212
lcl|NW_015386671.1_cds_XP_015670761.1_8450	1233	1220.74	63	4.8064
lcl|NW_015386672.1_cds_XP_015670765.1_8451	1275	1260.84	165	12.1878
lcl|NW_015386672.1_cds_XP_015670773.1_8452	1068	1029.95	0	0
lcl|NW_015386672.1_cds_XP_015670766.1_8453	4020	3984.15	2	0.0467515
lcl|NW_015386672.1_cds_XP_015670767.2_8454	3594	3470.04	9	0.241551
lcl|NW_015386672.1_cds_XP_015670774.2_8455	1404	1365.95	0	0
lcl|NW_015386672.1_cds_XP_015670776.1_8456	4044	3831.08	1	0.0243097
lcl|NW_015386672.1_cds_XP_029139849.1_8457	3855	3696.34	9	0.226763
lcl|NW_015386672.1_cds_XP_015670780.1_8458	696	657.949	0	0
lcl|NW_015386672.1_cds_XP_029139850.1_8459	1056	1052.45	1	0.088491
lcl|NW_015386672.1_cds_XP_015670782.1_8460	648	596.124	2	0.31246
lcl|NW_015386672.1_cds_XP_015670781.1_8461	741	687.291	0	0
lcl|NW_015386672.1_cds_XP_029139851.1_8462	2085	2018.26	4	0.18458
lcl|NW_015386672.1_cds_XP_015670784.1_8463	2751	2712.95	0	0
lcl|NW_015386672.1_cds_XP_015670785.1_8464	615	532.393	7	1.22452
lcl|NW_015386672.1_cds_XP_015670779.1_8465	522	464.779	3	0.60114
lcl|NW_015386672.1_cds_XP_015670768.1_8466	858	835.286	23.0711	2.57238
lcl|NW_015386672.1_cds_XP_015670769.1_8467	858	835.286	23.0711	2.57238
lcl|NW_015386672.1_cds_XP_015670771.1_8468	636	602.594	78.688	12.1614
lcl|NW_015386672.1_cds_XP_015670770.1_8469	825	803.169	12.1697	1.41116
lcl|NW_015386672.1_cds_XP_015670786.1_8470	1275	1250.67	461	34.3289
lcl|NW_015386672.1_cds_XP_029139852.1_8471	180	141.949	0	0
lcl|NW_015386672.1_cds_XP_015670787.1_8472	2118	2079.95	0	0
lcl|NW_015386672.1_cds_XP_015670772.1_8473	918	893.698	17	1.77157
lcl|NW_015386673.1_cds_XP_015670788.1_8474	912	906.104	202	20.7623
lcl|NW_015386673.1_cds_XP_015670796.1_8475	3993	4053.49	7	0.160831
lcl|NW_015386673.1_cds_XP_015670789.1_8476	7215	7298.46	79	1.00808
lcl|NW_015386673.1_cds_XP_015670791.1_8477	717	699.78	158	21.0279
lcl|NW_015386673.1_cds_XP_015670797.1_8478	549	527.584	155	27.3616
lcl|NW_015386673.1_cds_XP_015670792.1_8479	1119	1124.59	1755	145.34
lcl|NW_015386673.1_cds_XP_015670795.1_8480	1431	1386.37	509	34.1933
lcl|NW_015386673.1_cds_XP_015670793.1_8481	1431	1387.02	0	0
lcl|NW_015386674.1_cds_XP_015670822.2_8482	2235	2252.12	183	7.56765
lcl|NW_015386674.1_cds_XP_015670825.1_8483	576	531.684	1	0.175165
lcl|NW_015386674.1_cds_XP_015670798.1_8484	1740	1694.09	375.667	20.6523
lcl|NW_015386674.1_cds_XP_015670799.1_8485	1740	1694.09	375.667	20.6523
lcl|NW_015386674.1_cds_XP_015670800.1_8486	1740	1694.09	375.667	20.6523
lcl|NW_015386674.1_cds_XP_015670826.1_8487	858	814.895	3	0.342863
lcl|NW_015386674.1_cds_XP_015670827.2_8488	1173	1134.95	0	0
lcl|NW_015386674.1_cds_XP_015670829.1_8489	387	348.949	0	0
lcl|NW_015386674.1_cds_XP_015670801.1_8490	2367	2189.31	49	2.08444
lcl|NW_015386674.1_cds_XP_015670802.1_8491	840	774.099	166	19.9716
lcl|NW_015386674.1_cds_XP_015670830.2_8492	900	861.949	0	0
lcl|NW_015386674.1_cds_XP_015670804.1_8493	831	813.835	26.9495	3.08402
lcl|NW_015386674.1_cds_XP_015670803.1_8494	903	897.371	81.0505	8.41172
lcl|NW_015386674.1_cds_XP_015670807.1_8495	597	570.335	33	5.38872
lcl|NW_015386674.1_cds_XP_015670805.1_8496	597	564.661	0	0
lcl|NW_015386674.1_cds_XP_029139854.1_8497	942	827.659	31	3.48828
lcl|NW_015386674.1_cds_XP_015670809.1_8498	2142	2018.77	71.254	3.28718
lcl|NW_015386674.1_cds_XP_015670823.1_8499	1701	1691.56	3	0.165172
lcl|NW_015386674.1_cds_XP_015670810.1_8500	1047	992.521	553.689	51.955
lcl|NW_015386674.1_cds_XP_029139858.1_8501	396	307.403	12	3.63559
lcl|NW_015386674.1_cds_XP_015670812.1_8502	468	440.885	12	2.53488
lcl|NW_015386674.1_cds_XP_015670813.1_8503	2667	2742.15	139	4.7209
lcl|NW_015386674.1_cds_XP_015670814.1_8504	1398	1412.21	75	4.94611
lcl|NW_015386674.1_cds_XP_015670815.1_8505	951	933.131	254	25.3508
lcl|NW_015386674.1_cds_XP_015670816.1_8506	321	293.143	1280	406.661
lcl|NW_015386674.1_cds_XP_015670831.1_8507	732	693.949	0	0
lcl|NW_015386674.1_cds_XP_015670818.1_8508	753	692.633	0	0
lcl|NW_015386674.1_cds_XP_015670819.1_8509	651	596.998	17.1553	2.67626
lcl|NW_015386674.1_cds_XP_015670832.1_8510	228	181.541	12.8447	6.58944
lcl|NW_015386674.1_cds_XP_015670833.1_8511	1602	1542.27	13	0.785027
lcl|NW_015386674.1_cds_XP_015670820.1_8512	1941	1899.3	454	22.262
lcl|NW_015386674.1_cds_XP_029139856.1_8513	2847	2835.5	121	3.97427
lcl|NW_015386674.1_cds_XP_029139859.1_8514	6936	6848.76	5	0.0679923
lcl|NW_015386675.1_cds_XP_015670849.1_8515	957	918.949	0	0
lcl|NW_015386675.1_cds_XP_015670850.1_8516	993	954.949	0	0
lcl|NW_015386675.1_cds_XP_015670834.1_8517	2169	2156.36	45	1.94354
lcl|NW_015386675.1_cds_XP_015670835.1_8518	2178	2143	397	17.2532
lcl|NW_015386675.1_cds_XP_015670836.1_8519	2190	2190.18	1	0.0425228
lcl|NW_015386675.1_cds_XP_015670837.1_8520	3006	2989.6	7	0.218065
lcl|NW_015386675.1_cds_XP_015670851.1_8521	1290	1279.16	23	1.67457
lcl|NW_015386675.1_cds_XP_015670840.1_8522	747	708.949	0	0
lcl|NW_015386675.1_cds_XP_015670842.1_8523	744	729.174	1	0.127723
lcl|NW_015386675.1_cds_8524	408	369.949	0	0
lcl|NW_015386675.1_cds_XP_015670841.1_8525	747	708.949	0	0
lcl|NW_015386675.1_cds_XP_015670838.1_8526	747	708.949	0	0
lcl|NW_015386675.1_cds_XP_029139862.1_8527	882	843.949	0	0
lcl|NW_015386675.1_cds_8528	426	387.949	0	0
lcl|NW_015386675.1_cds_8529	426	383.02	5	1.21577
lcl|NW_015386675.1_cds_XP_015670853.1_8530	1776	1737.95	0	0
lcl|NW_015386675.1_cds_XP_015670855.1_8531	480	435.747	9.5	2.03044
lcl|NW_015386675.1_cds_XP_015670856.1_8532	480	435.747	9.5	2.03044
lcl|NW_015386675.1_cds_XP_015670844.1_8533	561	510.628	11.5	2.09746
lcl|NW_015386675.1_cds_XP_015670845.1_8534	561	510.628	11.5	2.09746
lcl|NW_015386675.1_cds_XP_015670843.1_8535	825	689.925	55	7.42441
lcl|NW_015386675.1_cds_XP_015670854.1_8536	2145	2161.6	266.075	11.4638
lcl|NW_015386675.1_cds_XP_015670846.1_8537	3243	3261.5	633.925	18.1018
lcl|NW_015386675.1_cds_XP_015670847.1_8538	2169	2019.75	33	1.52166
lcl|NW_015386675.1_cds_XP_015670848.1_8539	1743	1727.26	267.591	14.4283
lcl|NW_015386676.1_cds_XP_015670865.1_8540	540	525.938	3	0.531237
lcl|NW_015386676.1_cds_XP_015670857.1_8541	1404	1391.82	236	15.7917
lcl|NW_015386676.1_cds_XP_015670859.1_8542	1248	1224.57	0	0
lcl|NW_015386676.1_cds_XP_015670861.1_8543	1893	1868.57	0	0
lcl|NW_015386676.1_cds_XP_015670863.1_8544	1851	1831.27	0	0
lcl|NW_015386676.1_cds_XP_015670860.1_8545	1965	1953.96	0	0
lcl|NW_015386676.1_cds_XP_015670864.1_8546	1713	1700.3	0	0
lcl|NW_015386676.1_cds_XP_015670862.1_8547	1827	1828.02	7	0.35663
lcl|NW_015386677.1_cds_XP_015670873.1_8548	1866	1821.13	10	0.511401
lcl|NW_015386677.1_cds_XP_015670874.1_8549	666	627.949	0	0
lcl|NW_015386677.1_cds_XP_015670875.1_8550	1350	1324.55	17	1.19531
lcl|NW_015386677.1_cds_XP_015670866.1_8551	966	857.01	24	2.60811
lcl|NW_015386677.1_cds_XP_015670867.1_8552	2664	2597.67	60	2.15114
lcl|NW_015386677.1_cds_XP_015670868.1_8553	594	544.587	166.05	28.3971
lcl|NW_015386677.1_cds_XP_015670869.1_8554	519	485.894	13.9495	2.67374
lcl|NW_015386677.1_cds_XP_015670876.1_8555	741	692.366	4	0.538053
lcl|NW_015386677.1_cds_XP_015670870.1_8556	2736	2672.88	4	0.139374
lcl|NW_015386677.1_cds_XP_015670872.1_8557	1278	1235.56	87	6.5578
lcl|NW_015386678.1_cds_XP_015670886.1_8558	699	660.949	0	0
lcl|NW_015386678.1_cds_XP_015670877.1_8559	567	518.925	6835	1226.69
lcl|NW_015386678.1_cds_XP_015670878.1_8560	1977	1985.74	75	3.51754
lcl|NW_015386678.1_cds_XP_015670879.1_8561	2043	1987.74	5.10858	0.239355
lcl|NW_015386678.1_cds_XP_015670880.1_8562	1665	1598.64	17.8914	1.04231
lcl|NW_015386678.1_cds_XP_015670882.1_8563	1554	1446.13	349	22.4761
lcl|NW_015386678.1_cds_XP_015670884.1_8564	2355	2314.12	17	0.68417
lcl|NW_015386678.1_cds_XP_015670883.1_8565	1293	1250.91	102	7.59406
lcl|NW_015386678.1_cds_XP_015670885.1_8566	906	908.587	15	1.53754
lcl|NW_015386679.1_cds_XP_015670922.1_8567	1695	1583.26	2	0.117646
lcl|NW_015386679.1_cds_XP_029139876.1_8568	1947	1908.95	0	0
lcl|NW_015386679.1_cds_XP_015670924.1_8569	1785	1686.59	57	3.14751
lcl|NW_015386679.1_cds_XP_015670925.1_8570	780	684.658	2691	366.051
lcl|NW_015386679.1_cds_XP_015670927.2_8571	13296	12385.3	10	0.0751957
lcl|NW_015386679.1_cds_XP_029139865.1_8572	1458	1360.95	8	0.547456
lcl|NW_015386679.1_cds_XP_015670887.1_8573	2835	2708.81	94	3.23185
lcl|NW_015386679.1_cds_XP_015670906.1_8574	795	699.701	139	18.5014
lcl|NW_015386679.1_cds_XP_029139867.1_8575	1017	963.733	5	0.483186
lcl|NW_015386679.1_cds_XP_029139868.1_8576	2241	2246.89	5	0.207248
lcl|NW_015386679.1_cds_XP_015670890.1_8577	1206	1138	38	3.10986
lcl|NW_015386679.1_cds_XP_015670889.1_8578	1212	1144.15	0	0
lcl|NW_015386679.1_cds_XP_015670888.1_8579	1575	1484.69	1264	79.2889
lcl|NW_015386679.1_cds_XP_029139869.1_8580	3147	2915.41	19	0.606954
lcl|NW_015386679.1_cds_XP_015670930.1_8581	1779	1646.09	22	1.24472
lcl|NW_015386679.1_cds_XP_015670931.1_8582	3183	2891.83	29	0.933958
lcl|NW_015386679.1_cds_XP_029139878.1_8583	1704	1557.02	2	0.119629
lcl|NW_015386679.1_cds_XP_015670932.1_8584	813	774.949	0	0
lcl|NW_015386679.1_cds_XP_015670910.1_8585	4239	3980.53	1	0.023397
lcl|NW_015386679.1_cds_XP_015670933.1_8586	489	434.603	3	0.64288
lcl|NW_015386679.1_cds_XP_015670911.1_8587	1548	1509.95	0	0
lcl|NW_015386679.1_cds_XP_015670893.1_8588	957	876.8	19.5234	2.07375
lcl|NW_015386679.1_cds_XP_015670891.1_8589	972	888.102	61.4766	6.44686
lcl|NW_015386679.1_cds_XP_015670934.1_8590	729	690.949	0	0
lcl|NW_015386679.1_cds_XP_015670912.1_8591	1833	1715.32	19	1.03159
lcl|NW_015386679.1_cds_XP_015670913.1_8592	756	666.924	4	0.558579
lcl|NW_015386679.1_cds_XP_015670935.2_8593	1170	1090.59	10	0.853964
lcl|NW_015386679.1_cds_XP_015670894.1_8594	561	482.853	287.703	55.492
lcl|NW_015386679.1_cds_XP_015670895.1_8595	549	467.089	346.297	69.0479
lcl|NW_015386679.1_cds_XP_029139870.1_8596	6651	6376.5	7	0.102239
lcl|NW_015386679.1_cds_XP_015670896.1_8597	1251	1103.67	131	11.0543
lcl|NW_015386679.1_cds_XP_015670897.1_8598	1854	1719.14	38	2.05861
lcl|NW_015386679.1_cds_XP_015670898.1_8599	4245	3869.07	24	0.577705
lcl|NW_015386679.1_cds_XP_015670936.1_8600	1806	1656.56	22	1.23685
lcl|NW_015386679.1_cds_XP_015670938.1_8601	726	660.463	239	33.7016
lcl|NW_015386679.1_cds_XP_015670916.1_8602	1836	1670.51	5	0.278755
lcl|NW_015386679.1_cds_XP_029139871.1_8603	2751	2560.36	4	0.145499
lcl|NW_015386679.1_cds_XP_015670939.1_8604	636	574.592	7	1.13459
lcl|NW_015386679.1_cds_XP_029139872.1_8605	3495	3371.97	17	0.469533
lcl|NW_015386679.1_cds_XP_015670940.1_8606	618	527.707	196	34.5911
lcl|NW_015386679.1_cds_XP_015670941.1_8607	1065	1026.95	0	0
lcl|NW_015386679.1_cds_XP_015670919.1_8608	6087	5677.58	11	0.180439
lcl|NW_015386679.1_cds_XP_015670899.1_8609	651	567.169	11	1.80626
lcl|NW_015386679.1_cds_XP_029139873.1_8610	1056	973.508	6	0.574002
lcl|NW_015386679.1_cds_XP_015670942.1_8611	846	773.97	38	4.57257
lcl|NW_015386679.1_cds_XP_015670943.1_8612	681	583.863	11	1.75462
lcl|NW_015386679.1_cds_XP_015670901.1_8613	3780	3477.48	5	0.133908
lcl|NW_015386679.1_cds_XP_015670944.1_8614	1050	906.218	8	0.822164
lcl|NW_015386679.1_cds_XP_015670945.1_8615	2271	2112.24	49	2.1605
lcl|NW_015386679.1_cds_XP_029139874.1_8616	1569	1441.64	61.1163	3.94823
lcl|NW_015386679.1_cds_XP_029139875.1_8617	1566	1438.34	163.884	10.6114
lcl|NW_015386679.1_cds_XP_015670905.1_8618	1221	1162.85	111	8.89001
lcl|NW_015386679.1_cds_XP_015670903.1_8619	1695	1587.73	7	0.410603
lcl|NW_015386679.1_cds_XP_015670946.1_8620	2031	1905.8	9	0.439811
lcl|NW_015386679.1_cds_XP_015670921.1_8621	516	450.877	4	0.826234
lcl|NW_015386680.1_cds_XP_029139879.1_8622	14922	14490.9	6	0.0385617
lcl|NW_015386680.1_cds_XP_015670949.1_8623	2376	2325.07	35	1.40195
lcl|NW_015386680.1_cds_XP_015670950.1_8624	1437	1322.19	127	8.94561
lcl|NW_015386680.1_cds_XP_015670951.1_8625	849	810.949	0	0
lcl|NW_015386681.1_cds_XP_015670958.1_8626	2523	2317.77	1	0.040182
lcl|NW_015386681.1_cds_XP_029139882.1_8627	2163	2124.95	0	0
lcl|NW_015386681.1_cds_XP_015670976.1_8628	636	540.983	20.6386	3.55303
lcl|NW_015386681.1_cds_XP_015670977.1_8629	570	488.559	201.361	38.3849
lcl|NW_015386681.1_cds_XP_015670961.1_8630	1785	1455.16	1	0.0640016
lcl|NW_015386681.1_cds_XP_029139883.1_8631	1377	1338.95	0	0
lcl|NW_015386681.1_cds_XP_015670962.1_8632	441	336.705	5	1.383
lcl|NW_015386681.1_cds_XP_015670980.2_8633	381	325.306	10	2.86292
lcl|NW_015386681.1_cds_XP_015670963.1_8634	1875	1700.44	1	0.0547697
lcl|NW_015386681.1_cds_XP_015670964.1_8635	1098	1059.95	0	0
lcl|NW_015386681.1_cds_XP_029139884.1_8636	1935	1896.95	0	0
lcl|NW_015386681.1_cds_XP_015670966.1_8637	996	957.949	0	0
lcl|NW_015386681.1_cds_XP_015670967.1_8638	996	957.949	0	0
lcl|NW_015386681.1_cds_XP_029139885.1_8639	2142	2010.61	5	0.231603
lcl|NW_015386681.1_cds_XP_015670968.1_8640	1845	1653.4	6	0.337967
lcl|NW_015386681.1_cds_XP_015670969.1_8641	1254	1093.64	1	0.0851581
lcl|NW_015386681.1_cds_XP_015670952.1_8642	1290	1164.77	7	0.559706
lcl|NW_015386681.1_cds_XP_015670953.1_8643	1191	1089.63	100	8.54714
lcl|NW_015386681.1_cds_XP_015670970.1_8644	1617	1578.95	0	0
lcl|NW_015386681.1_cds_XP_015670982.1_8645	1173	1108.17	29	2.4372
lcl|NW_015386681.1_cds_XP_015670972.1_8646	6498	6058.94	3	0.0461133
lcl|NW_015386681.1_cds_XP_015670954.1_8647	933	798.716	27	3.14827
lcl|NW_015386681.1_cds_XP_015670985.1_8648	927	888.949	0	0
lcl|NW_015386681.1_cds_XP_015670984.1_8649	951	897.574	19	1.97144
lcl|NW_015386681.1_cds_XP_015670986.1_8650	1185	1068.35	54	4.70741
lcl|NW_015386681.1_cds_XP_015670987.1_8651	273	208.79	7.5	3.34544
lcl|NW_015386681.1_cds_XP_015670988.1_8652	273	208.79	7.5	3.34544
lcl|NW_015386681.1_cds_XP_015670989.1_8653	657	587.163	41	6.50319
lcl|NW_015386681.1_cds_XP_029139880.1_8654	627	541.533	10	1.71979
lcl|NW_015386681.1_cds_XP_015670956.1_8655	315	276.949	0	0
lcl|NW_015386681.1_cds_XP_015670990.1_8656	573	534.949	0	0
lcl|NW_015386681.1_cds_XP_015670957.1_8657	915	895.059	0	0
lcl|NW_015386681.1_cds_XP_015670973.1_8658	657	636.32	1	0.146361
lcl|NW_015386681.1_cds_XP_029139886.1_8659	1497	1458.95	0	0
lcl|NW_015386681.1_cds_XP_015670975.1_8660	6291	5641.28	1	0.0165091
lcl|NW_015386681.1_cds_XP_015670992.1_8661	972	903.479	4	0.412329
lcl|NW_015386682.1_cds_XP_015670994.1_8662	1287	1262.29	3	0.221342
lcl|NW_015386682.1_cds_XP_015670993.1_8663	1185	1185.01	1644	129.205
lcl|NW_015386683.1_cds_XP_015670995.1_8664	450	398.579	20.6667	4.829
lcl|NW_015386683.1_cds_XP_015670996.1_8665	450	398.579	20.6667	4.829
lcl|NW_015386683.1_cds_XP_015670997.1_8666	450	398.579	20.6667	4.829
lcl|NW_015386683.1_cds_XP_015670998.1_8667	495	447.721	298	61.9883
lcl|NW_015386683.1_cds_XP_015670999.1_8668	1398	1329.35	191	13.3812
lcl|NW_015386683.1_cds_XP_015671000.1_8669	1128	1136.91	22	1.80218
lcl|NW_015386683.1_cds_XP_015671001.1_8670	1128	1136.91	22	1.80218
lcl|NW_015386683.1_cds_XP_015671010.1_8671	927	919.885	38	3.84726
lcl|NW_015386683.1_cds_XP_015671002.1_8672	1032	1051.16	41	3.63258
lcl|NW_015386683.1_cds_XP_015671008.1_8673	414	401.009	70	16.2572
lcl|NW_015386683.1_cds_XP_015671004.1_8674	693	652.765	227	32.387
lcl|NW_015386683.1_cds_XP_015671011.1_8675	645	608.633	9	1.37717
lcl|NW_015386683.1_cds_XP_015671005.1_8676	8001	8197.01	420.263	4.77493
lcl|NW_015386683.1_cds_XP_015671012.1_8677	378	304.57	51.2034	15.6572
lcl|NW_015386683.1_cds_XP_015671006.1_8678	1215	1231	239.419	18.1134
lcl|NW_015386683.1_cds_XP_015671007.1_8679	1818	1773.55	195.229	10.2518
lcl|NW_015386683.1_cds_XP_015671009.1_8680	372	333.685	1	0.279103
lcl|NW_015386684.1_cds_XP_015671025.1_8681	975	953.852	864	84.3595
lcl|NW_015386684.1_cds_XP_029139887.1_8682	567	540.912	115	19.8003
lcl|NW_015386684.1_cds_XP_029139888.1_8683	5490	5507.1	153	2.58744
lcl|NW_015386684.1_cds_XP_029139889.1_8684	3090	3103.25	115	3.45129
lcl|NW_015386684.1_cds_XP_015671028.1_8685	2280	2132.61	222.762	9.72817
lcl|NW_015386684.1_cds_XP_015671029.1_8686	5963	5894.57	826	13.0506
lcl|NW_015386684.1_cds_XP_015671016.1_8687	510	418.79	27	6.00439
lcl|NW_015386684.1_cds_XP_015671017.1_8688	1389	1327.38	242.5	17.0144
lcl|NW_015386684.1_cds_XP_015671018.1_8689	1389	1327.38	242.5	17.0144
lcl|NW_015386684.1_cds_XP_015671019.1_8690	1533	1488.44	224	14.0158
lcl|NW_015386684.1_cds_XP_015671020.1_8691	573	483.174	21	4.04778
lcl|NW_015386684.1_cds_XP_015671022.1_8692	1689	1626.56	501.363	28.7068
lcl|NW_015386684.1_cds_XP_015671021.1_8693	1701	1675.37	83.6372	4.64932
lcl|NW_015386684.1_cds_XP_015671023.1_8694	2685	2689.22	36	1.24675
lcl|NW_015386684.1_cds_XP_015671030.1_8695	900	852.516	5.55716	0.607087
lcl|NW_015386685.1_cds_XP_015671038.1_8696	405	358.418	439	114.071
lcl|NW_015386685.1_cds_XP_015671037.1_8697	471	415.201	0	0
lcl|NW_015386685.1_cds_XP_015671031.1_8698	1593	1537.13	216	13.0871
lcl|NW_015386685.1_cds_XP_029139890.1_8699	1818	1752.61	29	1.54104
lcl|NW_015386685.1_cds_XP_015671032.1_8700	3126	3067.08	107	3.24908
lcl|NW_015386685.1_cds_XP_015671036.1_8701	3087	3014.73	16	0.494279
lcl|NW_015386686.1_cds_XP_029139891.1_8702	654	627.404	8	1.18753
lcl|NW_015386686.1_cds_XP_015671040.1_8703	3102	3012.18	1248	38.5864
lcl|NW_015386686.1_cds_XP_015671041.1_8704	3099	3106.54	83	2.4883
lcl|NW_015386686.1_cds_XP_015671042.1_8705	1569	1520.57	297.333	18.2112
lcl|NW_015386686.1_cds_XP_015671043.1_8706	1569	1520.57	297.333	18.2112
lcl|NW_015386686.1_cds_XP_015671044.1_8707	1569	1520.57	297.333	18.2112
lcl|NW_015386686.1_cds_XP_015671046.1_8708	240	187.202	517	257.207
lcl|NW_015386686.1_cds_XP_015671045.1_8709	1329	1320.05	238	16.7914
lcl|NW_015386686.1_cds_XP_015671051.1_8710	4233	4300.66	532.435	11.5301
lcl|NW_015386686.1_cds_XP_015671048.1_8711	1605	1578.59	139.855	8.25105
lcl|NW_015386686.1_cds_XP_015671049.1_8712	1605	1578.59	139.855	8.25105
lcl|NW_015386686.1_cds_XP_015671050.1_8713	1605	1578.59	139.855	8.25105
lcl|NW_015386686.1_cds_XP_015671068.1_8714	6135	6182.74	24	0.36152
lcl|NW_015386686.1_cds_XP_029139892.1_8715	2946	2917.33	14	0.446934
lcl|NW_015386686.1_cds_XP_015671056.1_8716	969	945.98	24	2.36282
lcl|NW_015386686.1_cds_XP_015671053.1_8717	1152	1139.9	197.441	16.1314
lcl|NW_015386686.1_cds_XP_015671054.1_8718	1041	1030.21	155.279	14.0375
lcl|NW_015386686.1_cds_XP_015671055.1_8719	1041	1030.21	155.279	14.0375
lcl|NW_015386686.1_cds_XP_015671070.1_8720	7839	7644.25	124	1.51073
lcl|NW_015386686.1_cds_XP_015671057.1_8721	1494	1416.67	104	6.83701
lcl|NW_015386686.1_cds_XP_015671059.1_8722	897	898.835	632.928	65.5807
lcl|NW_015386686.1_cds_XP_015671058.1_8723	903	904.314	132.072	13.6017
lcl|NW_015386686.1_cds_XP_015671061.1_8724	1680	1668.57	182	10.1585
lcl|NW_015386686.1_cds_XP_015671062.1_8725	738	737.445	775	97.8754
lcl|NW_015386686.1_cds_XP_029139893.1_8726	1815	1776.95	0	0
lcl|NW_015386686.1_cds_XP_015671073.2_8727	1848	1809.95	0	0
lcl|NW_015386686.1_cds_XP_015671063.1_8728	2352	2376.66	390	15.2827
lcl|NW_015386686.1_cds_XP_015671072.1_8729	3111	3115.46	189	5.6499
lcl|NW_015386686.1_cds_XP_015671064.1_8730	4584	4612.61	1116	22.533
lcl|NW_015386686.1_cds_XP_015671065.1_8731	1350	1327.44	2387	167.471
lcl|NW_015386686.1_cds_XP_015671066.1_8732	396	317.475	64	18.7746
lcl|NW_015386686.1_cds_XP_015671067.1_8733	1695	1721.85	103	5.57112
lcl|NW_015386687.1_cds_XP_029139894.1_8734	2862	2895.46	11	0.353815
lcl|NW_015386687.1_cds_XP_015671074.1_8735	2616	2677.19	156	5.42684
lcl|NW_015386687.1_cds_XP_015671081.1_8736	1509	1486.39	3	0.18797
lcl|NW_015386687.1_cds_XP_015671075.1_8737	1584	1561.13	47	2.80388
lcl|NW_015386687.1_cds_XP_015671076.1_8738	1716	1745.32	105	5.60293
lcl|NW_015386687.1_cds_XP_015671077.2_8739	3921	3984.69	51	1.192
lcl|NW_015386687.1_cds_XP_029139895.1_8740	2676	2700.55	2	0.0689729
lcl|NW_015386687.1_cds_XP_029139896.1_8741	375	355.084	7	1.83598
lcl|NW_015386687.1_cds_XP_029139897.1_8742	1632	1650.91	49	2.76423
lcl|NW_015386688.1_cds_XP_015671090.1_8743	843	850.607	50	5.47448
lcl|NW_015386688.1_cds_XP_015671083.1_8744	1923	1930.87	663	31.9788
lcl|NW_015386688.1_cds_XP_029139898.1_8745	1995	1947.91	8	0.382492
lcl|NW_015386688.1_cds_XP_015671085.1_8746	225	193.437	165.667	79.7622
lcl|NW_015386688.1_cds_XP_015671086.1_8747	225	193.437	165.667	79.7622
lcl|NW_015386688.1_cds_XP_015671087.1_8748	225	193.437	165.667	79.7622
lcl|NW_015386688.1_cds_XP_015671088.1_8749	2271	2246.02	145	6.01252
lcl|NW_015386689.1_cds_XP_015671091.1_8750	1467	1234.79	15	1.13135
lcl|NW_015386690.1_cds_XP_029139899.1_8751	945	906.949	0	0
lcl|NW_015386690.1_cds_XP_015671093.2_8752	930	920.288	1	0.101199
lcl|NW_015386690.1_cds_XP_015671094.1_8753	939	900.949	0	0
lcl|NW_015386690.1_cds_XP_015671095.1_8754	945	906.949	0	0
lcl|NW_015386690.1_cds_XP_015671096.1_8755	993	954.949	0	0
lcl|NW_015386690.1_cds_XP_015671103.1_8756	1032	948.617	9	0.883594
lcl|NW_015386690.1_cds_XP_015671104.1_8757	375	311.736	1676	500.712
lcl|NW_015386690.1_cds_8758	429	381.781	39	9.51375
lcl|NW_015386690.1_cds_8759	408	369.949	0	0
lcl|NW_015386690.1_cds_8760	375	336.949	0	0
lcl|NW_015386690.1_cds_XP_015671097.1_8761	957	918.949	0	0
lcl|NW_015386690.1_cds_XP_015671098.1_8762	957	918.949	0	0
lcl|NW_015386690.1_cds_XP_015671100.1_8763	957	918.949	0	0
lcl|NW_015386690.1_cds_XP_015671101.1_8764	951	912.949	0	0
lcl|NW_015386690.1_cds_XP_015671102.1_8765	951	912.949	0	0
lcl|NW_015386691.1_cds_XP_015671105.1_8766	8316	8325.81	87	0.973182
lcl|NW_015386691.1_cds_XP_015671115.1_8767	951	750.743	1	0.124054
lcl|NW_015386691.1_cds_XP_029139900.1_8768	1464	1475.34	27	1.70441
lcl|NW_015386691.1_cds_XP_015671106.1_8769	978	950.209	50.6866	4.96793
lcl|NW_015386691.1_cds_XP_015671111.1_8770	819	775.407	0	0
lcl|NW_015386691.1_cds_XP_015671108.1_8771	852	800.235	56.1549	6.53539
lcl|NW_015386691.1_cds_XP_015671109.1_8772	852	800.235	56.1549	6.53539
lcl|NW_015386691.1_cds_XP_015671107.1_8773	711	650.012	0.00359489	0.000515069
lcl|NW_015386691.1_cds_XP_029139901.1_8774	2058	2023.12	58.2057	2.67945
lcl|NW_015386691.1_cds_XP_015671112.1_8775	573	540.862	9.79427	1.6865
lcl|NW_015386692.1_cds_XP_015671116.1_8776	5475	5419.04	28	0.481212
lcl|NW_015386692.1_cds_XP_015671117.1_8777	1428	1429.64	46	2.99662
lcl|NW_015386692.1_cds_XP_029139904.1_8778	1140	1136.15	1	0.0819717
lcl|NW_015386692.1_cds_XP_015671118.1_8779	1605	1620.35	45	2.58646
lcl|NW_015386692.1_cds_XP_015671119.1_8780	1758	1759.02	902	47.7569
lcl|NW_015386692.1_cds_XP_029139903.1_8781	9279	9400.98	159.5	1.58012
lcl|NW_015386692.1_cds_XP_029139902.1_8782	9279	9400.98	159.5	1.58012
lcl|NW_015386692.1_cds_XP_015671120.2_8783	1488	1512.39	99	6.09638
lcl|NW_015386692.1_cds_XP_015671121.1_8784	1581	1457.83	47	3.00257
lcl|NW_015386692.1_cds_XP_015671123.1_8785	918	863.226	249.224	26.8885
lcl|NW_015386692.1_cds_XP_015671124.1_8786	819	776.635	542.776	65.0887
lcl|NW_015386692.1_cds_XP_015671130.1_8787	690	674.396	37.6113	5.19403
lcl|NW_015386692.1_cds_XP_015671129.1_8788	693	679.474	35.3887	4.85058
lcl|NW_015386692.1_cds_XP_015671125.1_8789	1023	1013.09	10155	933.542
lcl|NW_015386693.1_cds_XP_015671131.1_8790	1077	972.269	67.4284	6.45889
lcl|NW_015386693.1_cds_XP_015671133.1_8791	828	787.28	552	65.2997
lcl|NW_015386693.1_cds_XP_015671140.1_8792	2055	2004	4	0.185893
lcl|NW_015386693.1_cds_XP_015671134.1_8793	390	352.81	278	73.3847
lcl|NW_015386693.1_cds_XP_015671141.1_8794	810	771.949	0	0
lcl|NW_015386693.1_cds_XP_029139905.1_8795	648	609.949	0	0
lcl|NW_015386693.1_cds_XP_015671138.1_8796	843	804.949	0	0
lcl|NW_015386693.1_cds_XP_015671139.1_8797	2784	2782.33	4	0.133891
lcl|NW_015386693.1_cds_XP_015671136.2_8798	2877	2795.56	134	4.46413
lcl|NW_015386693.1_cds_XP_015671142.1_8799	348	311.017	1	0.299445
lcl|NW_015386694.1_cds_XP_015671143.1_8800	5148	5126.09	212	3.85169
lcl|NW_015386694.1_cds_XP_015671144.1_8801	1482	1474.82	2	0.126297
lcl|NW_015386694.1_cds_XP_015671145.1_8802	1704	1713.49	10	0.543525
lcl|NW_015386695.1_cds_XP_015671147.1_8803	2013	2041.6	54	2.46334
lcl|NW_015386695.1_cds_XP_015671148.1_8804	1353	1403.87	204	13.5334
lcl|NW_015386697.1_cds_XP_015671149.1_8805	3135	3116.33	75	2.2414
lcl|NW_015386697.1_cds_XP_029139910.1_8806	3411	3389.49	2	0.0549538
lcl|NW_015386697.1_cds_XP_015671163.1_8807	669	616.125	6	0.90695
lcl|NW_015386697.1_cds_XP_015671151.1_8808	3822	3774.31	6	0.148052
lcl|NW_015386697.1_cds_XP_029139906.1_8809	3999	3940.01	0	0
lcl|NW_015386697.1_cds_XP_015671164.1_8810	792	771.597	1	0.120701
lcl|NW_015386697.1_cds_XP_015671152.1_8811	789	783.373	232.86	27.6839
lcl|NW_015386697.1_cds_XP_015671153.1_8812	753	745.117	183.14	22.8908
lcl|NW_015386697.1_cds_XP_015671154.1_8813	5514	5540.49	498	8.3711
lcl|NW_015386697.1_cds_XP_029139907.1_8814	3042	2950.99	0	0
lcl|NW_015386697.1_cds_XP_029139908.1_8815	2940	2853.44	0	0
lcl|NW_015386697.1_cds_XP_015671155.1_8816	2931	2845.99	0	0
lcl|NW_015386697.1_cds_XP_029139909.1_8817	2640	2549.9	1	0.036524
lcl|NW_015386697.1_cds_XP_015671160.1_8818	2283	2305.46	73	2.94895
lcl|NW_015386697.1_cds_XP_015671156.1_8819	2034	1980.99	102	4.79533
lcl|NW_015386697.1_cds_XP_015671158.1_8820	2169	2131.77	148.887	6.50457
lcl|NW_015386697.1_cds_XP_015671159.1_8821	2091	2056.3	263.113	11.9167
lcl|NW_015386697.1_cds_XP_015671165.1_8822	1494	1342.2	50	3.4694
lcl|NW_015386697.1_cds_XP_015671161.1_8823	2475	2454.39	258	9.7899
lcl|NW_015386697.1_cds_XP_015671166.1_8824	1575	1480.87	1	0.0628904
lcl|NW_015386699.1_cds_XP_029139913.1_8825	4425	4538.42	64.7975	1.32971
lcl|NW_015386699.1_cds_XP_015671170.1_8826	4212	4307.74	180.202	3.89594
lcl|NW_015386699.1_cds_XP_029139912.1_8827	3372	3432.61	0	0
lcl|NW_015386699.1_cds_XP_029139911.1_8828	3495	3564.53	0	0
lcl|NW_015386700.1_cds_XP_029139917.1_8829	2406	2443.55	1.70577	0.0650131
lcl|NW_015386700.1_cds_XP_029139914.1_8830	2772	2835.42	0	0
lcl|NW_015386700.1_cds_XP_029139916.1_8831	2409	2448.42	0.294231	0.0111919
lcl|NW_015386700.1_cds_XP_015671171.1_8832	2481	2525.87	0	0
lcl|NW_015386700.1_cds_XP_029139915.1_8833	2487	2530.08	0	0
lcl|NW_015386701.1_cds_XP_015671174.2_8834	1023	993.371	172.485	16.1712
lcl|NW_015386701.1_cds_XP_029139918.1_8835	1656	1617.95	0	0
lcl|NW_015386701.1_cds_XP_015671176.1_8836	3081	3045.43	173	5.29052
lcl|NW_015386701.1_cds_XP_029139919.1_8837	735	696.949	0	0
lcl|NW_015386701.1_cds_XP_015671178.1_8838	1629	1590.95	0	0
lcl|NW_015386702.1_cds_XP_015671186.1_8839	375	327.805	0	0
lcl|NW_015386702.1_cds_XP_015671184.1_8840	1758	1781.92	119	6.21956
lcl|NW_015386702.1_cds_XP_029139922.1_8841	930	891.949	0	0
lcl|NW_015386702.1_cds_XP_015671179.1_8842	471	438.195	9	1.91283
lcl|NW_015386702.1_cds_XP_029139920.1_8843	8079	8180.84	0	0
lcl|NW_015386702.1_cds_XP_015671180.1_8844	7398	7473.51	19	0.236772
lcl|NW_015386702.1_cds_XP_015671182.1_8845	3351	3413.1	72	1.96465
lcl|NW_015386702.1_cds_XP_015671183.1_8846	1269	1216.62	502	38.4282
lcl|NW_015386702.1_cds_XP_015671187.1_8847	306	242.12	31	11.9243
lcl|NW_015386702.1_cds_XP_029139921.1_8848	396	361.482	1528	393.675
lcl|NW_015386703.1_cds_XP_029139923.1_8849	1452	1395.19	1	0.0667528
lcl|NW_015386703.1_cds_XP_015671188.1_8850	999	960.323	1217	118.025
lcl|NW_015386703.1_cds_XP_015671189.1_8851	3939	4008.66	94	2.18388
lcl|NW_015386703.1_cds_XP_015671190.1_8852	3978	4046.11	8.23797e-07	1.8962e-08
lcl|NW_015386703.1_cds_XP_015671191.1_8853	3507	3604.19	0	0
lcl|NW_015386703.1_cds_XP_015671192.1_8854	3546	3641.71	0	0
lcl|NW_015386704.1_cds_XP_015671213.2_8855	399	360.949	0	0
lcl|NW_015386704.1_cds_XP_015671195.1_8856	480	420.526	93.2671	20.6556
lcl|NW_015386704.1_cds_XP_015671196.1_8857	444	392.354	115.733	27.4714
lcl|NW_015386704.1_cds_XP_015671198.1_8858	222	187.515	435	216.05
lcl|NW_015386704.1_cds_XP_015671197.1_8859	978	940.5	31	3.06976
lcl|NW_015386704.1_cds_XP_029139925.1_8860	648	609.949	0	0
lcl|NW_015386704.1_cds_XP_029139926.1_8861	540	501.949	0	0
lcl|NW_015386704.1_cds_XP_015671217.1_8862	627	618.758	3	0.451546
lcl|NW_015386704.1_cds_XP_015671219.1_8863	1050	1011.95	0	0
lcl|NW_015386704.1_cds_XP_015671218.1_8864	1062	1023.95	0	0
lcl|NW_015386704.1_cds_XP_015671199.1_8865	294	255.647	51.3333	18.7008
lcl|NW_015386704.1_cds_XP_015671200.1_8866	294	255.647	51.3333	18.7008
lcl|NW_015386704.1_cds_XP_015671201.1_8867	294	255.647	51.3333	18.7008
lcl|NW_015386704.1_cds_XP_029139927.1_8868	591	501.674	5	0.928218
lcl|NW_015386704.1_cds_XP_029139924.1_8869	2955	2961.45	416	13.0825
lcl|NW_015386704.1_cds_XP_015671202.1_8870	621	580.089	289	46.3986
lcl|NW_015386704.1_cds_XP_015671204.1_8871	1179	1152.93	19	1.5348
lcl|NW_015386704.1_cds_XP_015671206.1_8872	1239	1217.24	311	23.795
lcl|NW_015386704.1_cds_XP_015671207.1_8873	1035	1024.65	51	4.63549
lcl|NW_015386704.1_cds_XP_029139928.1_8874	3297	3178.88	388	11.3673
lcl|NW_015386704.1_cds_XP_015671220.1_8875	621	522.132	3	0.535109
lcl|NW_015386704.1_cds_XP_015671209.1_8876	1941	1984.35	248.947	11.684
lcl|NW_015386704.1_cds_XP_015671210.1_8877	816	721.005	14	1.80839
lcl|NW_015386704.1_cds_XP_015671211.1_8878	1830	1770.05	185	9.73391
lcl|NW_015386704.1_cds_XP_015671212.1_8879	699	645.394	397.445	57.3526
lcl|NW_015386705.1_cds_XP_015671221.1_8880	603	577.627	1127	181.71
lcl|NW_015386705.1_cds_XP_015671236.1_8881	471	438.701	46	9.7654
lcl|NW_015386705.1_cds_XP_015671237.1_8882	471	438.701	46	9.7654
lcl|NW_015386705.1_cds_XP_029139931.1_8883	435	396.949	0	0
lcl|NW_015386705.1_cds_XP_015671222.1_8884	552	532.65	64	11.1902
lcl|NW_015386705.1_cds_XP_029139929.1_8885	951	953.841	118	11.5215
lcl|NW_015386705.1_cds_XP_015671225.1_8886	264	219.112	121	51.4305
lcl|NW_015386705.1_cds_XP_015671226.1_8887	264	219.112	121	51.4305
lcl|NW_015386705.1_cds_XP_015671231.1_8888	1557	1551.54	24	1.44062
lcl|NW_015386705.1_cds_XP_015671238.1_8889	258	212.502	123	53.9067
lcl|NW_015386705.1_cds_XP_029139932.1_8890	516	473.285	1	0.196779
lcl|NW_015386705.1_cds_XP_015671227.1_8891	1893	1845.86	9971	503.086
lcl|NW_015386705.1_cds_XP_029139933.1_8892	2148	2109.95	0	0
lcl|NW_015386705.1_cds_XP_015671229.1_8893	2697	2717.58	593	20.3223
lcl|NW_015386705.1_cds_XP_015671230.1_8894	2760	2779.5	266	8.91283
lcl|NW_015386705.1_cds_XP_029139930.1_8895	4086	4098.94	24	0.545308
lcl|NW_015386705.1_cds_XP_015671235.1_8896	2205	2128.17	378	16.542
lcl|NW_015386706.1_cds_XP_029139934.1_8897	1083	1032.15	13	1.17301
lcl|NW_015386706.1_cds_XP_015671265.1_8898	1392	1309.06	0	0
lcl|NW_015386706.1_cds_XP_029139943.1_8899	2844	2644.03	10	0.352237
lcl|NW_015386706.1_cds_XP_015671266.1_8900	495	404.516	22	5.0651
lcl|NW_015386706.1_cds_XP_015671267.2_8901	948	831.024	3	0.336209
lcl|NW_015386706.1_cds_XP_029139935.1_8902	822	783.949	0	0
lcl|NW_015386706.1_cds_XP_029139939.1_8903	1413	1374.95	0	0
lcl|NW_015386706.1_cds_XP_015671243.1_8904	2244	2049.93	2	0.090864
lcl|NW_015386706.1_cds_XP_015671245.1_8905	3087	3048.95	0	0
lcl|NW_015386706.1_cds_XP_015671269.1_8906	1044	1005.95	0	0
lcl|NW_015386706.1_cds_XP_015671270.1_8907	1632	1593.95	0	0
lcl|NW_015386706.1_cds_XP_015671271.1_8908	1413	1332.26	15	1.04859
lcl|NW_015386706.1_cds_XP_015671246.2_8909	762	677.92	2	0.27476
lcl|NW_015386706.1_cds_XP_015671272.1_8910	897	776.402	0	0
lcl|NW_015386706.1_cds_XP_029139940.1_8911	6780	6741.95	0	0
lcl|NW_015386706.1_cds_XP_029139941.1_8912	1554	1515.95	0	0
lcl|NW_015386706.1_cds_XP_015671275.1_8913	3069	2941.1	2	0.0633317
lcl|NW_015386706.1_cds_XP_015671278.1_8914	864	764.463	0	0
lcl|NW_015386706.1_cds_XP_015671276.1_8915	933	824.192	11	1.24298
lcl|NW_015386706.1_cds_XP_015671277.1_8916	954	849.104	0	0
lcl|NW_015386706.1_cds_XP_015671279.1_8917	3207	2952.98	14	0.441538
lcl|NW_015386706.1_cds_XP_015671248.1_8918	660	565.946	7	1.15192
lcl|NW_015386706.1_cds_XP_015671280.1_8919	1194	1083.38	11	0.945614
lcl|NW_015386706.1_cds_XP_015671281.1_8920	1344	1305.95	0	0
lcl|NW_015386706.1_cds_XP_015671282.1_8921	2607	2568.95	0	0
lcl|NW_015386706.1_cds_XP_015671283.1_8922	633	532.198	20	3.49992
lcl|NW_015386706.1_cds_XP_015671249.1_8923	1500	1253.46	1	0.0743006
lcl|NW_015386706.1_cds_XP_015671284.1_8924	1998	1782.08	0	0
lcl|NW_015386706.1_cds_XP_015671287.1_8925	1869	1661.27	5	0.280305
lcl|NW_015386706.1_cds_XP_015671288.1_8926	2148	1911.23	0	0
lcl|NW_015386706.1_cds_XP_015671285.1_8927	2004	1789.9	0	0
lcl|NW_015386706.1_cds_XP_015671289.1_8928	1503	1404.64	23	1.52498
lcl|NW_015386706.1_cds_XP_015671250.1_8929	1536	1497.95	0	0
lcl|NW_015386706.1_cds_XP_015671290.1_8930	3186	2919.53	1	0.0318999
lcl|NW_015386706.1_cds_XP_029139936.1_8931	4362	3951.66	2	0.0471359
lcl|NW_015386706.1_cds_XP_015671291.1_8932	612	561.963	7	1.16009
lcl|NW_015386706.1_cds_XP_029139942.1_8933	1941	1902.95	0	0
lcl|NW_015386706.1_cds_XP_015671254.1_8934	6936	6254.04	4	0.0595663
lcl|NW_015386706.1_cds_XP_015671255.1_8935	2832	2793.95	0	0
lcl|NW_015386706.1_cds_XP_015671292.1_8936	1029	911.692	2	0.204307
lcl|NW_015386706.1_cds_XP_015671256.1_8937	1359	1230.33	3	0.227092
lcl|NW_015386706.1_cds_XP_015671257.1_8938	2166	2025.46	51.1058	2.3499
lcl|NW_015386706.1_cds_XP_015671293.1_8939	1119	1008.06	10	0.923877
lcl|NW_015386706.1_cds_XP_015671258.1_8940	3507	2859.35	1	0.0325712
lcl|NW_015386706.1_cds_XP_015671241.1_8941	819	725.268	371	47.6406
lcl|NW_015386706.1_cds_XP_029139937.1_8942	7398	7051.19	25	0.330201
lcl|NW_015386706.1_cds_XP_015671259.1_8943	1557	1442.42	117	7.5543
lcl|NW_015386706.1_cds_XP_015671260.1_8944	516	370.98	10	2.51045
lcl|NW_015386706.1_cds_XP_015671261.1_8945	1524	1457.12	111	7.09463
lcl|NW_015386706.1_cds_XP_015671296.1_8946	489	430.615	1	0.216278
lcl|NW_015386706.1_cds_XP_015671262.2_8947	1227	1067.68	820	71.5276
lcl|NW_015386706.1_cds_XP_015671264.2_8948	2490	2344.08	1.00457	0.0399125
lcl|NW_015386707.1_cds_XP_015671297.1_8949	1911	1978.66	1	0.0470685
lcl|NW_015386709.1_cds_XP_015671300.2_8950	384	332.817	168	47.0116
lcl|NW_015386709.1_cds_XP_015671299.1_8951	3024	3128.68	1	0.0297674
lcl|NW_015386709.1_cds_XP_015671301.1_8952	324	272.023	19	6.50502
lcl|NW_015386709.1_cds_XP_015671298.1_8953	4068	4029.95	0	0
lcl|NW_015386710.1_cds_XP_029139945.1_8954	774	735.949	0	0
lcl|NW_015386710.1_cds_XP_015671310.1_8955	1380	1364.19	4	0.273078
lcl|NW_015386710.1_cds_XP_015671302.1_8956	4137	4254.18	118.998	2.6051
lcl|NW_015386710.1_cds_XP_015671303.1_8957	2328	2325.46	164	6.56806
lcl|NW_015386710.1_cds_XP_015671305.1_8958	2202	2201.32	70	2.96154
lcl|NW_015386710.1_cds_XP_015671306.1_8959	2025	1973.67	63	2.97282
lcl|NW_015386710.1_cds_XP_015671311.1_8960	2682	2721.47	18	0.615985
lcl|NW_015386710.1_cds_XP_029139944.1_8961	3081	3127.76	135.323	4.02939
lcl|NW_015386710.1_cds_XP_015671313.1_8962	2586	2510.81	726	26.9292
lcl|NW_015386710.1_cds_XP_015671307.1_8963	1296	1276.93	8	0.58348
lcl|NW_015386710.1_cds_XP_015671308.1_8964	1110	1106.1	131	11.0301
lcl|NW_015386711.1_cds_XP_029139946.1_8965	1410	1330.54	6	0.419977
lcl|NW_015386711.1_cds_XP_015671332.1_8966	528	489.949	0	0
lcl|NW_015386711.1_cds_XP_015671324.1_8967	498	459.949	0	0
lcl|NW_015386711.1_cds_XP_029139947.1_8968	990	951.949	0	0
lcl|NW_015386711.1_cds_XP_015671326.2_8969	1452	1413.95	0	0
lcl|NW_015386711.1_cds_XP_015671333.1_8970	765	657.084	121	17.1501
lcl|NW_015386711.1_cds_XP_015671315.1_8971	855	769.639	151.553	18.3391
lcl|NW_015386711.1_cds_XP_015671317.1_8972	855	783.153	114.587	13.6267
lcl|NW_015386711.1_cds_XP_015671318.1_8973	747	656.614	91.7494	13.0135
lcl|NW_015386711.1_cds_XP_015671320.1_8974	747	670.128	65.4444	9.09528
lcl|NW_015386711.1_cds_XP_015671321.1_8975	855	764.803	143.75	17.505
lcl|NW_015386711.1_cds_XP_015671316.1_8976	855	778.317	108.413	12.9726
lcl|NW_015386711.1_cds_XP_015671322.1_8977	747	651.779	86.0877	12.3011
lcl|NW_015386711.1_cds_XP_015671319.1_8978	747	665.292	61.1791	8.56431
lcl|NW_015386711.1_cds_XP_029139948.1_8979	7554	6916.5	8	0.107722
lcl|NW_015386711.1_cds_XP_015671330.1_8980	453	414.949	0	0
lcl|NW_015386711.1_cds_XP_015671331.1_8981	2625	2384.52	25	0.976429
lcl|NW_015386711.1_cds_XP_015671334.1_8982	1167	1059.27	1	0.0879212
lcl|NW_015386712.1_cds_XP_015671335.1_8983	1350	1344.63	117	8.10373
lcl|NW_015386712.1_cds_XP_015671336.1_8984	1152	1046.45	12	1.06798
lcl|NW_015386712.1_cds_XP_015671352.1_8985	486	449.046	3	0.622203
lcl|NW_015386712.1_cds_XP_015671337.1_8986	4239	4309.86	226	4.88368
lcl|NW_015386712.1_cds_XP_029139953.1_8987	8031	8342.88	44	0.491177
lcl|NW_015386712.1_cds_XP_015671339.1_8988	1743	1704.53	278	15.1894
lcl|NW_015386712.1_cds_XP_015671340.1_8989	210	170.996	56	30.5002
lcl|NW_015386712.1_cds_XP_015671341.1_8990	210	170.996	56	30.5002
lcl|NW_015386712.1_cds_XP_029139950.1_8991	5085	5072.27	84	1.54233
lcl|NW_015386712.1_cds_XP_015671342.1_8992	1644	1592.17	2162.42	126.489
lcl|NW_015386712.1_cds_XP_015671343.1_8993	1608	1564.26	923.577	54.9877
lcl|NW_015386712.1_cds_XP_015671344.1_8994	1101	1067.94	1011	88.1671
lcl|NW_015386712.1_cds_XP_015671346.2_8995	306	260.551	791	282.738
lcl|NW_015386712.1_cds_XP_015671347.1_8996	414	389.878	34.9154	8.34046
lcl|NW_015386712.1_cds_XP_015671348.1_8997	2328	2296.96	348.085	14.1134
lcl|NW_015386712.1_cds_XP_015671353.1_8998	2649	2627.03	7.53128	0.266997
lcl|NW_015386712.1_cds_XP_015671354.1_8999	2676	2686.47	4.46872	0.154918
lcl|NW_015386712.1_cds_XP_029139951.1_9000	2337	2299.08	0	0
lcl|NW_015386712.1_cds_XP_015671350.1_9001	2346	2305.14	0	0
lcl|NW_015386712.1_cds_XP_029139952.1_9002	2337	2306.58	11	0.444146
lcl|NW_015386713.1_cds_XP_029139958.1_9003	2112	1988.14	31	1.45217
lcl|NW_015386713.1_cds_XP_015671356.1_9004	1350	1293.67	5	0.359954
lcl|NW_015386713.1_cds_XP_029139954.1_9005	1113	1017.24	1	0.0915541
lcl|NW_015386713.1_cds_XP_015671366.1_9006	2910	2770.23	11	0.369809
lcl|NW_015386713.1_cds_XP_029139956.1_9007	2952	2812.02	1.4909e-05	4.93778e-07
lcl|NW_015386713.1_cds_XP_015671360.2_9008	762	599.142	1	0.155443
lcl|NW_015386713.1_cds_XP_015671367.1_9009	1443	1303.7	26	1.85736
lcl|NW_015386713.1_cds_XP_015671362.1_9010	525	486.949	0	0
lcl|NW_015386713.1_cds_XP_029139957.1_9011	792	753.949	0	0
lcl|NW_015386713.1_cds_XP_015671368.1_9012	2535	2340.22	0.0153708	0.000611702
lcl|NW_015386713.1_cds_XP_015671369.1_9013	2514	2320.36	32.9846	1.32391
lcl|NW_015386713.1_cds_XP_015671358.1_9014	867	774.458	75	9.01913
lcl|NW_015386713.1_cds_XP_015671364.1_9015	438	364.309	1	0.255642
lcl|NW_015386713.1_cds_XP_015671370.1_9016	921	832.555	120.5	13.4796
lcl|NW_015386713.1_cds_XP_015671371.1_9017	921	832.555	120.5	13.4796
lcl|NW_015386713.1_cds_XP_015671365.1_9018	936	907.04	36	3.69639
lcl|NW_015386713.1_cds_XP_029139955.1_9019	990	897.778	1	0.103737
lcl|NW_015386713.1_cds_XP_015671374.1_9020	1659	1620.95	0	0
lcl|NW_015386714.1_cds_XP_015671375.1_9021	2934	2906.42	79	2.53145
lcl|NW_015386714.1_cds_XP_015671377.1_9022	1740	1704.55	232.896	12.7249
lcl|NW_015386714.1_cds_XP_015671376.1_9023	1779	1745.1	1507.69	80.4624
lcl|NW_015386714.1_cds_XP_015671378.1_9024	1701	1670.8	0.414151	0.0230854
lcl|NW_015386715.1_cds_XP_015671379.1_9025	1005	970.289	4	0.383937
lcl|NW_015386715.1_cds_XP_015671380.1_9026	1404	1376.46	17	1.15024
lcl|NW_015386715.1_cds_XP_015671387.1_9027	1215	1213.93	16	1.22752
lcl|NW_015386715.1_cds_XP_029139959.1_9028	2349	2392.45	148	5.76131
lcl|NW_015386715.1_cds_XP_015671382.1_9029	1266	1238.78	124.587	9.36657
lcl|NW_015386715.1_cds_XP_015671384.1_9030	1323	1200.41	141.775	10.9995
lcl|NW_015386715.1_cds_XP_015671383.1_9031	669	609.127	199.225	30.4606
lcl|NW_015386715.1_cds_XP_015671388.1_9032	1359	1320.95	0	0
lcl|NW_015386715.1_cds_XP_015671386.1_9033	1191	1082.8	801	68.8948
lcl|NW_015386715.1_cds_XP_015671389.1_9034	2304	2346.05	179	7.10586
lcl|NW_015386716.1_cds_XP_015671390.1_9035	1047	1008.95	0	0
lcl|NW_015386716.1_cds_XP_015671394.1_9036	2310	2271.95	0	0
lcl|NW_015386716.1_cds_XP_015671391.1_9037	522	496.344	898	168.498
lcl|NW_015386716.1_cds_XP_015671392.1_9038	522	496.344	898	168.498
lcl|NW_015386716.1_cds_XP_015671393.1_9039	6180	6098.43	891.709	13.6178
lcl|NW_015386717.1_cds_XP_015671407.1_9040	864	825.949	0	0
lcl|NW_015386717.1_cds_XP_015671395.1_9041	477	438.949	0	0
lcl|NW_015386717.1_cds_XP_015671397.1_9042	1605	1522.95	6	0.366917
lcl|NW_015386717.1_cds_XP_015671398.2_9043	687	664.917	128.011	17.93
lcl|NW_015386717.1_cds_XP_015671399.2_9044	684	660.657	399.989	56.3863
lcl|NW_015386717.1_cds_XP_029139961.1_9045	1116	1119.37	308	25.626
lcl|NW_015386717.1_cds_XP_015671401.1_9046	3366	3349.87	98	2.72458
lcl|NW_015386717.1_cds_XP_015671402.1_9047	1488	1390.66	54	3.61639
lcl|NW_015386717.1_cds_XP_015671403.1_9048	981	934.418	160	15.947
lcl|NW_015386717.1_cds_XP_015671404.1_9049	1443	1354.34	42	2.88817
lcl|NW_015386717.1_cds_XP_029139960.1_9050	1779	1771.5	6	0.315437
lcl|NW_015386717.1_cds_XP_015671405.1_9051	2091	2108.75	178	7.86132
lcl|NW_015386717.1_cds_XP_015671406.1_9052	1263	1240.26	4	0.300365
lcl|NW_015386718.1_cds_XP_015671409.1_9053	3435	3537.64	200	5.26524
lcl|NW_015386718.1_cds_XP_015671410.1_9054	2436	2446.02	37	1.40878
lcl|NW_015386718.1_cds_XP_015671411.1_9055	2949	2893.49	77	2.4784
lcl|NW_015386718.1_cds_XP_015671412.1_9056	1569	1472.72	3	0.189715
lcl|NW_015386718.1_cds_XP_015671413.1_9057	780	766.498	3.70862	0.450612
lcl|NW_015386719.1_cds_XP_015671420.2_9058	4299	4280.17	69	1.50137
lcl|NW_015386719.1_cds_XP_015671421.1_9059	1518	1479.95	0	0
lcl|NW_015386719.1_cds_XP_029139963.1_9060	2637	2629.19	18	0.637604
lcl|NW_015386719.1_cds_XP_015671422.2_9061	9504	9487.83	401	3.93621
lcl|NW_015386719.1_cds_XP_015671415.1_9062	4878	4915.03	63	1.19376
lcl|NW_015386719.1_cds_XP_015671416.1_9063	987	948.949	0	0
lcl|NW_015386719.1_cds_XP_015671417.1_9064	987	948.949	0	0
lcl|NW_015386719.1_cds_XP_015671423.1_9065	1257	1139.09	10	0.817606
lcl|NW_015386719.1_cds_XP_029139964.1_9066	2385	2351.09	3	0.118838
lcl|NW_015386719.1_cds_XP_015671418.1_9067	1626	1571.92	796	47.1611
lcl|NW_015386719.1_cds_XP_015671430.2_9068	2460	2449.22	1	0.0380253
lcl|NW_015386719.1_cds_XP_015671425.1_9069	2496	2530.53	1	0.0368036
lcl|NW_015386719.1_cds_XP_029139965.1_9070	2607	2568.95	0	0
lcl|NW_015386719.1_cds_XP_029139966.1_9071	2541	2502.95	0	0
lcl|NW_015386719.1_cds_XP_029139967.1_9072	2406	2367.95	0	0
lcl|NW_015386719.1_cds_XP_029139969.1_9073	1626	1587.95	0	0
lcl|NW_015386720.1_cds_XP_015671432.1_9074	3207	3238.67	45	1.29404
lcl|NW_015386720.1_cds_XP_015671436.1_9075	768	729.949	0	0
lcl|NW_015386720.1_cds_XP_015671433.1_9076	1656	1667.25	159	8.88174
lcl|NW_015386720.1_cds_XP_029139970.1_9077	1068	1021.7	15	1.36732
lcl|NW_015386720.1_cds_XP_015671434.1_9078	1632	1678.41	320	17.7564
lcl|NW_015386720.1_cds_XP_015671440.1_9079	261	201.729	15.25	7.04049
lcl|NW_015386720.1_cds_XP_015671441.1_9080	261	201.729	15.25	7.04049
lcl|NW_015386720.1_cds_XP_015671442.1_9081	261	201.729	15.25	7.04049
lcl|NW_015386720.1_cds_XP_015671443.1_9082	261	201.729	15.25	7.04049
lcl|NW_015386720.1_cds_XP_015671444.1_9083	810	748.202	108	13.4433
lcl|NW_015386720.1_cds_XP_029139971.1_9084	810	747.001	14	1.74545
lcl|NW_015386720.1_cds_XP_015671447.1_9085	360	321.949	0	0
lcl|NW_015386720.1_cds_XP_015671448.1_9086	546	493.154	5	0.944254
lcl|NW_015386721.1_cds_XP_015671449.1_9087	2379	2387.17	83	3.23814
lcl|NW_015386722.1_cds_XP_015671450.1_9088	1275	1203.15	300	23.2221
lcl|NW_015386722.1_cds_XP_015671452.1_9089	2133	2054.65	16	0.725243
lcl|NW_015386722.1_cds_XP_015671456.1_9090	627	575.679	108	17.4721
lcl|NW_015386722.1_cds_XP_029139972.1_9091	1101	1098.67	2	0.169537
lcl|NW_015386722.1_cds_XP_015671451.1_9092	924	863.153	124	13.3794
lcl|NW_015386722.1_cds_XP_015671453.1_9093	1563	1583.87	1	0.0588006
lcl|NW_015386722.1_cds_XP_015671455.1_9094	1755	1716.95	0	0
lcl|NW_015386723.1_cds_XP_015671458.1_9095	2028	2053.55	1303	59.0936
lcl|NW_015386723.1_cds_XP_015671459.1_9096	900	814.681	8	0.914542
lcl|NW_015386723.1_cds_XP_015671466.1_9097	2127	1994.74	11	0.513579
lcl|NW_015386723.1_cds_XP_015671467.1_9098	2781	2733.04	25	0.851913
lcl|NW_015386723.1_cds_XP_029139973.1_9099	1332	1286.43	5	0.36198
lcl|NW_015386723.1_cds_XP_029139974.1_9100	1788	1803.13	27	1.39457
lcl|NW_015386723.1_cds_XP_015671460.1_9101	1356	1383	39	2.6263
lcl|NW_015386723.1_cds_XP_015671468.1_9102	882	843.949	0	0
lcl|NW_015386723.1_cds_XP_015671461.1_9103	921	844.589	4460	491.803
lcl|NW_015386723.1_cds_XP_015671462.2_9104	837	751.625	7	0.867358
lcl|NW_015386724.1_cds_XP_029139979.1_9105	585	593.083	37.5478	5.89617
lcl|NW_015386724.1_cds_XP_015671480.1_9106	14421	14709.1	918.579	5.81608
lcl|NW_015386724.1_cds_XP_015671469.1_9107	765	749.167	885	110.019
lcl|NW_015386724.1_cds_XP_015671485.1_9108	3111	3047.58	3	0.0916784
lcl|NW_015386724.1_cds_XP_015671486.1_9109	771	719.156	23	2.97856
lcl|NW_015386724.1_cds_XP_029139975.1_9110	1260	1222.02	7	0.533482
lcl|NW_015386724.1_cds_XP_015671488.1_9111	1554	1309.96	2	0.142191
lcl|NW_015386724.1_cds_XP_015671489.1_9112	876	834.165	103	11.4997
lcl|NW_015386724.1_cds_XP_029139976.1_9113	792	779.695	8	0.955579
lcl|NW_015386724.1_cds_XP_015671473.1_9114	921	853.74	42	4.58168
lcl|NW_015386724.1_cds_XP_015671474.1_9115	1677	1664.69	117	6.54566
lcl|NW_015386724.1_cds_XP_015671475.1_9116	771	695.5	305.5	40.9087
lcl|NW_015386724.1_cds_XP_015671477.1_9117	771	695.5	305.5	40.9087
lcl|NW_015386724.1_cds_XP_015671481.1_9118	6042	6166.42	296	4.47054
lcl|NW_015386724.1_cds_XP_029139977.1_9119	2121	2186.85	36	1.53315
lcl|NW_015386724.1_cds_XP_015671490.1_9120	2064	2025.95	0	0
lcl|NW_015386724.1_cds_XP_015671482.1_9121	1200	1161.95	0	0
lcl|NW_015386724.1_cds_XP_029139981.1_9122	1869	1830.95	0	0
lcl|NW_015386724.1_cds_XP_015671479.1_9123	1164	1057.47	35	3.08248
lcl|NW_015386724.1_cds_XP_029139978.1_9124	1203	1240.37	46	3.45388
lcl|NW_015386724.1_cds_XP_029139980.1_9125	1857	1843.11	17	0.859013
lcl|NW_015386725.1_cds_XP_015671491.1_9126	579	498.931	98	18.2931
lcl|NW_015386725.1_cds_XP_015671493.1_9127	3591	3532.62	0	0
lcl|NW_015386725.1_cds_XP_015671492.1_9128	3687	3627.2	262	6.72715
lcl|NW_015386725.1_cds_XP_015671495.1_9129	1653	1607.68	203.882	11.8108
lcl|NW_015386725.1_cds_XP_015671494.1_9130	1542	1503.39	404.118	25.0344
lcl|NW_015386725.1_cds_XP_015671496.1_9131	3777	3815.42	31	0.756695
lcl|NW_015386725.1_cds_XP_029139984.1_9132	1287	1281.19	34	2.47153
lcl|NW_015386725.1_cds_XP_015671497.1_9133	933	927.138	4	0.401806
lcl|NW_015386725.1_cds_XP_015671499.1_9134	14373	13875.1	6463	43.3809
lcl|NW_015386725.1_cds_XP_015671500.1_9135	369	333.465	72.1699	20.1562
lcl|NW_015386725.1_cds_XP_015671501.1_9136	363	326.699	1509.52	430.322
lcl|NW_015386725.1_cds_XP_029139982.1_9137	390	351.255	10	2.65142
lcl|NW_015386725.1_cds_XP_015671502.1_9138	1368	1396.66	333	22.2052
lcl|NW_015386725.1_cds_XP_015671503.1_9139	480	458.136	8	1.62629
lcl|NW_015386725.1_cds_XP_015671506.1_9140	1812	1828.35	1368	69.6831
lcl|NW_015386725.1_cds_XP_015671504.1_9141	3060	3057.9	129	3.92887
lcl|NW_015386725.1_cds_XP_029139983.1_9142	2103	2123.99	14	0.613871
lcl|NW_015386726.1_cds_XP_029139986.1_9143	8418	9077.76	61.0485	0.626322
lcl|NW_015386726.1_cds_XP_015671511.1_9144	768	731.504	16	2.03706
lcl|NW_015386726.1_cds_XP_029139985.1_9145	330	291.949	0	0
lcl|NW_015386726.1_cds_XP_029139989.1_9146	4719	5186.18	4.32472	0.0776627
lcl|NW_015386726.1_cds_XP_029139988.1_9147	1194	1271.49	22	1.61143
lcl|NW_015386726.1_cds_XP_029139987.1_9148	6195	6732.66	11.6753	0.161504
lcl|NW_015386726.1_cds_XP_029139990.1_9149	645	672.623	2	0.276924
lcl|NW_015386726.1_cds_XP_029139991.1_9150	2598	2559.95	0	0
lcl|NW_015386726.1_cds_XP_015671518.1_9151	402	341.146	54	14.742
lcl|NW_015386726.1_cds_XP_015671517.1_9152	754	715.949	0	0
lcl|NW_015386728.1_cds_XP_015671541.1_9153	2670	2463.65	2.29257e-08	8.66654e-10
lcl|NW_015386728.1_cds_XP_015671540.1_9154	2853	2651.81	0	0
lcl|NW_015386728.1_cds_XP_015671542.1_9155	2865	2656.21	11	0.385684
lcl|NW_015386728.1_cds_XP_015671519.1_9156	1749	1644.47	247	13.9886
lcl|NW_015386728.1_cds_XP_015671531.1_9157	891	635.999	1	0.146435
lcl|NW_015386728.1_cds_XP_029139992.1_9158	1101	1062.95	0	0
lcl|NW_015386728.1_cds_XP_015671521.1_9159	585	511.768	41	7.46126
lcl|NW_015386728.1_cds_XP_015671543.2_9160	684	645.949	0	0
lcl|NW_015386728.1_cds_XP_015671544.1_9161	1788	1580.98	129	7.59916
lcl|NW_015386728.1_cds_XP_015671522.1_9162	984	896.611	20.1708	2.09518
lcl|NW_015386728.1_cds_XP_015671523.1_9163	927	840.338	13.8292	1.53266
lcl|NW_015386728.1_cds_XP_015671524.1_9164	1512	1445.83	26.1675	1.68557
lcl|NW_015386728.1_cds_XP_015671525.1_9165	1173	1114.31	8.8325	0.738207
lcl|NW_015386728.1_cds_XP_015671545.1_9166	540	501.949	0	0
lcl|NW_015386728.1_cds_XP_015671546.1_9167	1185	1146.95	0	0
lcl|NW_015386728.1_cds_XP_015671528.1_9168	450	378.048	403	99.2795
lcl|NW_015386728.1_cds_XP_015671532.1_9169	876	739.896	12	1.51047
lcl|NW_015386728.1_cds_XP_015671526.1_9170	918	808.058	10	1.15255
lcl|NW_015386728.1_cds_XP_015671547.1_9171	633	572.29	41.5	6.75357
lcl|NW_015386728.1_cds_XP_015671548.1_9172	633	572.29	41.5	6.75357
lcl|NW_015386728.1_cds_XP_015671529.1_9173	1305	1230.38	98	7.41803
lcl|NW_015386728.1_cds_XP_029139993.1_9174	1944	1697.62	6	0.329164
lcl|NW_015386728.1_cds_XP_015671549.1_9175	645	572.555	20	3.25323
lcl|NW_015386728.1_cds_XP_015671534.1_9176	1338	1250.61	20	1.48939
lcl|NW_015386728.1_cds_XP_015671535.1_9177	1017	978.949	0	0
lcl|NW_015386728.1_cds_XP_015671551.1_9178	867	760.199	5	0.612553
lcl|NW_015386728.1_cds_XP_015671536.1_9179	2148	2009.66	41	1.90004
lcl|NW_015386728.1_cds_XP_015671552.1_9180	438	386.618	3	0.722671
lcl|NW_015386728.1_cds_XP_015671537.1_9181	1926	1887.95	0	0
lcl|NW_015386728.1_cds_XP_015671530.1_9182	783	718.193	34	4.40899
lcl|NW_015386728.1_cds_XP_015671539.1_9183	909	827.034	3	0.337831
lcl|NW_015386730.1_cds_XP_029139995.1_9184	1320	1319.57	2	0.141156
lcl|NW_015386730.1_cds_XP_015671570.1_9185	666	608.181	9	1.3782
lcl|NW_015386730.1_cds_XP_029139996.1_9186	2055	2012.55	1	0.0462758
lcl|NW_015386730.1_cds_XP_015671553.1_9187	1257	1223.53	925	70.4093
lcl|NW_015386730.1_cds_XP_015671572.1_9188	615	605.03	6	0.923583
lcl|NW_015386730.1_cds_XP_015671554.1_9189	849	789.238	137	16.1664
lcl|NW_015386730.1_cds_XP_015671564.1_9190	2427	2527.82	158750	5848.82
lcl|NW_015386730.1_cds_XP_015671556.1_9191	777	758.211	83547.4	10262.3
lcl|NW_015386730.1_cds_XP_015671555.1_9192	777	721.121	38694.5	4997.39
lcl|NW_015386730.1_cds_XP_015671558.1_9193	774	748.608	1368.12	170.205
lcl|NW_015386730.1_cds_XP_015671557.1_9194	774	747.478	20011.3	2493.32
lcl|NW_015386730.1_cds_XP_015671559.1_9195	774	763.011	180759	22063.3
lcl|NW_015386730.1_cds_NP_001310175.1_9196	774	763.011	180759	22063.3
lcl|NW_015386730.1_cds_XP_015671565.1_9197	522	508.69	517.076	94.6679
lcl|NW_015386730.1_cds_XP_015671560.1_9198	774	750.839	183336	22740.6
lcl|NW_015386730.1_cds_NP_001310176.1_9199	774	750.839	183336	22740.6
lcl|NW_015386730.1_cds_XP_015671573.1_9200	261	218.589	231	98.4204
lcl|NW_015386730.1_cds_XP_015671574.1_9201	261	218.589	231	98.4204
lcl|NW_015386730.1_cds_XP_015671562.1_9202	777	769.847	13773.4	1666.24
lcl|NW_015386730.1_cds_XP_015671566.1_9203	1401	1238.51	49	3.68465
lcl|NW_015386730.1_cds_XP_029139997.1_9204	1512	1455.42	2	0.12798
lcl|NW_015386730.1_cds_XP_015671568.1_9205	927	854.24	4	0.436095
lcl|NW_015386730.1_cds_XP_015671575.1_9206	2013	1901.17	13	0.636829
lcl|NW_015386730.1_cds_XP_015671576.1_9207	1785	1746.95	0	0
lcl|NW_015386730.1_cds_XP_015671577.1_9208	1671	1632.95	0	0
lcl|NW_015386730.1_cds_XP_029139998.1_9209	1185	1133.9	2	0.16427
lcl|NW_015386731.1_cds_XP_015671578.1_9210	954	915.949	0	0
lcl|NW_015386731.1_cds_XP_015671579.1_9211	924	885.949	0	0
lcl|NW_015386731.1_cds_XP_015671580.1_9212	924	885.949	0	0
lcl|NW_015386731.1_cds_XP_015671581.1_9213	933	922.301	1	0.100978
lcl|NW_015386731.1_cds_XP_015671619.1_9214	927	888.949	0	0
lcl|NW_015386731.1_cds_XP_015671582.1_9215	936	897.949	0	0
lcl|NW_015386731.1_cds_XP_029139999.1_9216	939	900.949	0	0
lcl|NW_015386731.1_cds_XP_015671584.1_9217	945	906.949	0	0
lcl|NW_015386731.1_cds_XP_015671585.1_9218	939	900.949	0	0
lcl|NW_015386731.1_cds_XP_015671586.1_9219	939	900.949	0	0
lcl|NW_015386731.1_cds_XP_015671587.1_9220	939	900.949	0	0
lcl|NW_015386731.1_cds_XP_015671620.1_9221	912	873.949	0	0
lcl|NW_015386731.1_cds_XP_015671621.1_9222	924	885.949	0	0
lcl|NW_015386731.1_cds_XP_015671588.1_9223	951	912.949	0	0
lcl|NW_015386731.1_cds_XP_015671589.1_9224	939	900.949	0	0
lcl|NW_015386731.1_cds_XP_015671590.1_9225	936	897.949	0	0
lcl|NW_015386731.1_cds_XP_015671591.1_9226	957	918.949	0	0
lcl|NW_015386731.1_cds_XP_015671592.1_9227	942	903.949	0	0
lcl|NW_015386731.1_cds_XP_015671593.1_9228	942	958.944	1	0.0971198
lcl|NW_015386731.1_cds_XP_015671595.1_9229	942	903.949	0	0
lcl|NW_015386731.1_cds_XP_015671596.1_9230	963	924.949	0	0
lcl|NW_015386731.1_cds_XP_015671597.1_9231	942	903.949	0	0
lcl|NW_015386731.1_cds_XP_015671598.1_9232	942	903.949	0	0
lcl|NW_015386731.1_cds_XP_029140000.1_9233	906	867.949	0	0
lcl|NW_015386731.1_cds_XP_015671600.1_9234	942	903.949	0	0
lcl|NW_015386731.1_cds_XP_015671601.2_9235	993	954.949	0	0
lcl|NW_015386731.1_cds_XP_029140001.1_9236	612	573.949	0	0
lcl|NW_015386731.1_cds_XP_029140002.1_9237	1053	1014.95	0	0
lcl|NW_015386731.1_cds_XP_015671603.1_9238	1038	1044.29	1	0.0891823
lcl|NW_015386731.1_cds_XP_029140003.1_9239	2967	2928.95	0	0
lcl|NW_015386731.1_cds_XP_015671604.1_9240	939	900.949	0	0
lcl|NW_015386731.1_cds_XP_015671606.1_9241	966	927.949	0	0
lcl|NW_015386731.1_cds_XP_015671607.1_9242	939	900.949	0	0
lcl|NW_015386731.1_cds_XP_029140004.1_9243	954	915.949	0	0
lcl|NW_015386731.1_cds_XP_015671609.1_9244	2514	2475.95	0	0
lcl|NW_015386731.1_cds_XP_015671610.1_9245	2331	2292.95	0	0
lcl|NW_015386731.1_cds_XP_015671611.2_9246	942	903.949	0	0
lcl|NW_015386731.1_cds_XP_015671612.1_9247	2340	2301.95	0	0
lcl|NW_015386731.1_cds_XP_015671613.1_9248	942	903.949	0	0
lcl|NW_015386731.1_cds_XP_015671614.1_9249	939	900.949	0	0
lcl|NW_015386731.1_cds_XP_015671615.1_9250	957	1002.83	4	0.371477
lcl|NW_015386731.1_cds_XP_015671617.1_9251	948	909.949	0	0
lcl|NW_015386731.1_cds_XP_015671618.1_9252	972	933.949	0	0
lcl|NW_015386732.1_cds_XP_015671622.1_9253	1431	1439	83	5.37179
lcl|NW_015386732.1_cds_XP_015671623.1_9254	1398	1409.72	631	41.6867
lcl|NW_015386734.1_cds_XP_015671636.1_9255	1428	1231.92	1	0.0755997
lcl|NW_015386734.1_cds_XP_015671624.2_9256	2472	2466.07	68	2.56805
lcl|NW_015386734.1_cds_XP_015671637.2_9257	2241	2239.25	4	0.166363
lcl|NW_015386734.1_cds_XP_015671625.1_9258	1899	1909.81	5014.8	244.548
lcl|NW_015386734.1_cds_XP_015671627.1_9259	1752	1754.63	263.202	13.9703
lcl|NW_015386734.1_cds_XP_015671628.1_9260	1641	1555.55	177	10.5972
lcl|NW_015386734.1_cds_XP_029140005.1_9261	2427	2457.24	0	0
lcl|NW_015386734.1_cds_XP_015671630.1_9262	2052	2103.11	219.648	9.7267
lcl|NW_015386734.1_cds_XP_015671629.2_9263	2163	2229.9	16.3523	0.682959
lcl|NW_015386734.1_cds_XP_015671631.1_9264	435	393.536	29.5	6.98133
lcl|NW_015386734.1_cds_XP_015671632.1_9265	435	393.536	29.5	6.98133
lcl|NW_015386734.1_cds_XP_015671633.1_9266	7713	7835.87	580	6.89354
lcl|NW_015386734.1_cds_XP_029140007.1_9267	5355	5438.11	182	3.11691
lcl|NW_015386735.1_cds_XP_015671639.1_9268	1974	1990.52	896	41.922
lcl|NW_015386735.1_cds_XP_015671641.1_9269	603	604.348	92.5	14.2546
lcl|NW_015386735.1_cds_XP_029140008.1_9270	603	604.348	92.5	14.2546
lcl|NW_015386735.1_cds_XP_015671640.1_9271	3072	3015.92	87	2.68659
lcl|NW_015386735.1_cds_XP_015671642.1_9272	1560	1526.65	2837	173.07
lcl|NW_015386735.1_cds_XP_015671643.1_9273	5334	5539.96	51.7966	0.870754
lcl|NW_015386735.1_cds_XP_029140009.1_9274	5277	5476.61	251.203	4.27184
lcl|NW_015386735.1_cds_XP_015671644.1_9275	405	369.636	140	35.274
lcl|NW_015386736.1_cds_XP_029140010.1_9276	3654	3615.95	0	0
lcl|NW_015386736.1_cds_XP_015671646.1_9277	1395	1281.63	272	19.7655
lcl|NW_015386737.1_cds_XP_029140011.1_9278	915	821.009	0.000420935	4.77495e-05
lcl|NW_015386737.1_cds_XP_015671648.1_9279	912	813.699	0.999579	0.114408
lcl|NW_015386738.1_cds_XP_029140012.1_9280	1599	1580.24	52	3.06465
lcl|NW_015386738.1_cds_XP_015671650.1_9281	1452	1413.95	0	0
lcl|NW_015386738.1_cds_XP_015671653.1_9282	1308	1269.95	0	0
lcl|NW_015386738.1_cds_XP_015671655.1_9283	1173	1134.95	0	0
lcl|NW_015386738.1_cds_XP_015671652.1_9284	1338	1299.95	0	0
lcl|NW_015386738.1_cds_XP_015671654.1_9285	1218	1179.95	0	0
lcl|NW_015386738.1_cds_XP_015671656.1_9286	1551	1548.5	16	0.962298
lcl|NW_015386738.1_cds_XP_029140013.1_9287	1251	1257.79	2	0.14809
lcl|NW_015386738.1_cds_XP_015671658.1_9288	891	869.735	8	0.856652
lcl|NW_015386740.1_cds_XP_015671668.1_9289	4146	4264.83	46	1.00452
lcl|NW_015386740.1_cds_XP_015671659.1_9290	1080	1041.95	0	0
lcl|NW_015386740.1_cds_XP_015671660.1_9291	2220	2239.52	96	3.99225
lcl|NW_015386740.1_cds_XP_015671671.1_9292	2223	2184.95	0	0
lcl|NW_015386740.1_cds_XP_015671670.1_9293	2265	2226.95	0	0
lcl|NW_015386740.1_cds_XP_015671672.1_9294	2190	2151.95	0	0
lcl|NW_015386740.1_cds_XP_015671663.1_9295	594	542.411	2.16215	0.371243
lcl|NW_015386740.1_cds_XP_015671661.1_9296	648	588.23	12.8379	2.03257
lcl|NW_015386740.1_cds_XP_015671669.1_9297	1701	1747.12	235	12.527
lcl|NW_015386740.1_cds_XP_015671673.2_9298	1296	1257.95	0	0
lcl|NW_015386740.1_cds_XP_015671675.1_9299	324	285.208	7	2.2858
lcl|NW_015386740.1_cds_XP_015671676.2_9300	780	628.645	7	1.03704
lcl|NW_015386740.1_cds_XP_015671665.1_9301	1401	1444.08	8	0.51594
lcl|NW_015386740.1_cds_XP_015671666.1_9302	1062	1026.26	28	2.54098
lcl|NW_015386740.1_cds_XP_015671667.1_9303	822	830.668	251	28.1415
lcl|NW_015386740.1_cds_XP_015671677.1_9304	1032	993.949	0	0
lcl|NW_015386741.1_cds_XP_029140014.1_9305	4863	5000.89	1	0.0186232
lcl|NW_015386742.1_cds_XP_015671679.1_9306	609	589.309	32	5.05718
lcl|NW_015386742.1_cds_XP_029140015.1_9307	4581	4679.36	1644.19	32.7241
lcl|NW_015386742.1_cds_XP_015671681.1_9308	3177	3380.66	371	10.2205
lcl|NW_015386742.1_cds_XP_015671682.1_9309	933	908.423	45	4.61345
lcl|NW_015386742.1_cds_XP_015671683.1_9310	429	358.315	218	56.6621
lcl|NW_015386742.1_cds_XP_015671685.1_9311	3894	3906.51	411	9.79838
lcl|NW_015386742.1_cds_XP_015671686.1_9312	648	538.309	5	0.865046
lcl|NW_015386743.1_cds_XP_015671691.1_9313	495	452.051	9	1.8542
lcl|NW_015386743.1_cds_XP_015671692.1_9314	6246	6352.45	9	0.131948
lcl|NW_015386743.1_cds_XP_015671687.1_9315	1827	1846.16	72	3.63216
lcl|NW_015386743.1_cds_XP_015671688.1_9316	1509	1509.74	123	7.58759
lcl|NW_015386743.1_cds_XP_015671693.1_9317	1761	1719.22	214	11.5927
lcl|NW_015386743.1_cds_XP_015671689.1_9318	282	250.984	1145	424.875
lcl|NW_015386743.1_cds_XP_015671690.1_9319	273	242.347	0	0
lcl|NW_015386744.1_cds_XP_015671694.1_9320	3240	3091.13	32	0.964125
lcl|NW_015386744.1_cds_XP_015671711.1_9321	1263	1224.95	0	0
lcl|NW_015386744.1_cds_XP_015671696.2_9322	1920	1815.27	147	7.54186
lcl|NW_015386744.1_cds_XP_015671712.1_9323	246	207.949	0	0
lcl|NW_015386744.1_cds_XP_015671707.1_9324	3210	3052.98	2	0.0610109
lcl|NW_015386744.1_cds_XP_015671713.1_9325	489	442.221	2	0.421203
lcl|NW_015386744.1_cds_XP_029140016.1_9326	8310	8433.59	44	0.485894
lcl|NW_015386744.1_cds_XP_029140018.1_9327	4995	4622.91	25	0.503646
lcl|NW_015386744.1_cds_XP_015671697.1_9328	1776	1751.24	37	1.96769
lcl|NW_015386744.1_cds_XP_015671710.1_9329	3273	3101.22	56	1.68173
lcl|NW_015386744.1_cds_XP_015671699.1_9330	1332	1284.27	804.823	58.364
lcl|NW_015386744.1_cds_XP_015671698.1_9331	1353	1301.88	1784.18	127.635
lcl|NW_015386744.1_cds_XP_015671700.1_9332	1377	1297.49	643	46.1539
lcl|NW_015386744.1_cds_XP_015671701.1_9333	585	545.916	9.66667	1.64912
lcl|NW_015386744.1_cds_XP_015671702.1_9334	585	545.916	9.66667	1.64912
lcl|NW_015386744.1_cds_XP_015671703.1_9335	585	545.916	9.66667	1.64912
lcl|NW_015386744.1_cds_XP_015671714.2_9336	900	844.513	94	10.3663
lcl|NW_015386744.1_cds_XP_015671704.1_9337	3249	3142.97	28	0.829696
lcl|NW_015386744.1_cds_XP_015671715.1_9338	2259	2058.24	3	0.135746
lcl|NW_015386744.1_cds_XP_015671717.1_9339	255	220.419	8.67214	3.6642
lcl|NW_015386744.1_cds_XP_015671718.1_9340	255	220.419	8.67214	3.6642
lcl|NW_015386744.1_cds_XP_015671705.1_9341	390	359.58	91	23.5693
lcl|NW_015386745.1_cds_XP_015671722.1_9342	822	744.867	2	0.250065
lcl|NW_015386745.1_cds_XP_015671719.1_9343	1047	1032.49	300	27.0605
lcl|NW_015386745.1_cds_XP_015671720.2_9344	921	898.965	36	3.72959
lcl|NW_015386745.1_cds_XP_015671729.1_9345	1911	1781.25	14	0.731989
lcl|NW_015386745.1_cds_XP_015671727.2_9346	2688	2649.95	0	0
lcl|NW_015386745.1_cds_XP_029140023.1_9347	1077	1038.95	0	0
lcl|NW_015386745.1_cds_XP_015671723.1_9348	1779	1768.53	1	0.0526611
lcl|NW_015386745.1_cds_XP_029140022.1_9349	2181	2263.94	108	4.44283
lcl|NW_015386745.1_cds_XP_029140019.1_9350	1956	2009.15	31	1.43698
lcl|NW_015386745.1_cds_XP_029140020.1_9351	1431	1392.95	0	0
lcl|NW_015386745.1_cds_XP_029140021.1_9352	3054	3134.24	18	0.534863
lcl|NW_015386746.1_cds_XP_029140024.1_9353	1050	1011.95	0	0
lcl|NW_015386746.1_cds_XP_029140026.1_9354	963	924.949	0	0
lcl|NW_015386746.1_cds_XP_015671730.2_9355	1119	1080.95	0	0
lcl|NW_015386746.1_cds_XP_029140025.1_9356	1035	996.949	0	0
lcl|NW_015386747.1_cds_XP_015671731.1_9357	2652	2459.28	44	1.66627
lcl|NW_015386747.1_cds_XP_015671737.1_9358	693	625.489	2	0.297791
lcl|NW_015386747.1_cds_XP_015671738.1_9359	396	326.483	11	3.13786
lcl|NW_015386747.1_cds_XP_015671736.1_9360	1380	1288.78	6	0.433585
lcl|NW_015386747.1_cds_XP_015671732.1_9361	2430	2417.31	210	8.09075
lcl|NW_015386747.1_cds_XP_015671733.1_9362	873	804.083	3172	367.395
lcl|NW_015386747.1_cds_XP_015671734.1_9363	522	481.958	1351	261.064
lcl|NW_015386747.1_cds_XP_015671735.1_9364	1224	1111.9	46	3.85294
lcl|NW_015386747.1_cds_XP_029140028.1_9365	3537	3454.87	1	0.0269569
lcl|NW_015386748.1_cds_XP_015671759.1_9366	2187	2148.95	0	0
lcl|NW_015386748.1_cds_XP_029140030.1_9367	1053	1014.95	0	0
lcl|NW_015386748.1_cds_XP_015671773.1_9368	1836	1845.35	4	0.201875
lcl|NW_015386748.1_cds_XP_015671740.1_9369	1800	1837	51	2.58561
lcl|NW_015386748.1_cds_XP_015671741.1_9370	4179	4195.77	99	2.19748
lcl|NW_015386748.1_cds_XP_029140032.1_9371	618	579.949	0	0
lcl|NW_015386748.1_cds_XP_015671742.1_9372	1071	1063.17	119.883	10.5016
lcl|NW_015386748.1_cds_XP_015671743.1_9373	1041	1037.41	1114.12	100.019
lcl|NW_015386748.1_cds_XP_015671762.1_9374	654	615.949	0	0
lcl|NW_015386748.1_cds_XP_015671774.1_9375	534	496.311	8	1.5012
lcl|NW_015386748.1_cds_XP_015671744.1_9376	2394	2371.66	637.563	25.0365
lcl|NW_015386748.1_cds_XP_015671745.1_9377	2400	2376.6	479.437	18.7879
lcl|NW_015386748.1_cds_XP_015671746.1_9378	1791	1781.15	113	5.90853
lcl|NW_015386748.1_cds_XP_015671747.1_9379	1506	1594.12	14	0.817917
lcl|NW_015386748.1_cds_XP_015671763.1_9380	1362	1359.8	1	0.06849
lcl|NW_015386748.1_cds_XP_015671748.1_9381	4494	4515.59	51	1.05186
lcl|NW_015386748.1_cds_XP_029140029.1_9382	4689	4842.55	11	0.211553
lcl|NW_015386748.1_cds_XP_015671750.1_9383	756	724.095	26	3.3441
lcl|NW_015386748.1_cds_XP_015671751.1_9384	1221	1256.47	209	15.4915
lcl|NW_015386748.1_cds_XP_015671753.1_9385	246	181.473	2	1.02641
lcl|NW_015386748.1_cds_XP_015671752.1_9386	1815	1781.6	1767	92.3695
lcl|NW_015386748.1_cds_XP_015671754.1_9387	870	844.962	93	10.2506
lcl|NW_015386748.1_cds_XP_029140035.1_9388	987	948.949	0	0
lcl|NW_015386748.1_cds_XP_015671755.1_9389	1245	1219.84	1212	92.5337
lcl|NW_015386748.1_cds_XP_029140033.1_9390	2844	2711.43	7	0.240437
lcl|NW_015386748.1_cds_XP_015671767.1_9391	1641	1618.7	8	0.460282
lcl|NW_015386748.1_cds_XP_015671756.1_9392	2121	2114.07	62	2.73133
lcl|NW_015386748.1_cds_XP_015671768.1_9393	1629	1599.28	44	2.56229
lcl|NW_015386748.1_cds_XP_015671769.1_9394	2271	2301.3	1	0.0404695
lcl|NW_015386748.1_cds_XP_015671757.1_9395	2349	2397.17	65	2.52532
lcl|NW_015386748.1_cds_XP_029140034.1_9396	1833	1819.05	8	0.409587
lcl|NW_015386748.1_cds_XP_015671775.1_9397	498	472.091	6	1.18366
lcl|NW_015386748.1_cds_XP_015671770.1_9398	945	906.949	0	0
lcl|NW_015386748.1_cds_XP_015671772.1_9399	411	368.578	2	0.505362
lcl|NW_015386749.1_cds_XP_015671793.1_9400	1188	1197.55	31	2.41084
lcl|NW_015386749.1_cds_XP_015671794.1_9401	345	281.812	386	127.564
lcl|NW_015386749.1_cds_XP_029140036.1_9402	276	211.151	0	0
lcl|NW_015386749.1_cds_XP_015671776.1_9403	2481	2491.8	382	14.2775
lcl|NW_015386749.1_cds_XP_015671795.1_9404	3594	3555.95	0	0
lcl|NW_015386749.1_cds_XP_015671796.1_9405	1560	1534.91	1	0.0606762
lcl|NW_015386749.1_cds_XP_015671778.1_9406	570	517.988	4	0.719186
lcl|NW_015386749.1_cds_XP_015671777.1_9407	6195	6172.69	614	9.26392
lcl|NW_015386749.1_cds_XP_015671789.1_9408	2019	2077.46	4	0.17932
lcl|NW_015386749.1_cds_XP_015671779.1_9409	654	621.231	155	23.237
lcl|NW_015386749.1_cds_XP_029140038.1_9410	4950	4911.95	0	0
lcl|NW_015386749.1_cds_XP_015671780.1_9411	1245	1270.36	23	1.68618
lcl|NW_015386749.1_cds_XP_015671781.1_9412	1467	1503.08	21.827	1.35243
lcl|NW_015386749.1_cds_XP_015671782.1_9413	1467	1502.11	38.173	2.36677
lcl|NW_015386749.1_cds_XP_015671784.1_9414	1677	1651.15	55	3.10225
lcl|NW_015386749.1_cds_XP_015671797.1_9415	984	932.46	132	13.1839
lcl|NW_015386749.1_cds_XP_015671788.1_9416	738	710.843	59.2706	7.76547
lcl|NW_015386749.1_cds_XP_015671787.1_9417	801	773.487	46.6042	5.61143
lcl|NW_015386749.1_cds_XP_015671785.1_9418	960	915.834	0	0
lcl|NW_015386749.1_cds_XP_015671786.1_9419	921	878.515	98.1251	10.4024
lcl|NW_015386749.1_cds_XP_029140039.1_9420	2631	2592.95	0	0
lcl|NW_015386751.1_cds_XP_015671807.1_9421	348	332.237	2194	615.02
lcl|NW_015386751.1_cds_XP_015671808.2_9422	1650	1611.29	9	0.520199
lcl|NW_015386751.1_cds_XP_015671798.1_9423	1440	1406.38	35	2.31775
lcl|NW_015386751.1_cds_XP_015671810.1_9424	1659	1652.95	1	0.0563432
lcl|NW_015386751.1_cds_XP_015671801.1_9425	645	604.515	115.9	17.8558
lcl|NW_015386751.1_cds_XP_015671802.1_9426	645	604.515	115.9	17.8558
lcl|NW_015386751.1_cds_XP_015671803.1_9427	645	604.515	115.9	17.8558
lcl|NW_015386751.1_cds_XP_015671804.1_9428	594	571.321	10.2988	1.67884
lcl|NW_015386751.1_cds_XP_015671805.1_9429	900	862.707	3	0.323861
lcl|NW_015386751.1_cds_XP_029140040.1_9430	2145	2160.7	2	0.0862057
lcl|NW_015386751.1_cds_XP_015671806.1_9431	2235	2221.44	12	0.503092
lcl|NW_015386751.1_cds_XP_015671812.1_9432	1110	1071.95	0	0
lcl|NW_015386753.1_cds_XP_015671813.1_9433	216	177.541	2771	1453.58
lcl|NW_015386753.1_cds_XP_015671821.1_9434	1911	1906.67	64	3.12612
lcl|NW_015386753.1_cds_XP_015671814.1_9435	2526	2441.44	249	9.49851
lcl|NW_015386753.1_cds_XP_015671815.1_9436	7896	8136.96	98.9144	1.13214
lcl|NW_015386753.1_cds_XP_015671816.1_9437	7815	8054.71	180.968	2.09244
lcl|NW_015386753.1_cds_XP_015671817.1_9438	7737	7965.19	306.117	3.57926
lcl|NW_015386753.1_cds_XP_015671822.1_9439	558	520.531	15	2.68377
lcl|NW_015386753.1_cds_XP_015671818.1_9440	879	855.467	116	12.6286
lcl|NW_015386753.1_cds_XP_015671819.1_9441	1011	970.745	87	8.34671
lcl|NW_015386754.1_cds_XP_029140041.1_9442	11071	11459.8	6	0.0487615
lcl|NW_015386756.1_cds_XP_015671825.1_9443	549	541.731	112	19.2547
lcl|NW_015386756.1_cds_XP_015671826.1_9444	549	541.731	112	19.2547
lcl|NW_015386756.1_cds_XP_015671824.1_9445	843	822.885	23	2.6031
lcl|NW_015386756.1_cds_XP_015671827.1_9446	2217	2248.84	72	2.98178
lcl|NW_015386756.1_cds_XP_029140042.1_9447	534	441.53	2	0.421862
lcl|NW_015386756.1_cds_XP_015671828.1_9448	1305	1279.19	102	7.42617
lcl|NW_015386756.1_cds_XP_015671832.1_9449	474	427.22	7.68805	1.67597
lcl|NW_015386756.1_cds_XP_015671829.1_9450	516	419.229	7	1.55506
lcl|NW_015386757.1_cds_XP_015671835.1_9451	1008	977.364	2	0.190579
lcl|NW_015386757.1_cds_XP_015671833.1_9452	1047	995.26	1	0.0935761
lcl|NW_015386757.1_cds_XP_015671834.1_9453	1185	1139.68	252	20.593
lcl|NW_015386758.1_cds_XP_029140043.1_9454	7224	7694.14	2	0.0242087
lcl|NW_015386758.1_cds_XP_029140044.1_9455	7521	7983.48	8	0.0933252
lcl|NW_015386759.1_cds_XP_015671840.2_9456	1083	1044.95	0	0
lcl|NW_015386759.1_cds_XP_015671838.1_9457	3192	3133.44	116	3.44777
lcl|NW_015386759.1_cds_XP_015671839.1_9458	1035	973.652	18	1.72175
lcl|NW_015386760.1_cds_XP_015671842.1_9459	972	937.22	86	8.54591
lcl|NW_015386760.1_cds_XP_015671845.1_9460	1410	1371.95	0	0
lcl|NW_015386760.1_cds_XP_015671843.1_9461	2223	2157.07	3218	138.939
lcl|NW_015386760.1_cds_XP_015671844.1_9462	6597	6577.38	379.957	5.38
lcl|NW_015386761.1_cds_XP_015671846.1_9463	735	728.707	640	81.7953
lcl|NW_015386761.1_cds_XP_015671850.1_9464	1350	1263.37	1	0.0737173
lcl|NW_015386761.1_cds_XP_015671847.1_9465	921	863.426	104	11.2179
lcl|NW_015386761.1_cds_XP_015671848.1_9466	1455	1429.96	49	3.19135
lcl|NW_015386761.1_cds_XP_015671849.2_9467	1440	1470.14	1	0.0633494
lcl|NW_015386763.1_cds_XP_015671858.1_9468	582	516.04	41	7.39949
lcl|NW_015386763.1_cds_XP_029140045.1_9469	894	830.206	29	3.25322
lcl|NW_015386763.1_cds_XP_015671853.1_9470	8379	8499.7	250	2.73929
lcl|NW_015386763.1_cds_XP_015671856.1_9471	615	576.949	0	0
lcl|NW_015386763.1_cds_XP_015671854.1_9472	1452	1443.64	190	12.2573
lcl|NW_015386763.1_cds_XP_015671855.1_9473	1350	1304.89	629	44.893
lcl|NW_015386763.1_cds_XP_015671857.1_9474	1044	1027.16	144.15	13.07
lcl|NW_015386764.1_cds_XP_015671866.1_9475	1002	918.623	131	13.2811
lcl|NW_015386764.1_cds_XP_029140046.1_9476	1677	1653.36	0	0
lcl|NW_015386764.1_cds_XP_029140047.1_9477	1659	1631.27	14.6851	0.838402
lcl|NW_015386764.1_cds_XP_029140048.1_9478	1656	1625.29	0	0
lcl|NW_015386764.1_cds_XP_015671868.1_9479	1653	1632.03	7.07452	0.403711
lcl|NW_015386764.1_cds_XP_015671867.1_9480	1656	1638.31	0.240407	0.0136663
lcl|NW_015386764.1_cds_XP_029140049.1_9481	300	261.949	0	0
lcl|NW_015386764.1_cds_XP_015671864.2_9482	1092	1006.98	22	2.03472
lcl|NW_015386764.1_cds_XP_015671862.1_9483	978	917.546	101.159	10.2678
lcl|NW_015386764.1_cds_XP_015671860.1_9484	1152	1062.38	6.42072	0.562866
lcl|NW_015386764.1_cds_XP_015671861.1_9485	1152	1062.38	6.42072	0.562866
lcl|NW_015386764.1_cds_XP_015671863.1_9486	1107	1018.3	20	1.82917
lcl|NW_015386764.1_cds_XP_015671869.2_9487	1980	1941.95	0	0
lcl|NW_015386764.1_cds_XP_015671870.1_9488	411	365.844	27	6.87337
lcl|NW_015386764.1_cds_XP_015671865.1_9489	5064	4973.14	17	0.318361
lcl|NW_015386765.1_cds_XP_015671872.1_9490	1464	1491.61	19	1.18631
lcl|NW_015386765.1_cds_XP_015671873.1_9491	2046	2083.64	32	1.4303
lcl|NW_015386767.1_cds_XP_015671874.2_9492	993	994.016	22	2.06125
lcl|NW_015386767.1_cds_XP_029140050.1_9493	693	688.068	6.83248e-07	9.24802e-08
lcl|NW_015386768.1_cds_XP_029140051.1_9494	2586	2547.95	0	0
lcl|NW_015386768.1_cds_XP_029140052.1_9495	2325	2286.95	0	0
lcl|NW_015386768.1_cds_XP_029140053.1_9496	951	912.949	0	0
lcl|NW_015386768.1_cds_XP_015671879.1_9497	1965	1926.95	0	0
lcl|NW_015386768.1_cds_XP_029140054.1_9498	1461	1422.95	0	0
lcl|NW_015386768.1_cds_XP_029140055.1_9499	1386	1347.95	0	0
lcl|NW_015386768.1_cds_XP_029140056.1_9500	1113	1074.95	0	0
lcl|NW_015386768.1_cds_XP_029140057.1_9501	1896	1857.95	0	0
lcl|NW_015386768.1_cds_XP_029140058.1_9502	1152	1113.95	0	0
lcl|NW_015386768.1_cds_XP_029140059.1_9503	594	555.949	0	0
lcl|NW_015386769.1_cds_XP_015671885.1_9504	993	962.59	4	0.387008
lcl|NW_015386769.1_cds_XP_015671880.1_9505	1203	1184.61	218	17.1389
lcl|NW_015386769.1_cds_XP_015671884.1_9506	1014	970.097	13	1.24804
lcl|NW_015386769.1_cds_XP_015671882.1_9507	1557	1483.42	29	1.82069
lcl|NW_015386769.1_cds_XP_015671881.1_9508	690	617.918	3	0.45216
lcl|NW_015386770.1_cds_XP_015671886.1_9509	3534	3566.22	3	0.0783455
lcl|NW_015386770.1_cds_XP_015671887.1_9510	1191	1164.34	85.2176	6.81635
lcl|NW_015386771.1_cds_XP_015671902.1_9511	915	912.326	7	0.714578
lcl|NW_015386771.1_cds_XP_029140060.1_9512	7557	7668.53	224	2.72043
lcl|NW_015386771.1_cds_XP_015671888.1_9513	4005	4078.29	34	0.776429
lcl|NW_015386771.1_cds_XP_015671903.1_9514	1644	1605.95	0	0
lcl|NW_015386771.1_cds_XP_015671889.1_9515	450	414.146	2229	501.254
lcl|NW_015386771.1_cds_XP_029140061.1_9516	1059	1061.39	1	0.0877461
lcl|NW_015386771.1_cds_XP_015671890.1_9517	2574	2535.93	152	5.58222
lcl|NW_015386771.1_cds_XP_015671891.1_9518	456	440.441	1716.02	362.858
lcl|NW_015386771.1_cds_XP_015671892.1_9519	444	427.874	232.489	50.6045
lcl|NW_015386771.1_cds_XP_015671893.1_9520	444	427.874	232.489	50.6045
lcl|NW_015386771.1_cds_XP_015671894.1_9521	1584	1570.82	69	4.09095
lcl|NW_015386771.1_cds_XP_015671904.1_9522	723	684.949	0	0
lcl|NW_015386771.1_cds_XP_015671896.1_9523	288	230.787	212	85.551
lcl|NW_015386771.1_cds_XP_015671897.1_9524	660	658.021	574	81.2406
lcl|NW_015386771.1_cds_XP_015671898.1_9525	627	573.022	24	3.90069
lcl|NW_015386771.1_cds_XP_015671905.2_9526	810	799.805	5	0.58222
lcl|NW_015386771.1_cds_XP_015671900.1_9527	2607	2652.22	74	2.59851
lcl|NW_015386771.1_cds_XP_015671901.1_9528	2115	2041.97	7	0.319264
lcl|NW_015386772.1_cds_XP_015671907.1_9529	3081	3151.75	23	0.679638
lcl|NW_015386772.1_cds_XP_015671908.1_9530	1836	1746.81	526	28.0441
lcl|NW_015386772.1_cds_XP_029140062.1_9531	3429	3487.67	167	4.45946
lcl|NW_015386773.1_cds_XP_015671917.1_9532	360	317.537	6	1.75978
lcl|NW_015386773.1_cds_XP_015671910.1_9533	10602	10761.5	647	5.59929
lcl|NW_015386773.1_cds_XP_015671912.1_9534	1473	1482.63	433	27.1992
lcl|NW_015386773.1_cds_XP_015671913.1_9535	1065	990.631	26	2.44435
lcl|NW_015386773.1_cds_XP_029140063.1_9536	1839	1817.46	14	0.717404
lcl|NW_015386773.1_cds_XP_015671920.1_9537	1227	1168.15	41	3.26879
lcl|NW_015386773.1_cds_XP_015671919.1_9538	2604	2599.08	4	0.143332
lcl|NW_015386773.1_cds_XP_015671916.1_9539	1554	1495.31	125	7.78537
lcl|NW_015386775.1_cds_XP_015671926.1_9540	867	828.949	0	0
lcl|NW_015386775.1_cds_XP_015671921.1_9541	1269	1245.97	186	13.903
lcl|NW_015386775.1_cds_XP_015671922.1_9542	489	427.13	24	5.23302
lcl|NW_015386775.1_cds_XP_015671923.1_9543	537	503.038	71.4865	13.235
lcl|NW_015386775.1_cds_XP_015671924.1_9544	444	411.559	16.7568	3.79192
lcl|NW_015386775.1_cds_XP_015671925.1_9545	444	411.559	16.7568	3.79192
lcl|NW_015386776.1_cds_XP_029140066.1_9546	3189	3218.73	156	4.51379
lcl|NW_015386776.1_cds_XP_015671928.1_9547	795	725.686	7493	961.631
lcl|NW_015386776.1_cds_XP_029140069.1_9548	4278	4414.47	667	14.0718
lcl|NW_015386776.1_cds_XP_029140067.1_9549	4644	4785.13	349	6.79255
lcl|NW_015386776.1_cds_XP_015671930.1_9550	1080	1041.95	0	0
lcl|NW_015386776.1_cds_XP_015671932.1_9551	2337	2286.47	2	0.081464
lcl|NW_015386776.1_cds_XP_029140068.1_9552	1779	1883.46	158	7.8127
lcl|NW_015386776.1_cds_XP_029140064.1_9553	1209	1139.23	109	8.9108
lcl|NW_015386776.1_cds_XP_015671934.1_9554	2295	2243.31	33	1.37002
lcl|NW_015386776.1_cds_XP_015671935.1_9555	2502	2542.95	198	7.25151
lcl|NW_015386776.1_cds_XP_015671936.1_9556	1314	1352.36	106	7.29984
lcl|NW_015386776.1_cds_XP_015671937.1_9557	861	814.454	5	0.571748
lcl|NW_015386777.1_cds_XP_015671949.1_9558	570	528.078	27.4447	4.84019
lcl|NW_015386777.1_cds_XP_015671950.1_9559	549	507.125	5	0.91824
lcl|NW_015386777.1_cds_XP_015671953.1_9560	615	551.436	11	1.8578
lcl|NW_015386777.1_cds_XP_015671938.1_9561	630	557.426	29	4.84521
lcl|NW_015386777.1_cds_XP_015671939.1_9562	645	568.115	23	3.77045
lcl|NW_015386777.1_cds_XP_029140073.1_9563	4380	4093.16	0	0
lcl|NW_015386777.1_cds_XP_029140072.1_9564	5004	4723.05	0	0
lcl|NW_015386777.1_cds_XP_029140071.1_9565	5031	4715.7	8	0.157996
lcl|NW_015386777.1_cds_XP_015671942.1_9566	5193	4879.96	0	0
lcl|NW_015386777.1_cds_XP_015671941.1_9567	5529	5225.44	0	0
lcl|NW_015386777.1_cds_XP_015671946.1_9568	1098	1011.18	708	65.2089
lcl|NW_015386777.1_cds_XP_015671943.1_9569	1257	1183.28	463	36.4414
lcl|NW_015386777.1_cds_XP_015671947.1_9570	3216	2934.53	8	0.253894
lcl|NW_015386777.1_cds_XP_015671944.1_9571	1302	1270.23	3	0.219958
lcl|NW_015386777.1_cds_XP_015671948.1_9572	1428	1389.95	0	0
lcl|NW_015386777.1_cds_XP_015671954.1_9573	1188	1026.44	2	0.181468
lcl|NW_015386777.1_cds_XP_029140070.1_9574	1083	1044.95	0	0
lcl|NW_015386777.1_cds_XP_015671955.1_9575	1392	1353.95	0	0
lcl|NW_015386777.1_cds_XP_015671945.1_9576	900	822.913	168	19.0133
lcl|NW_015386778.1_cds_XP_015671956.1_9577	2412	2381.47	36	1.40786
lcl|NW_015386778.1_cds_XP_015671957.1_9578	642	581.919	29	4.64127
lcl|NW_015386778.1_cds_XP_015671958.1_9579	546	493.23	0	0
lcl|NW_015386778.1_cds_XP_015671959.1_9580	1869	1885.22	283	13.9806
lcl|NW_015386778.1_cds_XP_015671960.1_9581	1419	1380.95	0	0
lcl|NW_015386778.1_cds_XP_015671962.1_9582	543	474.433	39	7.65582
lcl|NW_015386778.1_cds_XP_015671961.1_9583	558	491.095	0	0
lcl|NW_015386778.1_cds_XP_015671964.1_9584	3087	3115.45	253	7.56312
lcl|NW_015386778.1_cds_XP_015671966.1_9585	1749	1413.41	3	0.197676
lcl|NW_015386778.1_cds_XP_015671967.2_9586	1247	1227.06	196	14.8762
lcl|NW_015386778.1_cds_XP_015671968.1_9587	537	490.893	1	0.189721
lcl|NW_015386779.1_cds_XP_029140074.1_9588	2073	2079.34	1	0.0447894
lcl|NW_015386779.1_cds_XP_015671969.1_9589	570	561.759	4	0.66315
lcl|NW_015386779.1_cds_XP_015671970.1_9590	1368	1377.9	1196.5	80.8718
lcl|NW_015386779.1_cds_XP_015671971.1_9591	1368	1377.9	1196.5	80.8718
lcl|NW_015386780.1_cds_XP_015671975.1_9592	1005	988.607	390	36.7403
lcl|NW_015386781.1_cds_XP_015671976.2_9593	744	639.067	154	22.4427
lcl|NW_015386781.1_cds_XP_015671977.1_9594	1872	1829.66	153	7.78793
lcl|NW_015386782.1_cds_XP_029140075.1_9595	816	779.73	0	0
lcl|NW_015386782.1_cds_XP_015671980.1_9596	234	173.208	146	78.5031
lcl|NW_015386782.1_cds_XP_015671979.1_9597	3153	3034.97	3651.25	112.044
lcl|NW_015386782.1_cds_XP_015671978.1_9598	3162	3050.54	963.752	29.4232
lcl|NW_015386782.1_cds_XP_015671981.1_9599	1419	1348.31	127	8.77236
lcl|NW_015386782.1_cds_XP_015671990.1_9600	2559	2571.15	156	5.65065
lcl|NW_015386782.1_cds_NP_001310179.1_9601	1107	1052.67	6638	587.284
lcl|NW_015386782.1_cds_XP_015671983.1_9602	1383	1409.21	904	59.744
lcl|NW_015386782.1_cds_XP_015671991.1_9603	1767	1625.91	46	2.63488
lcl|NW_015386782.1_cds_XP_015671988.1_9604	300	270.952	98.2457	33.7693
lcl|NW_015386782.1_cds_XP_015671984.1_9605	303	286.983	2.25143	0.73064
lcl|NW_015386782.1_cds_XP_015671986.1_9606	303	286.983	2.25143	0.73064
lcl|NW_015386782.1_cds_XP_015671987.1_9607	303	286.983	2.25143	0.73064
lcl|NW_015386782.1_cds_XP_015671992.1_9608	474	460.801	74.7585	15.1094
lcl|NW_015386783.1_cds_XP_015672004.1_9609	330	282.203	11	3.63021
lcl|NW_015386783.1_cds_XP_015672005.1_9610	1053	977.211	16	1.52487
lcl|NW_015386783.1_cds_XP_015672006.1_9611	2394	2177.35	3	0.12832
lcl|NW_015386783.1_cds_XP_015672007.1_9612	2310	2000.83	3	0.139641
lcl|NW_015386783.1_cds_XP_015672008.2_9613	927	814.657	35	4.00124
lcl|NW_015386783.1_cds_XP_029140076.1_9614	927	814.657	35	4.00124
lcl|NW_015386783.1_cds_XP_015672022.1_9615	561	504.51	62	11.4452
lcl|NW_015386783.1_cds_XP_015671993.1_9616	2526	2434.1	2	0.0765232
lcl|NW_015386783.1_cds_XP_015672023.1_9617	378	324.904	611	175.141
lcl|NW_015386783.1_cds_XP_015672024.1_9618	990	946.335	12	1.18097
lcl|NW_015386783.1_cds_XP_015672010.1_9619	900	838.152	56	6.22252
lcl|NW_015386783.1_cds_XP_015672011.1_9620	1107	1068.95	0	0
lcl|NW_015386783.1_cds_XP_029140079.1_9621	1041	1002.95	0	0
lcl|NW_015386783.1_cds_XP_015671994.1_9622	387	343.802	1068	289.311
lcl|NW_015386783.1_cds_XP_015672025.1_9623	936	850.576	1	0.109494
lcl|NW_015386783.1_cds_XP_015672013.1_9624	1383	1296.99	12	0.861677
lcl|NW_015386783.1_cds_XP_015672014.1_9625	1554	1515.94	88	5.40632
lcl|NW_015386783.1_cds_XP_015671995.1_9626	1176	1122.34	4123	342.129
lcl|NW_015386783.1_cds_XP_015671996.1_9627	888	841.826	291.045	32.1987
lcl|NW_015386783.1_cds_XP_015671998.1_9628	888	841.826	291.045	32.1987
lcl|NW_015386783.1_cds_XP_015671999.1_9629	885	839.499	976.91	108.377
lcl|NW_015386783.1_cds_XP_015672015.1_9630	2301	2230.03	277	11.5683
lcl|NW_015386783.1_cds_XP_029140080.1_9631	1665	1639.19	3	0.170448
lcl|NW_015386783.1_cds_XP_015672026.1_9632	1257	1192.08	111	8.67198
lcl|NW_015386783.1_cds_XP_015672000.1_9633	6063	5665.01	1.71714	0.0282297
lcl|NW_015386783.1_cds_XP_015672002.1_9634	6036	5643.8	53.2882	0.879348
lcl|NW_015386783.1_cds_XP_029140077.1_9635	6138	5722.28	0.000156529	2.54757e-06
lcl|NW_015386783.1_cds_XP_015672001.1_9636	6027	5635.03	218.81	3.61636
lcl|NW_015386783.1_cds_XP_029140081.1_9637	5442	5261.64	6	0.106202
lcl|NW_015386783.1_cds_XP_029140084.1_9638	387	320.819	2	0.580592
lcl|NW_015386783.1_cds_XP_015672027.1_9639	459	387.014	0	0
lcl|NW_015386783.1_cds_XP_015672018.1_9640	780	741.949	0	0
lcl|NW_015386783.1_cds_XP_015672003.1_9641	1368	1314.19	58	4.11027
lcl|NW_015386783.1_cds_XP_029140082.1_9642	5373	5334.95	0	0
lcl|NW_015386783.1_cds_XP_029140083.1_9643	408	369.949	0	0
lcl|NW_015386785.1_cds_XP_015672028.1_9644	972	973.894	45	4.30331
lcl|NW_015386785.1_cds_XP_015672046.1_9645	1221	1182.95	0	0
lcl|NW_015386785.1_cds_XP_015672042.1_9646	1476	1437.95	0	0
lcl|NW_015386785.1_cds_XP_015672029.1_9647	1854	1884.47	411	20.3121
lcl|NW_015386785.1_cds_XP_015672030.1_9648	2061	2012.09	106	4.90636
lcl|NW_015386785.1_cds_XP_015672047.1_9649	1602	1523.89	1	0.0611148
lcl|NW_015386785.1_cds_XP_029140087.1_9650	783	744.949	0	0
lcl|NW_015386785.1_cds_XP_015672044.1_9651	1881	1812.84	5.73224	0.294488
lcl|NW_015386785.1_cds_XP_015672045.1_9652	1476	1517.76	14	0.859065
lcl|NW_015386785.1_cds_XP_015672032.1_9653	714	700.227	208.333	27.709
lcl|NW_015386785.1_cds_XP_015672033.1_9654	714	700.227	208.333	27.709
lcl|NW_015386785.1_cds_XP_015672034.1_9655	714	700.227	208.333	27.709
lcl|NW_015386785.1_cds_XP_015672037.1_9656	2031	2044.71	50.8323	2.31531
lcl|NW_015386785.1_cds_XP_029140085.1_9657	1212	1236.66	32.1677	2.42255
lcl|NW_015386785.1_cds_XP_029140086.1_9658	1173	1167.48	0	0
lcl|NW_015386785.1_cds_XP_015672036.1_9659	1047	984.405	13	1.2299
lcl|NW_015386785.1_cds_XP_015672038.1_9660	1374	1293.96	38	2.73504
lcl|NW_015386785.1_cds_XP_015672040.1_9661	1551	1521.03	12	0.734757
lcl|NW_015386785.1_cds_XP_015672041.1_9662	3030	2945.12	98	3.09902
lcl|NW_015386786.1_cds_XP_015672049.2_9663	330	291.949	0	0
lcl|NW_015386788.1_cds_XP_015672053.1_9664	381	342.949	0	0
lcl|NW_015386788.1_cds_XP_015672050.1_9665	4953	5062.51	114.614	2.1085
lcl|NW_015386788.1_cds_XP_029140089.1_9666	765	726.949	0	0
lcl|NW_015386788.1_cds_XP_015672052.1_9667	957	954.428	57	5.56203
lcl|NW_015386789.1_cds_XP_015672084.1_9668	1128	1089.95	0	0
lcl|NW_015386789.1_cds_XP_015672092.1_9669	1842	1793.73	17	0.882661
lcl|NW_015386789.1_cds_XP_015672054.1_9670	750	723.367	7.36705	0.948497
lcl|NW_015386789.1_cds_XP_015672055.1_9671	750	723.367	7.36705	0.948497
lcl|NW_015386789.1_cds_XP_015672056.1_9672	720	691.499	104.266	14.0428
lcl|NW_015386789.1_cds_XP_015672057.1_9673	510	464.482	799	160.206
lcl|NW_015386789.1_cds_XP_015672093.1_9674	306	260.292	152	54.3857
lcl|NW_015386789.1_cds_XP_015672058.2_9675	7860	7663.7	48	0.583316
lcl|NW_015386789.1_cds_XP_015672059.1_9676	720	693.992	445	59.7182
lcl|NW_015386789.1_cds_XP_015672094.1_9677	759	733.484	1	0.126973
lcl|NW_015386789.1_cds_XP_029140091.1_9678	792	753.949	0	0
lcl|NW_015386789.1_cds_XP_015672060.1_9679	1650	1593.81	299	17.4718
lcl|NW_015386789.1_cds_XP_015672095.1_9680	927	931.215	5	0.500059
lcl|NW_015386789.1_cds_XP_015672061.1_9681	951	911.551	711	72.6424
lcl|NW_015386789.1_cds_XP_029140093.1_9682	2076	2014.31	0.0983103	0.00454543
lcl|NW_015386789.1_cds_XP_015672097.1_9683	2073	2009.22	0.90169	0.0417957
lcl|NW_015386789.1_cds_XP_015672064.1_9684	1065	1032.06	78	7.03868
lcl|NW_015386789.1_cds_XP_015672088.1_9685	1062	860.958	2	0.216346
lcl|NW_015386789.1_cds_XP_015672089.1_9686	5670	5466.7	29	0.494053
lcl|NW_015386789.1_cds_XP_015672065.1_9687	1431	1345.48	2015	139.476
lcl|NW_015386789.1_cds_XP_015672090.1_9688	2454	2323.1	57	2.28512
lcl|NW_015386789.1_cds_XP_029140090.1_9689	3294	3092.98	11	0.33122
lcl|NW_015386789.1_cds_XP_015672098.1_9690	1122	1111.55	17	1.42436
lcl|NW_015386789.1_cds_XP_015672067.1_9691	1986	1938.64	158	7.59032
lcl|NW_015386789.1_cds_XP_015672099.1_9692	348	267.085	671	233.978
lcl|NW_015386789.1_cds_XP_015672068.1_9693	753	677.787	124	17.0384
lcl|NW_015386789.1_cds_XP_015672071.1_9694	1155	1132.38	19	1.56266
lcl|NW_015386789.1_cds_XP_015672072.1_9695	1155	1132.38	19	1.56266
lcl|NW_015386789.1_cds_XP_015672073.1_9696	1077	1053.12	0	0
lcl|NW_015386789.1_cds_XP_015672069.1_9697	1722	1741.12	26.0675	1.39435
lcl|NW_015386789.1_cds_XP_015672070.1_9698	1584	1581.67	115.932	6.82639
lcl|NW_015386789.1_cds_XP_015672100.1_9699	1254	1239.93	13	0.976447
lcl|NW_015386789.1_cds_XP_015672075.1_9700	1398	1438.58	688	44.5407
lcl|NW_015386789.1_cds_XP_015672076.1_9701	801	780.666	286	34.1195
lcl|NW_015386789.1_cds_XP_015672077.1_9702	1074	1018.86	160	14.6253
lcl|NW_015386789.1_cds_XP_015672079.1_9703	816	760.821	183	22.4011
lcl|NW_015386789.1_cds_XP_015672080.1_9704	621	609.213	115.5	17.6569
lcl|NW_015386789.1_cds_XP_015672081.1_9705	621	609.213	115.5	17.6569
lcl|NW_015386789.1_cds_XP_015672082.1_9706	1776	1777.85	134	7.01956
lcl|NW_015386789.1_cds_XP_029140092.1_9707	1218	1179.95	0	0
lcl|NW_015386789.1_cds_XP_015672083.1_9708	1881	1802.07	9	0.465128
lcl|NW_015386789.1_cds_XP_015672091.1_9709	1539	1500.95	0	0
lcl|NW_015386790.1_cds_XP_015672102.1_9710	633	580.172	16	2.56841
lcl|NW_015386790.1_cds_XP_015672103.1_9711	915	876.949	0	0
lcl|NW_015386791.1_cds_XP_015672104.1_9712	2244	2197.94	274	11.6101
lcl|NW_015386791.1_cds_XP_015672108.1_9713	2277	2238.95	0	0
lcl|NW_015386791.1_cds_XP_015672109.1_9714	2274	2235.95	0	0
lcl|NW_015386791.1_cds_XP_015672110.1_9715	2274	2235.95	0	0
lcl|NW_015386791.1_cds_XP_015672115.2_9716	2187	2148.95	0	0
lcl|NW_015386791.1_cds_XP_015672118.2_9717	2271	2232.95	0	0
lcl|NW_015386791.1_cds_XP_015672111.2_9718	5145	5192.71	3	0.0538057
lcl|NW_015386791.1_cds_XP_029140094.1_9719	726	666.822	42	5.86598
lcl|NW_015386791.1_cds_XP_015672105.1_9720	1650	1644.39	1633	92.4873
lcl|NW_015386791.1_cds_XP_015672106.1_9721	2082	2061.57	251	11.3391
lcl|NW_015386791.1_cds_XP_015672113.1_9722	2763	2724.95	0	0
lcl|NW_015386791.1_cds_XP_015672114.1_9723	383	344.949	0	0
lcl|NW_015386792.1_cds_XP_015672119.1_9724	645	606.949	0	0
lcl|NW_015386792.1_cds_XP_015672120.1_9725	285	267.873	43.646	15.1746
lcl|NW_015386793.1_cds_XP_015672121.2_9726	1944	1949.61	52	2.48403
lcl|NW_015386793.1_cds_XP_015672122.1_9727	1521	1527.98	33	2.0114
lcl|NW_015386793.1_cds_XP_015672123.1_9728	591	540.195	188	32.4122
lcl|NW_015386793.1_cds_XP_015672124.1_9729	366	310.368	13	3.90093
lcl|NW_015386793.1_cds_XP_015672125.1_9730	2775	2762.53	365	12.3052
lcl|NW_015386793.1_cds_XP_029140095.1_9731	3267	3302.8	64.3555	1.8147
lcl|NW_015386794.1_cds_XP_015672132.1_9732	534	495.949	0	0
lcl|NW_015386794.1_cds_XP_015672133.1_9733	1242	1217.1	9	0.688678
lcl|NW_015386794.1_cds_XP_015672127.1_9734	2085	1998.78	106	4.93903
lcl|NW_015386794.1_cds_XP_015672129.1_9735	822	755.012	46	5.67421
lcl|NW_015386794.1_cds_XP_015672134.1_9736	204	161.939	45	25.8799
lcl|NW_015386794.1_cds_XP_015672135.1_9737	183	141.413	0	0
lcl|NW_015386794.1_cds_XP_015672130.1_9738	933	872.526	82	8.75259
lcl|NW_015386794.1_cds_XP_015672131.1_9739	684	667.858	195	27.1927
lcl|NW_015386795.1_cds_XP_015672136.1_9740	1602	1718.89	32	1.73381
lcl|NW_015386795.1_cds_XP_015672137.1_9741	1746	1758.17	115	6.09169
lcl|NW_015386797.1_cds_XP_015672138.1_9742	2301	2350.11	11.5723	0.458597
lcl|NW_015386798.1_cds_XP_029140096.1_9743	2937	2907.62	17	0.544519
lcl|NW_015386799.1_cds_XP_029140098.1_9744	3294	3255.95	0	0
lcl|NW_015386799.1_cds_XP_015672159.1_9745	582	497.328	16	2.99625
lcl|NW_015386799.1_cds_XP_015672141.2_9746	2364	2211.69	46	1.93703
lcl|NW_015386799.1_cds_XP_015672142.1_9747	3159	3181.39	439	12.8514
lcl|NW_015386799.1_cds_XP_029140099.1_9748	3963	3920.69	27	0.641362
lcl|NW_015386799.1_cds_XP_015672156.1_9749	432	393.949	0	0
lcl|NW_015386799.1_cds_XP_015672160.1_9750	864	786.952	1	0.118346
lcl|NW_015386799.1_cds_XP_015672143.1_9751	1026	1008.6	0	0
lcl|NW_015386799.1_cds_XP_015672144.1_9752	1026	1008.6	0	0
lcl|NW_015386799.1_cds_XP_015672145.1_9753	981	954.213	447.372	43.6641
lcl|NW_015386799.1_cds_XP_015672146.1_9754	708	677	96.814	13.3184
lcl|NW_015386799.1_cds_XP_029140097.1_9755	708	677	96.814	13.3184
lcl|NW_015386799.1_cds_XP_015672147.1_9756	1914	1800.05	80.3828	4.15891
lcl|NW_015386799.1_cds_XP_029140102.1_9757	3144	3272.43	4	0.113839
lcl|NW_015386799.1_cds_XP_015672148.1_9758	975	931.883	28	2.79832
lcl|NW_015386799.1_cds_XP_029140100.1_9759	1287	1230.23	9	0.681332
lcl|NW_015386799.1_cds_XP_029140101.1_9760	1854	1761.73	15	0.792964
lcl|NW_015386799.1_cds_XP_015672149.1_9761	3438	3346.83	1100	30.6098
lcl|NW_015386799.1_cds_XP_015672150.1_9762	2523	2581.67	25	0.901863
lcl|NW_015386799.1_cds_XP_015672151.2_9763	2307	2097.02	6673	296.36
lcl|NW_015386799.1_cds_XP_015672161.1_9764	1827	1723.21	117	6.32338
lcl|NW_015386799.1_cds_XP_015672163.1_9765	417	376.507	2	0.494718
lcl|NW_015386799.1_cds_XP_029140103.1_9766	1239	1176.14	63	4.98864
lcl|NW_015386799.1_cds_XP_015672165.1_9767	675	595.177	79	12.3618
lcl|NW_015386799.1_cds_XP_015672153.1_9768	333	288.408	58	18.7293
lcl|NW_015386799.1_cds_XP_015672154.1_9769	1062	1058.69	354	31.1413
lcl|NW_015386800.1_cds_XP_029140104.1_9770	3054	3015.95	0	0
lcl|NW_015386800.1_cds_XP_015672176.1_9771	1212	1136.66	1	0.0819349
lcl|NW_015386800.1_cds_XP_015672167.1_9772	1464	1424.01	0	0
lcl|NW_015386800.1_cds_XP_015672169.1_9773	1410	1376.31	0	0
lcl|NW_015386800.1_cds_XP_015672166.1_9774	1488	1442.1	0	0
lcl|NW_015386800.1_cds_XP_015672168.1_9775	1434	1395.72	0	0
lcl|NW_015386800.1_cds_XP_015672170.1_9776	1275	1230.69	2	0.15135
lcl|NW_015386800.1_cds_XP_015672171.1_9777	543	491.58	8.5	1.61037
lcl|NW_015386800.1_cds_XP_015672172.1_9778	543	491.58	8.5	1.61037
lcl|NW_015386800.1_cds_XP_015672177.1_9779	1209	1102.14	6	0.507009
lcl|NW_015386801.1_cds_XP_015672189.1_9780	1536	1583.72	22.73	1.33666
lcl|NW_015386801.1_cds_XP_015672179.1_9781	2556	2524.94	27	0.995896
lcl|NW_015386801.1_cds_XP_029140108.1_9782	2070	2035.72	31	1.41822
lcl|NW_015386801.1_cds_XP_015672178.1_9783	1890	1940.07	37	1.77617
lcl|NW_015386801.1_cds_XP_015672181.1_9784	918	909.327	264	27.0387
lcl|NW_015386801.1_cds_XP_015672182.1_9785	1380	1322.24	33.0354	2.32687
lcl|NW_015386801.1_cds_XP_015672183.1_9786	1347	1287	5110.97	369.851
lcl|NW_015386801.1_cds_XP_015672184.1_9787	1359	1337.4	93.2587	6.49424
lcl|NW_015386801.1_cds_XP_015672190.1_9788	597	558.949	0	0
lcl|NW_015386801.1_cds_XP_029140105.1_9789	1233	1233.47	1	0.0755042
lcl|NW_015386801.1_cds_XP_015672185.1_9790	858	777.116	122	14.6209
lcl|NW_015386801.1_cds_XP_029140106.1_9791	2874	2859.66	61	1.98663
lcl|NW_015386801.1_cds_XP_015672187.1_9792	1368	1341.05	443	30.7651
lcl|NW_015386801.1_cds_XP_015672188.1_9793	1389	1301.49	83	5.93937
lcl|NW_015386801.1_cds_XP_029140107.1_9794	5793	5799.02	29	0.465741
lcl|NW_015386802.1_cds_XP_029140109.1_9795	3003	2964.95	0	0
lcl|NW_015386803.1_cds_XP_015672196.2_9796	3252	3213.95	0	0
lcl|NW_015386803.1_cds_XP_015672195.1_9797	3147	3114.17	29	0.867277
lcl|NW_015386804.1_cds_XP_015672198.1_9798	945	940.849	19.1601	1.89662
lcl|NW_015386804.1_cds_XP_015672199.1_9799	945	940.849	19.1601	1.89662
lcl|NW_015386804.1_cds_XP_029140110.1_9800	1599	1465.62	1	0.0635447
lcl|NW_015386805.1_cds_XP_029140111.1_9801	3804	3765.95	0	0
lcl|NW_015386805.1_cds_XP_015672201.1_9802	426	376.543	126	31.1643
lcl|NW_015386805.1_cds_XP_015672202.1_9803	1056	1007.58	11776	1088.48
lcl|NW_015386805.1_cds_XP_015672203.1_9804	1395	1396.68	155	10.3356
lcl|NW_015386805.1_cds_XP_015672212.1_9805	1503	1489.74	55	3.43838
lcl|NW_015386805.1_cds_XP_015672205.1_9806	1956	1915.39	0	0
lcl|NW_015386805.1_cds_XP_015672204.1_9807	1506	1477.55	147	9.26568
lcl|NW_015386805.1_cds_XP_015672206.1_9808	699	658.638	30.7742	4.35153
lcl|NW_015386805.1_cds_XP_015672207.1_9809	582	526.374	4.22577	0.747674
lcl|NW_015386805.1_cds_XP_015672209.1_9810	1212	1147.46	7141	579.595
lcl|NW_015386805.1_cds_XP_015672210.1_9811	756	700.553	12	1.5953
lcl|NW_015386806.1_cds_XP_015672214.1_9812	846	830.615	1	0.112125
lcl|NW_015386806.1_cds_XP_015672215.1_9813	1089	1050.95	0	0
lcl|NW_015386806.1_cds_XP_015672216.1_9814	639	586.291	1.54215	0.24497
lcl|NW_015386806.1_cds_XP_015672213.1_9815	2124	2090.96	0.793792	0.0353559
lcl|NW_015386807.1_cds_XP_015672221.1_9816	1497	1456.52	1557	99.5574
lcl|NW_015386807.1_cds_XP_029140112.1_9817	3120	3217.22	12	0.347377
lcl|NW_015386807.1_cds_XP_015672219.1_9818	1323	1287.78	226	16.3443
lcl|NW_015386807.1_cds_XP_015672223.1_9819	5640	5588.9	27	0.449923
lcl|NW_015386807.1_cds_XP_029140113.1_9820	4326	4412.37	6	0.126643
lcl|NW_015386807.1_cds_XP_015672220.1_9821	513	457.536	85.1345	17.3293
lcl|NW_015386808.1_cds_XP_029140117.1_9822	3033	3037.13	48	1.4719
lcl|NW_015386808.1_cds_XP_029140114.1_9823	1542	1508.47	27	1.66697
lcl|NW_015386808.1_cds_XP_015672226.1_9824	1077	1050.35	170	15.0735
lcl|NW_015386808.1_cds_XP_015672237.1_9825	414	375.949	0	0
lcl|NW_015386808.1_cds_XP_015672227.1_9826	843	762.705	1278.91	156.165
lcl|NW_015386808.1_cds_XP_015672228.1_9827	678	624.494	309.092	46.0958
lcl|NW_015386808.1_cds_XP_029140116.1_9828	1722	1750.94	15	0.79785
lcl|NW_015386808.1_cds_XP_015672238.1_9829	378	338.299	1408	387.618
lcl|NW_015386808.1_cds_XP_015672231.1_9830	3411	3476.11	244.021	6.53785
lcl|NW_015386808.1_cds_XP_015672233.2_9831	1389	1304.53	59	4.21209
lcl|NW_015386808.1_cds_XP_015672234.2_9832	1176	1158.39	42	3.37674
lcl|NW_015386809.1_cds_XP_015672240.1_9833	1341	1339.61	3196	222.192
lcl|NW_015386809.1_cds_XP_015672239.1_9834	2424	2374.57	449.43	17.627
lcl|NW_015386809.1_cds_XP_015672241.1_9835	558	570.608	67	10.9355
lcl|NW_015386809.1_cds_XP_029140119.1_9836	1749	1714.08	7	0.380337
lcl|NW_015386809.1_cds_XP_015672243.1_9837	1989	1990.63	128	5.98853
lcl|NW_015386809.1_cds_XP_015672245.1_9838	795	752.065	132	16.3463
lcl|NW_015386809.1_cds_XP_015672244.1_9839	1287	1310	743	52.8225
lcl|NW_015386809.1_cds_XP_015672247.1_9840	1287	1282.36	315.588	22.9199
lcl|NW_015386809.1_cds_XP_015672248.1_9841	1086	1056.53	202.412	17.8425
lcl|NW_015386809.1_cds_XP_029140120.1_9842	7284	7481.56	115	1.43155
lcl|NW_015386810.1_cds_XP_015672250.1_9843	3387	3451.57	10	0.269827
lcl|NW_015386810.1_cds_XP_015672256.2_9844	1110	1083.68	2	0.171883
lcl|NW_015386810.1_cds_XP_015672251.1_9845	3075	3063.55	7	0.212801
lcl|NW_015386810.1_cds_XP_015672252.1_9846	1446	1374.41	519	35.1685
lcl|NW_015386810.1_cds_XP_015672253.1_9847	1341	1276.62	2907	212.072
lcl|NW_015386810.1_cds_XP_015672254.1_9848	1911	1868.87	2354	117.309
lcl|NW_015386810.1_cds_XP_015672255.1_9849	1303	1271.76	4	0.292925
lcl|NW_015386811.1_cds_XP_015672260.1_9850	1902	1873.65	5	0.248533
lcl|NW_015386811.1_cds_XP_029140123.1_9851	2352	2342.34	0.999819	0.0397533
lcl|NW_015386811.1_cds_XP_029140121.1_9852	2385	2377.62	1.36559e-06	5.34907e-08
lcl|NW_015386811.1_cds_XP_029140122.1_9853	2373	2364.8	0.000179709	7.07745e-06
lcl|NW_015386811.1_cds_XP_015672258.1_9854	2406	2400.08	0	0
lcl|NW_015386811.1_cds_XP_015672259.1_9855	1350	1349.39	130	8.97235
lcl|NW_015386812.1_cds_XP_015672262.1_9856	2358	2418.3	3	0.115535
lcl|NW_015386813.1_cds_XP_015672269.2_9857	1380	1341.95	0	0
lcl|NW_015386813.1_cds_XP_015672268.1_9858	2031	1940.45	16	0.767924
lcl|NW_015386813.1_cds_XP_015672270.1_9859	1113	1064.7	4	0.349891
lcl|NW_015386813.1_cds_XP_015672265.1_9860	279	235.703	53	20.9417
lcl|NW_015386813.1_cds_XP_015672266.1_9861	1632	1533.01	4	0.243005
lcl|NW_015386813.1_cds_XP_015672263.1_9862	291	259.5	339	121.664
lcl|NW_015386813.1_cds_XP_015672264.1_9863	1173	1134.95	0	0
lcl|NW_015386814.1_cds_XP_015672272.1_9864	657	618.949	0	0
lcl|NW_015386814.1_cds_XP_029140125.1_9865	1932	1897.59	2	0.0981588
lcl|NW_015386815.1_cds_XP_015672277.1_9866	480	455.104	2	0.40928
lcl|NW_015386815.1_cds_XP_015672273.2_9867	1632	1670.43	300	16.7261
lcl|NW_015386815.1_cds_XP_015672274.1_9868	114	75.9487	0	0
lcl|NW_015386815.1_cds_XP_015672279.1_9869	972	998.282	135	12.5945
lcl|NW_015386815.1_cds_XP_029140127.1_9870	1590	1543.35	19	1.14655
lcl|NW_015386815.1_cds_XP_015672281.2_9871	1545	1506.95	0	0
lcl|NW_015386815.1_cds_XP_029140126.1_9872	2136	2109.27	32	1.41292
lcl|NW_015386815.1_cds_XP_029140128.1_9873	2007	1951.8	3	0.143149
lcl|NW_015386815.1_cds_XP_015672275.1_9874	1245	1257.96	57	4.21998
lcl|NW_015386815.1_cds_XP_015672276.1_9875	702	682.386	43	5.86867
lcl|NW_015386816.1_cds_XP_015672285.1_9876	903	864.949	0	0
lcl|NW_015386816.1_cds_XP_029140130.1_9877	780	741.949	0	0
lcl|NW_015386816.1_cds_XP_029140129.1_9878	801	762.949	0	0
lcl|NW_015386817.1_cds_XP_015672286.1_9879	2667	2636.43	95	3.35589
lcl|NW_015386817.1_cds_XP_015672287.1_9880	1044	997.743	2020	188.553
lcl|NW_015386817.1_cds_XP_015672290.1_9881	744	653.249	81	11.548
lcl|NW_015386817.1_cds_XP_015672288.1_9882	1878	1837.99	616	31.2133
lcl|NW_015386817.1_cds_XP_029140131.1_9883	360	321.949	0	0
lcl|NW_015386818.1_cds_XP_015672292.2_9884	1479	1440.95	0	0
lcl|NW_015386818.1_cds_XP_015672291.1_9885	1455	1416.95	0	0
lcl|NW_015386818.1_cds_XP_029140132.1_9886	1455	1416.95	0	0
lcl|NW_015386819.1_cds_XP_015672293.1_9887	2031	1960.94	203	9.64126
lcl|NW_015386819.1_cds_XP_015672294.1_9888	327	261.508	127	45.2293
lcl|NW_015386819.1_cds_XP_015672297.1_9889	942	919.57	9	0.911505
lcl|NW_015386819.1_cds_XP_015672295.1_9890	2628	2557.92	32	1.1651
lcl|NW_015386819.1_cds_XP_015672296.1_9891	1116	1110.82	199.361	16.7146
lcl|NW_015386820.1_cds_XP_015672304.1_9892	1584	1545.95	0	0
lcl|NW_015386820.1_cds_XP_015672306.1_9893	654	615.949	0	0
lcl|NW_015386820.1_cds_XP_029140133.1_9894	6387	6520.76	6	0.0856947
lcl|NW_015386820.1_cds_XP_015672303.1_9895	885	882.516	267.305	28.2088
lcl|NW_015386820.1_cds_XP_015672299.1_9896	1107	1136.05	75.949	6.22627
lcl|NW_015386820.1_cds_XP_015672298.1_9897	1134	1162.92	374.58	29.9982
lcl|NW_015386820.1_cds_XP_029140135.1_9898	684	696.202	174.94	23.4022
lcl|NW_015386820.1_cds_XP_015672301.1_9899	906	950.062	20.0703	1.96744
lcl|NW_015386820.1_cds_XP_015672300.1_9900	933	976.939	152.156	14.5052
lcl|NW_015386821.1_cds_XP_015672310.1_9901	1122	1083.95	0	0
lcl|NW_015386821.1_cds_XP_029140137.1_9902	1164	1125.95	0	0
lcl|NW_015386821.1_cds_XP_029140136.1_9903	1167	1128.95	0	0
lcl|NW_015386821.1_cds_XP_015672309.1_9904	1128	1089.95	0	0
lcl|NW_015386821.1_cds_XP_029140138.1_9905	1131	1092.95	0	0
lcl|NW_015386821.1_cds_XP_015672308.1_9906	1167	1128.95	0	0
lcl|NW_015386821.1_cds_XP_015672307.1_9907	1170	1131.95	0	0
lcl|NW_015386821.1_cds_XP_029140139.1_9908	1062	1023.95	0	0
lcl|NW_015386821.1_cds_XP_015672311.1_9909	1101	1062.95	0	0
lcl|NW_015386822.1_cds_XP_015672313.1_9910	498	465.579	230	46.0083
lcl|NW_015386823.1_cds_XP_029140142.1_9911	4182	4283.44	1	0.0217425
lcl|NW_015386823.1_cds_XP_029140140.1_9912	3990	3812.6	39	0.952675
lcl|NW_015386823.1_cds_XP_015672315.1_9913	4530	4520.22	285	5.87201
lcl|NW_015386823.1_cds_XP_015672322.1_9914	2877	2678.95	215	7.47438
lcl|NW_015386823.1_cds_XP_015672316.1_9915	1584	1483.55	398	24.9851
lcl|NW_015386823.1_cds_XP_015672317.1_9916	1833	1876.41	0	0
lcl|NW_015386823.1_cds_XP_015672318.1_9917	1833	1876.41	0	0
lcl|NW_015386823.1_cds_XP_015672319.1_9918	1572	1581.29	78.8153	4.64195
lcl|NW_015386823.1_cds_XP_015672320.1_9919	1476	1509.99	411.185	25.3608
lcl|NW_015386824.1_cds_XP_015672323.1_9920	3261	3073.25	267	8.09122
lcl|NW_015386824.1_cds_XP_015672325.1_9921	558	514.132	16	2.89832
lcl|NW_015386824.1_cds_XP_015672329.1_9922	198	145.832	2	1.27726
lcl|NW_015386824.1_cds_XP_015672326.1_9923	618	555.109	31	5.20097
lcl|NW_015386824.1_cds_XP_015672330.1_9924	513	453.361	1177	241.787
lcl|NW_015386824.1_cds_XP_015672327.1_9925	654	622.095	7.72118	1.15592
lcl|NW_015386824.1_cds_XP_015672328.1_9926	576	541.525	13.2788	2.28372
lcl|NW_015386824.1_cds_XP_015672331.1_9927	1281	1224.69	14	1.06464
lcl|NW_015386825.1_cds_XP_015672339.1_9928	2166	2095.16	3	0.133354
lcl|NW_015386825.1_cds_XP_015672338.2_9929	1128	1110.37	1	0.0838752
lcl|NW_015386825.1_cds_XP_015672332.1_9930	1761	1690.75	717	39.4948
lcl|NW_015386825.1_cds_XP_015672333.1_9931	1761	1690.75	717	39.4948
lcl|NW_015386825.1_cds_XP_015672340.1_9932	1290	1229.44	10	0.757522
lcl|NW_015386825.1_cds_XP_015672334.1_9933	342	305.685	363	110.595
lcl|NW_015386825.1_cds_XP_015672335.1_9934	1566	1546.05	658	39.6372
lcl|NW_015386825.1_cds_XP_015672336.1_9935	4644	4721.59	47	0.927067
lcl|NW_015386825.1_cds_XP_015672337.1_9936	2037	1998.95	0	0
lcl|NW_015386826.1_cds_XP_015672341.1_9937	3024	2767.18	5.1228	0.172414
lcl|NW_015386827.1_cds_XP_015672355.1_9938	450	440.769	9	1.90166
lcl|NW_015386827.1_cds_XP_015672348.1_9939	1938	1956.18	250	11.9023
lcl|NW_015386827.1_cds_XP_015672343.1_9940	1287	1348.76	38	2.62392
lcl|NW_015386827.1_cds_XP_015672344.1_9941	2748	2557.2	82.9653	3.02158
lcl|NW_015386827.1_cds_XP_015672345.1_9942	1272	1240.24	42	3.15388
lcl|NW_015386827.1_cds_XP_029140145.1_9943	624	653.43	1	0.142529
lcl|NW_015386827.1_cds_XP_015672350.1_9944	969	989.972	1	0.0940759
lcl|NW_015386827.1_cds_XP_015672351.2_9945	768	729.949	0	0
lcl|NW_015386827.1_cds_XP_015672352.1_9946	969	930.949	0	0
lcl|NW_015386827.1_cds_XP_015672353.1_9947	948	909.949	0	0
lcl|NW_015386827.1_cds_XP_015672354.1_9948	915	876.949	0	0
lcl|NW_015386827.1_cds_XP_015672347.1_9949	2256	2280.48	31	1.26601
lcl|NW_015386828.1_cds_XP_015672359.1_9950	2181	2157.54	2.05708	0.0887958
lcl|NW_015386828.1_cds_XP_015672360.1_9951	2460	2421.95	0	0
lcl|NW_015386828.1_cds_XP_015672361.1_9952	4464	4535.21	3	0.0616063
lcl|NW_015386828.1_cds_XP_015672358.1_9953	3558	3542.09	0	0
lcl|NW_015386828.1_cds_XP_015672356.1_9954	3564	3542.15	0	0
lcl|NW_015386828.1_cds_XP_029140146.1_9955	3438	3426.23	2	0.0543644
lcl|NW_015386829.1_cds_XP_015672362.1_9956	2070	2097.23	1821	80.8659
lcl|NW_015386830.1_cds_XP_029140149.1_9957	588	549.949	0	0
lcl|NW_015386830.1_cds_XP_029140150.1_9958	307	274.412	50	16.9694
lcl|NW_015386830.1_cds_XP_015672371.1_9959	876	667.864	6	0.836689
lcl|NW_015386830.1_cds_XP_015672365.1_9960	3825	3885.49	200	4.79386
lcl|NW_015386830.1_cds_XP_015672366.1_9961	1701	1735.56	30	1.60984
lcl|NW_015386830.1_cds_XP_029140147.1_9962	2451	2412.95	0	0
lcl|NW_015386830.1_cds_XP_015672368.1_9963	2223	2262.65	36	1.48179
lcl|NW_015386830.1_cds_XP_029140148.1_9964	3129	3145.45	13	0.384912
lcl|NW_015386831.1_cds_XP_029140152.1_9965	1263	1224.95	0	0
lcl|NW_015386831.1_cds_XP_015672386.2_9966	1221	1182.95	0	0
lcl|NW_015386831.1_cds_XP_015672384.1_9967	1854	1796.38	5	0.259222
lcl|NW_015386831.1_cds_XP_015672373.1_9968	585	548.995	32	5.42854
lcl|NW_015386831.1_cds_XP_015672385.1_9969	1140	1062.62	31	2.71696
lcl|NW_015386831.1_cds_XP_015672374.1_9970	2472	2459.8	46	1.74165
lcl|NW_015386831.1_cds_XP_015672375.1_9971	687	639.752	40	5.82304
lcl|NW_015386831.1_cds_XP_015672376.1_9972	687	639.752	40	5.82304
lcl|NW_015386831.1_cds_XP_015672377.1_9973	687	639.752	40	5.82304
lcl|NW_015386831.1_cds_XP_015672378.1_9974	687	639.752	40	5.82304
lcl|NW_015386831.1_cds_XP_015672380.1_9975	687	639.752	40	5.82304
lcl|NW_015386831.1_cds_XP_015672381.1_9976	687	639.752	40	5.82304
lcl|NW_015386831.1_cds_XP_029140151.1_9977	228	189.328	18	8.85439
lcl|NW_015386831.1_cds_XP_015672387.1_9978	1587	1594.82	25	1.45992
lcl|NW_015386831.1_cds_XP_015672382.1_9979	1218	1171.6	247	19.6345
lcl|NW_015386831.1_cds_XP_015672383.1_9980	4428	4363.19	208	4.43978
lcl|NW_015386834.1_cds_XP_015672394.1_9981	1212	1174.94	9	0.713389
lcl|NW_015386834.1_cds_XP_015672395.2_9982	927	817.774	4	0.455542
lcl|NW_015386834.1_cds_XP_015672388.1_9983	5523	5662.77	139	2.28606
lcl|NW_015386834.1_cds_XP_015672389.1_9984	4371	4445.33	1034	21.663
lcl|NW_015386834.1_cds_XP_015672391.1_9985	1461	1439.39	141	9.12311
lcl|NW_015386834.1_cds_XP_015672392.1_9986	1503	1497.47	372	23.1359
lcl|NW_015386835.1_cds_XP_015672407.1_9987	4352	4152.66	80.002	1.79422
lcl|NW_015386835.1_cds_XP_029140154.1_9988	1683	1453.65	0.198215	0.0126993
lcl|NW_015386835.1_cds_XP_015672410.1_9989	1728	1487.73	37.8018	2.36641
lcl|NW_015386835.1_cds_XP_015672396.1_9990	441	365.509	678	172.756
lcl|NW_015386835.1_cds_XP_015672397.2_9991	1242	1126.35	639	52.8358
lcl|NW_015386835.1_cds_XP_015672408.2_9992	3789	3726.63	174	4.34845
lcl|NW_015386835.1_cds_XP_015672401.1_9993	903	898.419	237.5	24.6199
lcl|NW_015386835.1_cds_XP_015672402.1_9994	903	898.419	237.5	24.6199
lcl|NW_015386835.1_cds_XP_015672398.1_9995	1605	1532.64	0.000556085	3.37911e-05
lcl|NW_015386835.1_cds_XP_015672399.1_9996	1593	1519.16	199.999	12.2611
lcl|NW_015386835.1_cds_XP_015672403.1_9997	1503	1493.01	68	4.24178
lcl|NW_015386835.1_cds_XP_015672404.1_9998	228	204.871	13	5.90968
lcl|NW_015386835.1_cds_XP_029140153.1_9999	11298	11355.1	796.388	6.53183
lcl|NW_015386836.1_cds_XP_015672411.1_10000	1458	1517.38	75.9982	4.66455
lcl|NW_015386836.1_cds_XP_029140155.1_10001	1374	1431	0.00182446	0.00011874
lcl|NW_015386836.1_cds_XP_015672413.1_10002	1755	1677.43	0	0
lcl|NW_015386836.1_cds_XP_015672412.1_10003	1977	1909.72	80	3.90142
lcl|NW_015386836.1_cds_XP_015672414.1_10004	711	674.08	461	63.6928
lcl|NW_015386836.1_cds_XP_015672415.2_10005	1320	1344.47	217	15.0318
lcl|NW_015386837.1_cds_XP_015672419.1_10006	693	671.889	1	0.138613
lcl|NW_015386837.1_cds_XP_029140158.1_10007	2085	2046.95	0	0
lcl|NW_015386837.1_cds_XP_015672416.1_10008	2316	2296.06	132.471	5.37329
lcl|NW_015386837.1_cds_XP_015672417.1_10009	2316	2296.06	132.471	5.37329
lcl|NW_015386837.1_cds_XP_015672418.1_10010	2313	2307.11	118.057	4.7657
lcl|NW_015386837.1_cds_XP_029140156.1_10011	1797	1815.19	2	0.102614
lcl|NW_015386837.1_cds_XP_029140157.1_10012	423	384.949	0	0
lcl|NW_015386838.1_cds_XP_015672423.1_10013	1185	1150.31	13	1.05252
lcl|NW_015386839.1_cds_XP_015672428.1_10014	1545	1541.97	13	0.785178
lcl|NW_015386839.1_cds_XP_015672426.1_10015	1305	1277.87	54	3.93557
lcl|NW_015386839.1_cds_XP_015672427.1_10016	1632	1593.95	0	0
lcl|NW_015386839.1_cds_XP_029140159.1_10017	2682	2656.6	60	2.10343
lcl|NW_015386839.1_cds_XP_015672425.1_10018	5604	5694.85	8	0.130831
lcl|NW_015386840.1_cds_XP_015672434.1_10019	657	618.949	0	0
lcl|NW_015386840.1_cds_XP_015672435.1_10020	558	519.949	0	0
lcl|NW_015386840.1_cds_XP_015672429.1_10021	1953	1876.88	179	8.88215
lcl|NW_015386840.1_cds_XP_015672430.1_10022	4173	4192.62	331	7.35265
lcl|NW_015386840.1_cds_XP_029140160.1_10023	9465	9484.69	83.7466	0.822329
lcl|NW_015386840.1_cds_XP_015672432.1_10024	8304	8421	1041	11.513
lcl|NW_015386840.1_cds_XP_015672439.1_10025	1296	1257.95	0	0
lcl|NW_015386840.1_cds_XP_015672438.1_10026	1494	1455.95	0	0
lcl|NW_015386840.1_cds_XP_015672440.1_10027	1293	1254.95	0	0
lcl|NW_015386840.1_cds_XP_015672437.1_10028	1497	1458.95	0	0
lcl|NW_015386840.1_cds_XP_015672436.1_10029	1632	1593.95	0	0
lcl|NW_015386840.1_cds_XP_029140161.1_10030	1384	1345.95	0	0
lcl|NW_015386842.1_cds_XP_029140163.1_10031	186	147.949	0	0
lcl|NW_015386842.1_cds_XP_015672443.1_10032	612	580.017	2	0.321137
lcl|NW_015386842.1_cds_XP_015672441.1_10033	1110	1034.38	35	3.15129
lcl|NW_015386842.1_cds_XP_029140162.1_10034	3936	4119.88	2	0.0452113
lcl|NW_015386844.1_cds_XP_015672445.1_10035	1263	1256.68	3193	236.633
lcl|NW_015386844.1_cds_XP_029140164.1_10036	5664	5779.36	481	7.75116
lcl|NW_015386844.1_cds_XP_015672447.1_10037	684	657.538	165	23.3703
lcl|NW_015386844.1_cds_XP_015672448.1_10038	795	756.949	0	0
lcl|NW_015386847.1_cds_XP_029140167.1_10039	1998	2014.79	7	0.32357
lcl|NW_015386847.1_cds_XP_015672452.1_10040	2214	2175.95	0	0
lcl|NW_015386847.1_cds_XP_015672453.1_10041	3705	3666.95	0	0
lcl|NW_015386847.1_cds_XP_015672455.1_10042	972	933.949	0	0
lcl|NW_015386847.1_cds_XP_029140166.1_10043	321	277.87	8	2.68132
lcl|NW_015386847.1_cds_XP_015672460.2_10044	324	279.719	0	0
lcl|NW_015386847.1_cds_XP_015672456.1_10045	6975	6936.95	0	0
lcl|NW_015386847.1_cds_XP_029140165.1_10046	7224	7242.22	2	0.0257193
lcl|NW_015386847.1_cds_XP_015672451.2_10047	4503	4535.96	63	1.29352
lcl|NW_015386848.1_cds_XP_015672462.1_10048	1182	1183.8	21	1.65213
lcl|NW_015386848.1_cds_XP_015672461.1_10049	705	659.005	413	58.3663
lcl|NW_015386849.1_cds_XP_029140168.1_10050	1506	1503.21	2	0.123912
lcl|NW_015386849.1_cds_XP_015672464.1_10051	1176	1206.51	412	31.803
lcl|NW_015386849.1_cds_XP_015672465.1_10052	3615	3713.27	70	1.75567
lcl|NW_015386850.1_cds_XP_015672473.1_10053	4323	4500.16	4	0.0827815
lcl|NW_015386850.1_cds_XP_015672467.1_10054	1104	1064.11	84	7.3518
lcl|NW_015386850.1_cds_XP_029140169.1_10055	3405	3563.05	15	0.392077
lcl|NW_015386850.1_cds_XP_015672468.1_10056	2127	2217.18	1536	64.5197
lcl|NW_015386850.1_cds_XP_015672475.1_10057	1932	2018.37	18	0.830564
lcl|NW_015386850.1_cds_XP_015672469.1_10058	1032	1012.49	52	4.78313
lcl|NW_015386850.1_cds_XP_015672470.1_10059	1020	982.918	37.2653	3.53092
lcl|NW_015386850.1_cds_XP_015672472.1_10060	786	767.957	102.735	12.459
lcl|NW_015386850.1_cds_XP_015672471.1_10061	915	875.481	0	0
lcl|NW_015386851.1_cds_XP_029140171.1_10062	1725	1702.14	71	3.88476
lcl|NW_015386851.1_cds_XP_015672476.1_10063	1155	1123.96	175	14.5007
lcl|NW_015386851.1_cds_XP_015672478.1_10064	2931	2971.34	0.0213587	0.000669458
lcl|NW_015386851.1_cds_XP_015672477.1_10065	2913	2946.79	34.9786	1.10549
lcl|NW_015386851.1_cds_XP_015672495.1_10066	786	720.95	3	0.387541
lcl|NW_015386851.1_cds_XP_015672479.1_10067	519	470.043	214	42.4011
lcl|NW_015386851.1_cds_XP_015672480.1_10068	417	375.276	75	18.6128
lcl|NW_015386851.1_cds_XP_015672496.1_10069	1929	1885.09	5	0.247024
lcl|NW_015386851.1_cds_XP_015672481.1_10070	6150	6235.6	223	3.33064
lcl|NW_015386851.1_cds_XP_015672485.1_10071	513	479.033	76.3597	14.8457
lcl|NW_015386851.1_cds_XP_015672484.1_10072	552	520.871	11.3202	2.02406
lcl|NW_015386851.1_cds_XP_029140170.1_10073	552	520.871	11.3202	2.02406
lcl|NW_015386851.1_cds_XP_015672494.1_10074	1086	1082.93	6	0.516004
lcl|NW_015386851.1_cds_XP_015672486.1_10075	1308	1322.26	212	14.932
lcl|NW_015386851.1_cds_XP_015672488.1_10076	291	277.194	235	78.956
lcl|NW_015386851.1_cds_XP_015672491.1_10077	2619	2622.7	270	9.58774
lcl|NW_015386851.1_cds_XP_015672492.1_10078	1302	1289.58	617	44.5591
lcl|NW_015386851.1_cds_XP_015672497.1_10079	399	356.137	3	0.784524
lcl|NW_015386852.1_cds_XP_015672509.1_10080	912	815.332	29	3.31257
lcl|NW_015386852.1_cds_XP_015672500.1_10081	2283	2202.61	40	1.69131
lcl|NW_015386852.1_cds_XP_015672499.1_10082	3192	3220.27	497	14.3736
lcl|NW_015386852.1_cds_XP_015672501.1_10083	402	364.223	273.79	70.0087
lcl|NW_015386852.1_cds_XP_015672502.1_10084	396	358.655	1306.21	339.186
lcl|NW_015386852.1_cds_XP_029140173.1_10085	1584	1444.21	13	0.838328
lcl|NW_015386852.1_cds_XP_015672504.1_10086	2139	2112.7	429	18.9113
lcl|NW_015386852.1_cds_XP_015672506.1_10087	4566	4527.95	0	0
lcl|NW_015386852.1_cds_XP_015672507.1_10088	1338	1299.95	0	0
lcl|NW_015386852.1_cds_XP_015672508.1_10089	1578	1537.5	7	0.424017
lcl|NW_015386852.1_cds_XP_015672511.1_10090	1152	1059.77	70	6.15161
lcl|NW_015386852.1_cds_XP_015672513.1_10091	753	699.868	0.287754	0.0382919
lcl|NW_015386852.1_cds_XP_015672512.1_10092	969	930.949	0	0
lcl|NW_015386853.1_cds_XP_015672514.1_10093	1197	1208.83	1	0.0770433
lcl|NW_015386853.1_cds_XP_015672519.1_10094	2130	2082.12	336	15.0291
lcl|NW_015386853.1_cds_XP_015672520.1_10095	1026	987.949	0	0
lcl|NW_015386853.1_cds_XP_015672521.1_10096	3489	3466.03	10	0.268701
lcl|NW_015386853.1_cds_XP_029140174.1_10097	2073	2034.95	0	0
lcl|NW_015386853.1_cds_XP_015672515.1_10098	1854	1843.31	249	12.5807
lcl|NW_015386853.1_cds_XP_015672523.1_10099	1797	1728.57	86	4.63355
lcl|NW_015386853.1_cds_XP_015672524.1_10100	885	805.75	1	0.115585
lcl|NW_015386853.1_cds_XP_015672525.2_10101	3645	3606.95	0	0
lcl|NW_015386853.1_cds_XP_015672516.1_10102	1533	1529.51	85.8537	5.22768
lcl|NW_015386853.1_cds_XP_015672517.1_10103	1884	1897.75	139.146	6.82864
lcl|NW_015386853.1_cds_XP_015672518.1_10104	1395	1418.35	78	5.12168
lcl|NW_015386853.1_cds_XP_015672527.1_10105	1512	1539.65	5.45102e-06	3.29729e-07
lcl|NW_015386853.1_cds_XP_015672528.1_10106	1500	1518.44	0.999995	0.061334
lcl|NW_015386853.1_cds_XP_015672529.1_10107	1008	969.949	0	0
lcl|NW_015386854.1_cds_XP_029140176.1_10108	951	912.949	0	0
lcl|NW_015386854.1_cds_XP_015672530.1_10109	942	903.949	0	0
lcl|NW_015386854.1_cds_XP_015672531.1_10110	942	903.949	0	0
lcl|NW_015386854.1_cds_XP_029140178.1_10111	969	930.949	0	0
lcl|NW_015386854.1_cds_XP_029140179.1_10112	969	930.949	0	0
lcl|NW_015386854.1_cds_XP_029140180.1_10113	969	930.949	0	0
lcl|NW_015386854.1_cds_XP_029140181.1_10114	969	930.949	0	0
lcl|NW_015386854.1_cds_XP_029140182.1_10115	1194	1155.95	0	0
lcl|NW_015386854.1_cds_XP_029140183.1_10116	963	924.949	0	0
lcl|NW_015386854.1_cds_XP_015672535.2_10117	981	942.949	0	0
lcl|NW_015386854.1_cds_XP_029140184.1_10118	993	954.949	0	0
lcl|NW_015386854.1_cds_XP_015672587.1_10119	921	882.949	0	0
lcl|NW_015386854.1_cds_XP_029140185.1_10120	651	612.949	0	0
lcl|NW_015386854.1_cds_XP_015672537.1_10121	936	897.949	0	0
lcl|NW_015386854.1_cds_XP_015672538.2_10122	933	894.949	0	0
lcl|NW_015386854.1_cds_XP_015672539.1_10123	981	942.949	0	0
lcl|NW_015386854.1_cds_XP_015672540.1_10124	954	915.949	0	0
lcl|NW_015386854.1_cds_XP_015672541.1_10125	996	957.949	0	0
lcl|NW_015386854.1_cds_XP_029140186.1_10126	954	915.949	0	0
lcl|NW_015386854.1_cds_XP_015672543.1_10127	960	921.949	0	0
lcl|NW_015386854.1_cds_XP_015672545.1_10128	1014	975.949	0	0
lcl|NW_015386854.1_cds_XP_015672546.1_10129	1086	1047.95	0	0
lcl|NW_015386854.1_cds_XP_015672547.1_10130	960	921.949	0	0
lcl|NW_015386854.1_cds_XP_015672548.1_10131	939	934.12	2	0.199402
lcl|NW_015386854.1_cds_XP_015672549.2_10132	933	894.949	0	0
lcl|NW_015386854.1_cds_XP_015672550.1_10133	933	894.949	0	0
lcl|NW_015386854.1_cds_XP_015672551.1_10134	933	894.949	0	0
lcl|NW_015386854.1_cds_XP_015672552.1_10135	921	882.949	0	0
lcl|NW_015386854.1_cds_XP_015672553.1_10136	915	876.949	0	0
lcl|NW_015386854.1_cds_XP_015672554.2_10137	915	876.949	0	0
lcl|NW_015386854.1_cds_XP_029140187.1_10138	942	903.949	0	0
lcl|NW_015386854.1_cds_XP_029140177.1_10139	918	879.949	0	0
lcl|NW_015386854.1_cds_XP_029140188.1_10140	939	900.949	0	0
lcl|NW_015386854.1_cds_XP_029140189.1_10141	936	897.949	0	0
lcl|NW_015386854.1_cds_XP_029140190.1_10142	933	894.949	0	0
lcl|NW_015386854.1_cds_XP_029140191.1_10143	936	897.949	0	0
lcl|NW_015386854.1_cds_XP_015672557.1_10144	846	807.949	0	0
lcl|NW_015386854.1_cds_XP_015672558.1_10145	957	918.949	0	0
lcl|NW_015386854.1_cds_XP_015672559.1_10146	948	909.949	0	0
lcl|NW_015386854.1_cds_XP_015672560.2_10147	930	891.949	0	0
lcl|NW_015386854.1_cds_XP_015672561.1_10148	927	888.949	0	0
lcl|NW_015386854.1_cds_XP_015672562.1_10149	963	924.949	0	0
lcl|NW_015386854.1_cds_XP_015672563.1_10150	939	900.949	0	0
lcl|NW_015386854.1_cds_XP_015672564.1_10151	969	964.894	3	0.289563
lcl|NW_015386854.1_cds_XP_015672565.1_10152	1656	1661.25	3	0.168185
lcl|NW_015386854.1_cds_XP_015672567.1_10153	939	900.949	0	0
lcl|NW_015386854.1_cds_XP_029140192.1_10154	933	894.949	0	0
lcl|NW_015386854.1_cds_XP_029140193.1_10155	1092	1053.95	0	0
lcl|NW_015386854.1_cds_XP_015672569.2_10156	852	813.949	0	0
lcl|NW_015386854.1_cds_XP_029140194.1_10157	852	813.949	0	0
lcl|NW_015386854.1_cds_XP_015672571.2_10158	972	933.949	0	0
lcl|NW_015386854.1_cds_XP_029140195.1_10159	918	879.949	0	0
lcl|NW_015386854.1_cds_XP_029140196.1_10160	960	921.949	0	0
lcl|NW_015386854.1_cds_XP_029140197.1_10161	945	906.949	0	0
lcl|NW_015386854.1_cds_XP_015672572.1_10162	918	879.949	0	0
lcl|NW_015386854.1_cds_XP_015672573.1_10163	969	930.949	0	0
lcl|NW_015386854.1_cds_XP_015672575.1_10164	918	879.949	0	0
lcl|NW_015386854.1_cds_XP_015672576.1_10165	918	879.949	0	0
lcl|NW_015386854.1_cds_XP_015672577.1_10166	918	902.263	0	0
lcl|NW_015386854.1_cds_XP_015672578.1_10167	918	884.213	9.01682e-07	9.49725e-08
lcl|NW_015386854.1_cds_XP_015672579.1_10168	918	886.058	2.12016e-07	2.22848e-08
lcl|NW_015386854.1_cds_XP_029140199.1_10169	918	870.089	0.999999	0.107038
lcl|NW_015386854.1_cds_XP_015672588.1_10170	966	945.364	1	0.098515
lcl|NW_015386854.1_cds_XP_015672581.1_10171	927	901.846	0	0
lcl|NW_015386854.1_cds_XP_015672582.1_10172	927	888.949	0	0
lcl|NW_015386854.1_cds_XP_015672583.1_10173	942	903.949	0	0
lcl|NW_015386854.1_cds_XP_029140200.1_10174	1020	981.949	0	0
lcl|NW_015386854.1_cds_XP_029140201.1_10175	972	933.949	0	0
lcl|NW_015386854.1_cds_XP_029140202.1_10176	936	897.949	0	0
lcl|NW_015386854.1_cds_XP_015672586.1_10177	936	897.949	0	0
lcl|NW_015386854.1_cds_XP_029140203.1_10178	927	888.949	0	0
lcl|NW_015386855.1_cds_XP_029140205.1_10179	1842	1826.06	6.44213	0.32856
lcl|NW_015386855.1_cds_XP_015672589.1_10180	2118	2029.44	2	0.0917816
lcl|NW_015386856.1_cds_XP_029140211.1_10181	1989	1716.25	4	0.21706
lcl|NW_015386856.1_cds_XP_015672592.1_10182	1014	884.098	1	0.105342
lcl|NW_015386856.1_cds_XP_029140207.1_10183	1731	1604.63	3	0.17412
lcl|NW_015386856.1_cds_XP_015672600.1_10184	3366	3196.21	8	0.233108
lcl|NW_015386856.1_cds_XP_029140208.1_10185	1818	1669.25	1	0.055793
lcl|NW_015386856.1_cds_XP_015672596.1_10186	4869	4830.95	0	0
lcl|NW_015386856.1_cds_XP_015672597.1_10187	1635	1472.65	80	5.05931
lcl|NW_015386856.1_cds_XP_029140209.1_10188	1413	1300.08	1	0.0716361
lcl|NW_015386856.1_cds_XP_029140210.1_10189	15339	14903.8	12	0.0749871
lcl|NW_015386856.1_cds_XP_029140206.1_10190	13461	12902.3	18	0.129929
lcl|NW_015386857.1_cds_XP_015672608.2_10191	1806	1814.51	12	0.615917
lcl|NW_015386857.1_cds_XP_015672607.2_10192	744	684.802	1	0.135999
lcl|NW_015386857.1_cds_XP_015672602.1_10193	891	841.623	139	15.3815
lcl|NW_015386857.1_cds_XP_015672603.1_10194	1848	1830.49	197	10.0231
lcl|NW_015386857.1_cds_XP_015672609.1_10195	1308	1309.82	5	0.355518
lcl|NW_015386857.1_cds_XP_015672604.2_10196	1593	1607.45	189.079	10.9549
lcl|NW_015386857.1_cds_XP_015672605.1_10197	1566	1573.76	28.9211	1.7115
lcl|NW_015386857.1_cds_XP_015672606.1_10198	393	352.914	27	7.12519
lcl|NW_015386857.1_cds_XP_015672610.1_10199	660	608.869	51	7.80096
lcl|NW_015386858.1_cds_XP_029140212.1_10200	1942	1852.28	2994	150.538
lcl|NW_015386858.1_cds_XP_015672638.1_10201	1077	1031.54	5	0.451425
lcl|NW_015386858.1_cds_XP_015672611.1_10202	4479	4440.95	0	0
lcl|NW_015386858.1_cds_XP_015672618.1_10203	1872	1850.99	78	3.92457
lcl|NW_015386858.1_cds_XP_029140213.1_10204	2349	2341.55	571	22.7109
lcl|NW_015386858.1_cds_XP_015672639.1_10205	852	836.354	67	7.46081
lcl|NW_015386858.1_cds_XP_015672620.2_10206	1077	1033.06	1	0.0901517
lcl|NW_015386858.1_cds_XP_015672621.1_10207	468	443.053	109	22.9125
lcl|NW_015386858.1_cds_XP_029140218.1_10208	6573	6663.7	1	0.0139761
lcl|NW_015386858.1_cds_XP_015672640.1_10209	1359	1344.5	1194	82.7073
lcl|NW_015386858.1_cds_XP_015672622.1_10210	1656	1618.6	29	1.66863
lcl|NW_015386858.1_cds_XP_015672623.1_10211	1350	1300.47	7	0.501302
lcl|NW_015386858.1_cds_XP_015672631.1_10212	2040	2004.56	1	0.0464604
lcl|NW_015386858.1_cds_XP_015672624.1_10213	330	296.492	14	4.39761
lcl|NW_015386858.1_cds_XP_029140219.1_10214	1482	1440.38	1	0.0646582
lcl|NW_015386858.1_cds_XP_015672632.2_10215	1590	1603.49	0	0
lcl|NW_015386858.1_cds_XP_029140214.1_10216	1611	1621.43	0	0
lcl|NW_015386858.1_cds_XP_015672634.1_10217	1590	1551.95	0	0
lcl|NW_015386858.1_cds_XP_029140215.1_10218	1590	1591.4	0	0
lcl|NW_015386858.1_cds_XP_029140216.1_10219	1128	1124.67	1	0.0828089
lcl|NW_015386858.1_cds_XP_029140217.1_10220	1437	1398.95	0	0
lcl|NW_015386858.1_cds_XP_015672626.1_10221	3222	3207.69	15	0.435512
lcl|NW_015386858.1_cds_XP_015672627.1_10222	954	917.727	488	49.5231
lcl|NW_015386858.1_cds_XP_015672628.1_10223	873	808.821	4	0.460584
lcl|NW_015386858.1_cds_XP_015672642.1_10224	1152	1128.69	5	0.412568
lcl|NW_015386859.1_cds_XP_015672643.1_10225	1029	1004.7	394	36.5224
lcl|NW_015386859.1_cds_XP_015672644.1_10226	777	684.978	12446	1692.21
lcl|NW_015386859.1_cds_XP_015672647.1_10227	780	709.46	45.6764	5.99605
lcl|NW_015386859.1_cds_XP_015672646.1_10228	783	713.401	0.323637	0.0422499
lcl|NW_015386859.1_cds_XP_015672651.1_10229	804	768.548	1	0.12118
lcl|NW_015386859.1_cds_XP_015672652.1_10230	1149	1020.01	11	1.00436
lcl|NW_015386859.1_cds_XP_015672648.1_10231	2721	2713.84	1	0.0343176
lcl|NW_015386859.1_cds_XP_015672649.1_10232	3345	3349.73	1	0.027803
lcl|NW_015386859.1_cds_XP_015672650.1_10233	651	612.949	0	0
lcl|NW_015386860.1_cds_XP_015672653.1_10234	537	472.775	16.6692	3.28369
lcl|NW_015386860.1_cds_XP_029140220.1_10235	678	619.817	4.33079	0.650737
lcl|NW_015386860.1_cds_XP_015672656.1_10236	666	616.989	3075	464.161
lcl|NW_015386860.1_cds_XP_015672657.1_10237	666	616.989	3075	464.161
lcl|NW_015386860.1_cds_XP_015672662.1_10238	669	630.949	0	0
lcl|NW_015386860.1_cds_XP_015672663.1_10239	669	630.949	0	0
lcl|NW_015386860.1_cds_XP_015672664.1_10240	669	630.949	0	0
lcl|NW_015386860.1_cds_XP_015672658.1_10241	306	264.796	234	82.301
lcl|NW_015386860.1_cds_XP_015672660.1_10242	918	875.061	3.18337	0.338805
lcl|NW_015386860.1_cds_XP_015672661.1_10243	2376	2314.68	68	2.73602
lcl|NW_015386860.1_cds_XP_015672659.1_10244	1494	1468.69	14	0.88777
lcl|NW_015386862.1_cds_XP_015672665.1_10245	3141	3076.14	310	9.38547
lcl|NW_015386862.1_cds_XP_015672666.1_10246	2763	2800.05	25	0.831526
lcl|NW_015386862.1_cds_XP_029140221.1_10247	2805	2847.44	6.44192e-06	2.10698e-07
lcl|NW_015386863.1_cds_XP_015672667.1_10248	777	758.568	1	0.122774
lcl|NW_015386863.1_cds_XP_015672668.2_10249	1089	1057.2	26	2.29043
lcl|NW_015386863.1_cds_XP_015672669.1_10250	462	423.949	0	0
lcl|NW_015386865.1_cds_XP_015672687.1_10251	930	871.137	29	3.10037
lcl|NW_015386865.1_cds_XP_029140224.1_10252	1443	1412	10	0.659578
lcl|NW_015386865.1_cds_XP_015672673.1_10253	3396	3417.96	168	4.57766
lcl|NW_015386865.1_cds_XP_015672681.1_10254	1944	1905.95	0	0
lcl|NW_015386865.1_cds_XP_015672674.1_10255	2415	2422.34	4	0.153789
lcl|NW_015386865.1_cds_XP_015672676.1_10256	354	307.538	5.37835	1.62874
lcl|NW_015386865.1_cds_XP_015672675.1_10257	354	297.941	150.274	46.9737
lcl|NW_015386865.1_cds_XP_015672677.1_10258	300	250.358	25.3477	9.42929
lcl|NW_015386865.1_cds_XP_029140222.1_10259	5994	6039.88	2	0.0308392
lcl|NW_015386865.1_cds_XP_029140223.1_10260	2469	2456.68	22.6975	0.860461
lcl|NW_015386865.1_cds_XP_015672685.1_10261	2034	1958.14	8	0.380494
lcl|NW_015386865.1_cds_XP_015672688.1_10262	828	789.949	0	0
lcl|NW_015386865.1_cds_XP_015672689.1_10263	708	669.949	0	0
lcl|NW_015386865.1_cds_XP_015672678.1_10264	2187	2132.49	258	11.2677
lcl|NW_015386865.1_cds_XP_015672679.1_10265	753	666.386	788	110.129
lcl|NW_015386865.1_cds_XP_015672680.1_10266	1932	1872.87	60	2.98363
lcl|NW_015386865.1_cds_XP_015672690.1_10267	414	373.488	9.66667	2.41047
lcl|NW_015386865.1_cds_XP_015672691.1_10268	414	373.488	9.66667	2.41047
lcl|NW_015386865.1_cds_XP_015672692.1_10269	414	373.488	9.66667	2.41047
lcl|NW_015386865.1_cds_XP_015672686.1_10270	891	856.98	37	4.02098
lcl|NW_015386865.1_cds_XP_015672693.1_10271	762	710.688	0	0
lcl|NW_015386865.1_cds_XP_015672694.1_10272	681	623.064	43	6.42743
lcl|NW_015386866.1_cds_XP_015672702.1_10273	774	765.817	23.4979	2.85763
lcl|NW_015386866.1_cds_XP_015672703.1_10274	1350	1278.85	3	0.218476
lcl|NW_015386866.1_cds_XP_015672695.1_10275	1524	1423.92	48	3.13947
lcl|NW_015386866.1_cds_XP_015672704.1_10276	594	555.949	0	0
lcl|NW_015386866.1_cds_XP_015672697.1_10277	495	441.484	151	31.8539
lcl|NW_015386866.1_cds_XP_015672698.1_10278	1677	1676.78	84	4.66557
lcl|NW_015386866.1_cds_XP_015672699.1_10279	1665	1572.86	117	6.92784
lcl|NW_015386866.1_cds_XP_015672700.1_10280	1317	1233.56	0	0
lcl|NW_015386866.1_cds_XP_015672701.1_10281	2865	2872.48	3	0.0972671
lcl|NW_015386867.1_cds_XP_015672707.1_10282	1875	1831.19	31	1.57663
lcl|NW_015386867.1_cds_XP_015672709.1_10283	1413	1374.95	0	0
lcl|NW_015386867.1_cds_XP_015672705.1_10284	429	369.576	331	83.4114
lcl|NW_015386867.1_cds_XP_029140225.1_10285	3390	3307.63	19	0.534981
lcl|NW_015386868.1_cds_XP_015672710.2_10286	3222	3237.83	1	0.0287638
lcl|NW_015386868.1_cds_XP_015672711.1_10287	675	636.949	0	0
lcl|NW_015386868.1_cds_XP_015672712.1_10288	1710	1727.04	12	0.647111
lcl|NW_015386869.1_cds_XP_015672730.1_10289	1911	1936.67	11	0.528979
lcl|NW_015386869.1_cds_XP_015672737.1_10290	546	462.953	9	1.81053
lcl|NW_015386869.1_cds_XP_015672713.1_10291	1167	1118.99	1644	136.828
lcl|NW_015386869.1_cds_XP_015672714.1_10292	1698	1653.06	254	14.3102
lcl|NW_015386869.1_cds_XP_015672715.1_10293	3402	3337.12	63	1.75821
lcl|NW_015386869.1_cds_XP_015672716.1_10294	1911	1967.8	520	24.6106
lcl|NW_015386869.1_cds_XP_015672717.1_10295	3009	3018.42	1516	46.7757
lcl|NW_015386869.1_cds_XP_015672731.1_10296	789	750.949	0	0
lcl|NW_015386869.1_cds_XP_015672733.1_10297	3309	3373.94	92	2.53952
lcl|NW_015386869.1_cds_XP_015672723.1_10298	2520	2647	10.5358	0.370695
lcl|NW_015386869.1_cds_XP_015672722.1_10299	2520	2637.16	94.44	3.3352
lcl|NW_015386869.1_cds_XP_015672721.1_10300	2523	2648.62	27.2844	0.959391
lcl|NW_015386869.1_cds_XP_029140226.1_10301	2523	2648.62	27.2844	0.959391
lcl|NW_015386869.1_cds_XP_015672718.1_10302	2523	2638.78	241.455	8.52187
lcl|NW_015386869.1_cds_XP_029140228.1_10303	1680	1651.29	122	6.88078
lcl|NW_015386869.1_cds_XP_015672725.1_10304	993	953.095	62.5	6.10724
lcl|NW_015386869.1_cds_XP_015672726.1_10305	993	953.095	62.5	6.10724
lcl|NW_015386869.1_cds_XP_015672735.1_10306	6033	6147.58	158	2.39361
lcl|NW_015386869.1_cds_XP_015672727.1_10307	3591	3611.54	224	5.7764
lcl|NW_015386869.1_cds_XP_029140229.1_10308	1854	1823.09	1	0.0510848
lcl|NW_015386869.1_cds_XP_015672728.1_10309	1212	1166.68	71	5.66772
lcl|NW_015386869.1_cds_XP_015672729.1_10310	1470	1391.01	23	1.53993
lcl|NW_015386869.1_cds_XP_029140227.1_10311	474	458.363	19	3.86052
lcl|NW_015386870.1_cds_XP_029140230.1_10312	1710	1719.99	3	0.162442
lcl|NW_015386871.1_cds_XP_015672770.1_10313	1029	990.949	0	0
lcl|NW_015386871.1_cds_XP_015672771.1_10314	864	825.949	0	0
lcl|NW_015386871.1_cds_XP_015672739.1_10315	1947	1942.51	104	4.98623
lcl|NW_015386871.1_cds_XP_015672740.1_10316	645	591.716	1486	233.887
lcl|NW_015386871.1_cds_XP_015672764.2_10317	1143	1104.95	0	0
lcl|NW_015386871.1_cds_XP_015672772.2_10318	1374	1335.95	0	0
lcl|NW_015386871.1_cds_XP_015672741.1_10319	1251	1201.33	218	16.9003
lcl|NW_015386871.1_cds_XP_015672742.1_10320	1230	1251.91	64	4.7611
lcl|NW_015386871.1_cds_XP_015672744.1_10321	450	393.02	23	5.45022
lcl|NW_015386871.1_cds_XP_015672745.1_10322	2409	2408.34	19	0.734746
lcl|NW_015386871.1_cds_XP_029140233.1_10323	1467	1473.69	1	0.0631969
lcl|NW_015386871.1_cds_XP_015672767.1_10324	1722	1692.87	6	0.330087
lcl|NW_015386871.1_cds_XP_015672746.1_10325	1233	1249.52	634	47.255
lcl|NW_015386871.1_cds_XP_015672747.1_10326	1386	1403.23	32	2.12384
lcl|NW_015386871.1_cds_XP_015672749.1_10327	384	341.613	407	110.959
lcl|NW_015386871.1_cds_XP_015672748.1_10328	744	698.286	50	6.66866
lcl|NW_015386871.1_cds_XP_015672750.1_10329	2796	2786.85	25	0.835465
lcl|NW_015386871.1_cds_XP_015672751.1_10330	1611	1626.88	4063	232.59
lcl|NW_015386871.1_cds_XP_015672752.1_10331	807	714.493	138	17.988
lcl|NW_015386871.1_cds_XP_015672773.2_10332	1101	1062.95	0	0
lcl|NW_015386871.1_cds_XP_015672768.1_10333	819	780.949	0	0
lcl|NW_015386871.1_cds_XP_015672754.1_10334	1263	1192.22	0	0
lcl|NW_015386871.1_cds_XP_015672753.1_10335	1263	1195.97	293	22.8165
lcl|NW_015386871.1_cds_XP_015672756.1_10336	579	475.722	138	27.0164
lcl|NW_015386871.1_cds_XP_015672757.1_10337	1785	1739.87	266.348	14.2572
lcl|NW_015386871.1_cds_XP_015672774.1_10338	545	499.654	507	94.5018
lcl|NW_015386871.1_cds_XP_015672758.1_10339	1134	1087.75	132	11.3018
lcl|NW_015386871.1_cds_XP_015672775.2_10340	1041	1039.96	2	0.179108
lcl|NW_015386871.1_cds_XP_015672759.1_10341	405	366.999	2354	597.369
lcl|NW_015386871.1_cds_XP_015672769.1_10342	3225	3123.99	28.3014	0.843723
lcl|NW_015386871.1_cds_XP_015672760.1_10343	1995	1964.93	24	1.13754
lcl|NW_015386871.1_cds_XP_015672762.1_10344	1278	1222.01	111	8.4596
lcl|NW_015386871.1_cds_XP_029140232.1_10345	3072	3169.51	54	1.58673
lcl|NW_015386872.1_cds_XP_015672789.1_10346	303	245.227	6.01548	2.28456
lcl|NW_015386872.1_cds_XP_029140236.1_10347	3462	3104.03	1	0.0300038
lcl|NW_015386872.1_cds_XP_015672776.1_10348	912	873.949	0	0
lcl|NW_015386872.1_cds_XP_015672791.1_10349	2964	2630.53	1	0.0354045
lcl|NW_015386872.1_cds_XP_015672778.1_10350	1683	1644.95	0	0
lcl|NW_015386872.1_cds_XP_015672779.1_10351	1293	1254.95	0	0
lcl|NW_015386872.1_cds_XP_015672780.1_10352	1761	1516.54	12	0.736936
lcl|NW_015386872.1_cds_XP_029140237.1_10353	1173	1028.45	7	0.633895
lcl|NW_015386872.1_cds_XP_029140234.1_10354	1359	1259.39	8	0.591605
lcl|NW_015386872.1_cds_XP_015672793.1_10355	2235	2079.97	5	0.223879
lcl|NW_015386872.1_cds_XP_015672794.1_10356	1146	1004.59	27	2.5031
lcl|NW_015386872.1_cds_XP_015672782.1_10357	300	261.949	0	0
lcl|NW_015386872.1_cds_XP_029140235.1_10358	14058	13029.9	3	0.0214428
lcl|NW_015386872.1_cds_XP_015672796.1_10359	1620	1530.85	7	0.42586
lcl|NW_015386872.1_cds_XP_015672783.1_10360	897	757.392	4	0.491859
lcl|NW_015386872.1_cds_XP_015672785.1_10361	1329	1181.14	27	2.12893
lcl|NW_015386872.1_cds_XP_015672786.1_10362	666	506.685	27	4.96281
lcl|NW_015386872.1_cds_XP_015672787.1_10363	1881	1664.55	15	0.839256
lcl|NW_015386872.1_cds_XP_015672788.1_10364	9708	9518.15	1	0.00978472
lcl|NW_015386873.1_cds_XP_015672797.1_10365	1080	1061.73	4	0.350871
lcl|NW_015386874.1_cds_XP_029140238.1_10366	2469	2429.13	2	0.0766797
lcl|NW_015386874.1_cds_XP_029140239.1_10367	1671	1727.61	1	0.0539082
lcl|NW_015386874.1_cds_XP_029140240.1_10368	1995	1956.95	0	0
lcl|NW_015386874.1_cds_XP_029140241.1_10369	3249	3210.95	0	0
lcl|NW_015386874.1_cds_XP_029140242.1_10370	2691	2652.95	0	0
lcl|NW_015386874.1_cds_XP_029140243.1_10371	2631	2638.32	10	0.352999
lcl|NW_015386874.1_cds_XP_029140244.1_10372	2622	2583.95	0	0
lcl|NW_015386874.1_cds_XP_029140245.1_10373	2412	2373.95	0	0
lcl|NW_015386876.1_cds_XP_015672814.1_10374	1641	1602.95	0	0
lcl|NW_015386876.1_cds_XP_015672803.1_10375	333	261.69	6	2.13533
lcl|NW_015386876.1_cds_XP_015672802.1_10376	1218	1221.42	118	8.9974
lcl|NW_015386876.1_cds_XP_015672824.1_10377	663	619.638	36	5.41085
lcl|NW_015386876.1_cds_XP_015672806.1_10378	1083	1059.38	995	87.4731
lcl|NW_015386876.1_cds_XP_015672808.1_10379	327	271.098	11	3.77891
lcl|NW_015386876.1_cds_XP_015672804.1_10380	1524	1518.93	11	0.674459
lcl|NW_015386876.1_cds_XP_029140249.1_10381	1503	1515.73	31	1.90476
lcl|NW_015386876.1_cds_XP_015672807.1_10382	342	302.618	7	2.15429
lcl|NW_015386876.1_cds_XP_015672817.1_10383	627	595.662	9	1.40716
lcl|NW_015386876.1_cds_XP_015672818.1_10384	540	533.529	7	1.22192
lcl|NW_015386876.1_cds_XP_015672809.1_10385	2352	2241.53	101	4.19641
lcl|NW_015386876.1_cds_XP_015672825.1_10386	228	168.768	209	115.334
lcl|NW_015386876.1_cds_XP_029140246.1_10387	4362	4379.49	5	0.106328
lcl|NW_015386876.1_cds_XP_029140250.1_10388	753	738.463	848	106.947
lcl|NW_015386876.1_cds_XP_029140251.1_10389	816	807.707	31	3.57445
lcl|NW_015386876.1_cds_XP_015672810.1_10390	303	281.799	155	51.2263
lcl|NW_015386876.1_cds_XP_015672811.1_10391	1674	1708.43	366	19.9519
lcl|NW_015386876.1_cds_XP_015672821.1_10392	600	526.433	223	39.4515
lcl|NW_015386876.1_cds_XP_015672812.1_10393	582	568.942	417.363	68.3199
lcl|NW_015386876.1_cds_XP_015672822.1_10394	1185	1164.74	6	0.47976
lcl|NW_015386876.1_cds_XP_029140248.1_10395	708	674.354	294.275	40.6412
lcl|NW_015386876.1_cds_XP_029140247.1_10396	582	568.942	417.363	68.3199
lcl|NW_015386876.1_cds_XP_015672823.1_10397	600	526.433	223	39.4515
lcl|NW_015386877.1_cds_XP_029140252.1_10398	2781	2699.55	21	0.724485
lcl|NW_015386877.1_cds_XP_029140253.1_10399	1689	1696.25	1	0.0549048
lcl|NW_015386877.1_cds_XP_015672830.1_10400	246	199.688	1	0.46639
lcl|NW_015386877.1_cds_XP_015672829.1_10401	1839	1752.58	10	0.531403
lcl|NW_015386878.1_cds_XP_015672831.1_10402	9489	9801.06	49	0.465612
lcl|NW_015386878.1_cds_XP_015672833.1_10403	579	546.207	14.7274	2.51113
lcl|NW_015386879.1_cds_XP_015672837.1_10404	8139	8194.6	1	0.0113651
lcl|NW_015386879.1_cds_XP_015672834.1_10405	528	491.748	84	15.9088
lcl|NW_015386879.1_cds_XP_015672838.2_10406	569	547.599	207	35.2054
lcl|NW_015386879.1_cds_XP_029140255.1_10407	3588	3544.56	348	9.14363
lcl|NW_015386879.1_cds_XP_015672839.1_10408	1011	987.662	7	0.660072
lcl|NW_015386880.1_cds_XP_015672856.1_10409	3243	3329.96	1	0.0279681
lcl|NW_015386880.1_cds_XP_015672840.1_10410	1062	1068.17	291	25.3719
lcl|NW_015386880.1_cds_XP_015672842.1_10411	669	658.847	8	1.13085
lcl|NW_015386880.1_cds_XP_015672841.1_10412	1143	1118.72	38	3.16346
lcl|NW_015386880.1_cds_XP_015672843.1_10413	1380	1297.18	24.3861	1.75083
lcl|NW_015386880.1_cds_XP_015672844.1_10414	1119	1080.95	0	0
lcl|NW_015386880.1_cds_XP_015672845.1_10415	822	774.628	34	4.08777
lcl|NW_015386880.1_cds_XP_015672848.1_10416	273	209.875	0	0
lcl|NW_015386880.1_cds_XP_015672846.1_10417	333	273.558	46	15.6607
lcl|NW_015386880.1_cds_XP_015672849.1_10418	1425	1387.74	35	2.34888
lcl|NW_015386880.1_cds_XP_015672858.1_10419	1356	1371.26	0	0
lcl|NW_015386880.1_cds_XP_015672860.1_10420	1266	1276.51	16	1.16734
lcl|NW_015386880.1_cds_XP_015672861.1_10421	1011	966.708	18	1.73412
lcl|NW_015386880.1_cds_XP_015672862.1_10422	1437	1502.35	1	0.0619912
lcl|NW_015386880.1_cds_XP_015672850.1_10423	540	515.899	37	6.67942
lcl|NW_015386880.1_cds_XP_015672851.1_10424	1314	1300.43	459.957	32.9406
lcl|NW_015386880.1_cds_XP_015672852.1_10425	1290	1277.7	0.0428821	0.0031257
lcl|NW_015386880.1_cds_XP_015672854.1_10426	2139	2172.39	22.2824	0.95527
lcl|NW_015386880.1_cds_XP_015672853.2_10427	2505	2562.21	2	0.0726971
lcl|NW_015386880.1_cds_XP_015672855.1_10428	2184	2272.24	155	6.35301
lcl|NW_015386880.1_cds_XP_029140257.1_10429	10566	10782.3	2.00198	0.0172922
lcl|NW_015386881.1_cds_XP_015672863.1_10430	6054	6298	67	0.990771
lcl|NW_015386881.1_cds_XP_015672864.1_10431	582	544.891	16	2.73471
lcl|NW_015386882.1_cds_XP_015672865.1_10432	2352	2330.66	39	1.55843
lcl|NW_015386882.1_cds_XP_015672869.1_10433	267	223.758	15	6.24329
lcl|NW_015386882.1_cds_XP_015672867.1_10434	16386	16623.7	620	3.47349
lcl|NW_015386882.1_cds_XP_015672866.1_10435	5955	5909.22	476	7.50202
lcl|NW_015386882.1_cds_XP_015672868.1_10436	1593	1554.95	0	0
lcl|NW_015386882.1_cds_XP_015672871.1_10437	2481	2503.27	1	0.0372044
lcl|NW_015386883.1_cds_XP_015672876.1_10438	1218	1206.69	8	0.61744
lcl|NW_015386883.1_cds_XP_015672873.2_10439	900	843.98	1	0.110349
lcl|NW_015386883.1_cds_XP_015672872.1_10440	555	474.883	308	60.404
lcl|NW_015386883.1_cds_XP_015672874.1_10441	1419	1261.63	10	0.73819
lcl|NW_015386883.1_cds_XP_015672875.1_10442	2523	2577.79	41	1.48128
lcl|NW_015386884.1_cds_XP_015672883.1_10443	1566	1527.95	0	0
lcl|NW_015386884.1_cds_XP_015672884.1_10444	402	363.949	0	0
lcl|NW_015386884.1_cds_XP_029140258.1_10445	2145	2011.37	33	1.528
lcl|NW_015386884.1_cds_XP_015672878.1_10446	3675	3375.73	175	4.82805
lcl|NW_015386884.1_cds_XP_029140259.1_10447	624	541.897	22	3.78101
lcl|NW_015386884.1_cds_XP_015672881.1_10448	1131	1054.28	1	0.0883379
lcl|NW_015386884.1_cds_XP_015672882.1_10449	168	119.994	24.6762	19.1522
lcl|NW_015386885.1_cds_XP_015672885.1_10450	1584	1527.6	70.8521	4.31962
lcl|NW_015386885.1_cds_XP_015672886.1_10451	1437	1376.72	4.14789	0.280598
lcl|NW_015386885.1_cds_XP_015672887.1_10452	807	765.069	2.99996	0.365188
lcl|NW_015386885.1_cds_XP_029140263.1_10453	816	774.728	3.72124e-05	4.47342e-06
lcl|NW_015386885.1_cds_XP_015672888.1_10454	654	643.729	2175	314.672
lcl|NW_015386885.1_cds_XP_015672889.1_10455	1161	1161.26	377	30.2352
lcl|NW_015386885.1_cds_XP_015672890.1_10456	1125	1100.36	7659	648.243
lcl|NW_015386885.1_cds_XP_015672893.1_10457	1134	1075.07	81	7.01699
lcl|NW_015386885.1_cds_XP_015672892.1_10458	1179	1129.17	0	0
lcl|NW_015386885.1_cds_XP_015672895.1_10459	1131	1128.84	76	6.2702
lcl|NW_015386885.1_cds_XP_015672896.1_10460	1131	1092.34	31	2.64304
lcl|NW_015386885.1_cds_XP_015672894.1_10461	1131	1075.25	360	31.1813
lcl|NW_015386885.1_cds_XP_029140261.1_10462	843	820.683	1	0.113482
lcl|NW_015386885.1_cds_XP_015672897.1_10463	945	860.821	119	12.8746
lcl|NW_015386885.1_cds_XP_015672898.1_10464	945	860.821	119	12.8746
lcl|NW_015386885.1_cds_XP_015672901.1_10465	2685	2610.35	1	0.0356782
lcl|NW_015386885.1_cds_XP_029140262.1_10466	5001	4777.37	65	1.26714
lcl|NW_015386885.1_cds_XP_015672899.1_10467	504	471.56	1.07254	0.211826
lcl|NW_015386886.1_cds_XP_015672902.1_10468	960	957.486	701.957	68.2778
lcl|NW_015386886.1_cds_XP_015672904.1_10469	768	750.039	25.0426	3.10954
lcl|NW_015386886.1_cds_XP_015672906.1_10470	1131	1095.08	297.721	25.3202
lcl|NW_015386886.1_cds_XP_015672905.1_10471	1206	1167.44	230.279	18.3704
lcl|NW_015386886.1_cds_XP_015672907.2_10472	3597	3715.28	144	3.60971
lcl|NW_015386886.1_cds_XP_015672908.1_10473	474	446.774	9	1.8761
lcl|NW_015386887.1_cds_XP_015672910.2_10474	4077	3968.39	2.28192	0.0535535
lcl|NW_015386887.1_cds_XP_015672909.1_10475	1935	1808.91	13.7181	0.706282
lcl|NW_015386887.1_cds_XP_015672911.1_10476	1992	1901.42	4	0.195922
lcl|NW_015386888.1_cds_XP_015672912.1_10477	630	591.949	0	0
lcl|NW_015386888.1_cds_XP_015672913.1_10478	1695	1656.95	0	0
lcl|NW_015386890.1_cds_XP_015672914.1_10479	2241	2255.01	57	2.35411
lcl|NW_015386892.1_cds_XP_015672931.1_10480	504	432.672	13	2.79825
lcl|NW_015386892.1_cds_XP_015672932.1_10481	1230	1191.95	0	0
lcl|NW_015386892.1_cds_XP_015672943.2_10482	1029	905.61	5	0.514198
lcl|NW_015386892.1_cds_XP_015672944.1_10483	1191	1078.32	8	0.690946
lcl|NW_015386892.1_cds_XP_015672946.1_10484	252	208.184	2	0.894715
lcl|NW_015386892.1_cds_XP_015672916.1_10485	2400	2200.29	59	2.49732
lcl|NW_015386892.1_cds_XP_029140266.1_10486	1293	1254.95	0	0
lcl|NW_015386892.1_cds_XP_015672947.1_10487	1137	1052.46	7	0.61943
lcl|NW_015386892.1_cds_XP_029140264.1_10488	2034	1958.6	69	3.28099
lcl|NW_015386892.1_cds_XP_015672948.2_10489	2853	2662.12	8	0.279875
lcl|NW_015386892.1_cds_XP_015672950.1_10490	612	573.949	0	0
lcl|NW_015386892.1_cds_XP_015672919.1_10491	2817	2647.98	0	0
lcl|NW_015386892.1_cds_XP_015672918.1_10492	2826	2649.62	115	4.04218
lcl|NW_015386892.1_cds_XP_029140267.1_10493	2712	2673.95	0	0
lcl|NW_015386892.1_cds_XP_015672920.1_10494	2052	1975.2	268	12.6364
lcl|NW_015386892.1_cds_XP_015672951.1_10495	456	417.949	0	0
lcl|NW_015386892.1_cds_XP_015672935.1_10496	846	776.772	18	2.15814
lcl|NW_015386892.1_cds_XP_029140265.1_10497	1773	1659.07	27	1.51566
lcl|NW_015386892.1_cds_XP_015672952.1_10498	714	642.242	10	1.45012
lcl|NW_015386892.1_cds_XP_015672953.1_10499	651	612.949	0	0
lcl|NW_015386892.1_cds_XP_015672954.1_10500	513	452.787	34	6.99337
lcl|NW_015386892.1_cds_XP_015672955.1_10501	189	107.555	189	163.656
lcl|NW_015386892.1_cds_XP_015672922.1_10502	2244	2101.95	188	8.32984
lcl|NW_015386892.1_cds_XP_015672923.1_10503	3579	3423.47	88	2.39396
lcl|NW_015386892.1_cds_XP_015672936.1_10504	1572	1510.71	81.3856	5.01726
lcl|NW_015386892.1_cds_XP_015672925.2_10505	1761	1711.63	505.614	27.5113
lcl|NW_015386892.1_cds_XP_029140269.1_10506	609	570.658	48	7.83369
lcl|NW_015386892.1_cds_XP_029140270.1_10507	648	609.949	0	0
lcl|NW_015386892.1_cds_XP_029140271.1_10508	690	651.949	0	0
lcl|NW_015386892.1_cds_XP_015672927.1_10509	987	903.641	85	8.76041
lcl|NW_015386892.1_cds_XP_015672938.1_10510	1365	1226.16	1	0.0759544
lcl|NW_015386892.1_cds_XP_015672956.1_10511	372	287.577	1	0.323853
lcl|NW_015386892.1_cds_XP_015672957.1_10512	816	709.199	282	37.0325
lcl|NW_015386892.1_cds_XP_015672959.1_10513	6078	5673.09	2	0.0328331
lcl|NW_015386892.1_cds_XP_015672958.1_10514	6204	5787.17	2.78696e-08	4.48503e-10
lcl|NW_015386892.1_cds_XP_029140272.1_10515	1620	1581.95	0	0
lcl|NW_015386892.1_cds_XP_015672940.1_10516	702	647.981	2	0.287454
lcl|NW_015386892.1_cds_XP_015672960.1_10517	1659	1561.5	48	2.86287
lcl|NW_015386892.1_cds_XP_015672928.1_10518	948	846.732	8925	981.665
lcl|NW_015386892.1_cds_XP_015672929.1_10519	8016	7588.21	61	0.748673
lcl|NW_015386892.1_cds_XP_015672941.2_10520	2055	1935.6	15	0.721735
lcl|NW_015386892.1_cds_XP_015672961.1_10521	618	560.034	8.5	1.41353
lcl|NW_015386892.1_cds_XP_015672962.1_10522	618	560.034	8.5	1.41353
lcl|NW_015386892.1_cds_XP_015672963.2_10523	1065	942.598	12	1.18565
lcl|NW_015386892.1_cds_XP_015672930.1_10524	2697	2567.97	90	3.26403
lcl|NW_015386893.1_cds_XP_015672974.1_10525	2226	2187.95	0	0
lcl|NW_015386893.1_cds_XP_015672975.1_10526	2034	1936.3	2	0.0961963
lcl|NW_015386893.1_cds_XP_015672964.1_10527	1389	1378.76	19972	1349.07
lcl|NW_015386893.1_cds_XP_015672965.1_10528	1482	1521.74	81.8493	5.00928
lcl|NW_015386893.1_cds_XP_015672966.1_10529	1449	1490.21	139.151	8.69638
lcl|NW_015386893.1_cds_XP_015672967.1_10530	4326	4427.37	146	3.0712
lcl|NW_015386893.1_cds_XP_029140273.1_10531	8856	9183.4	209	2.11955
lcl|NW_015386893.1_cds_XP_015672968.1_10532	249	199.536	346	161.494
lcl|NW_015386893.1_cds_XP_015672969.1_10533	1128	1063.65	264	23.1156
lcl|NW_015386893.1_cds_XP_015672972.1_10534	3531	3382.19	138	3.79999
lcl|NW_015386893.1_cds_XP_015672971.1_10535	3639	3480.37	0	0
lcl|NW_015386893.1_cds_XP_015672973.1_10536	2898	2791	0	0
lcl|NW_015386894.1_cds_XP_015672979.1_10537	2160	2099.48	1	0.0443599
lcl|NW_015386894.1_cds_XP_015672977.1_10538	1272	1233.37	106	8.00413
lcl|NW_015386894.1_cds_XP_015672980.1_10539	465	410.032	4	0.908539
lcl|NW_015386894.1_cds_XP_015672978.1_10540	1143	1124.32	41	3.39622
lcl|NW_015386895.1_cds_XP_015672981.1_10541	987	948.949	0	0
lcl|NW_015386896.1_cds_XP_015672986.1_10542	690	651.949	0	0
lcl|NW_015386896.1_cds_XP_015672983.1_10543	1029	926.464	3	0.301574
lcl|NW_015386896.1_cds_XP_015672985.1_10544	915	871.328	11	1.17574
lcl|NW_015386896.1_cds_XP_015672984.2_10545	1227	1166.58	23	1.83618
lcl|NW_015386897.1_cds_XP_015672987.1_10546	2259	2296.37	0	0
lcl|NW_015386897.1_cds_XP_015672989.1_10547	2259	2296.37	0	0
lcl|NW_015386897.1_cds_XP_015672988.1_10548	2232	2274.15	97.6988	4.00103
lcl|NW_015386897.1_cds_XP_015672990.1_10549	2331	2337.8	676.358	26.9445
lcl|NW_015386897.1_cds_XP_015672991.1_10550	2331	2337.8	676.358	26.9445
lcl|NW_015386898.1_cds_XP_015672992.1_10551	1119	1121.68	1	0.0830297
lcl|NW_015386899.1_cds_XP_015672994.1_10552	462	422.307	3719	820.162
lcl|NW_015386899.1_cds_XP_015672995.1_10553	462	422.307	3719	820.162
lcl|NW_015386899.1_cds_XP_015672997.1_10554	1959	2023.62	37	1.70284
lcl|NW_015386899.1_cds_XP_015672998.1_10555	1593	1528.59	452	27.539
lcl|NW_015386899.1_cds_XP_015673000.1_10556	1248	1234.96	64.5344	4.86677
lcl|NW_015386899.1_cds_XP_015673001.1_10557	1230	1217.8	31.0174	2.37209
lcl|NW_015386899.1_cds_XP_015673002.1_10558	1293	1278.03	9.21056	0.671191
lcl|NW_015386899.1_cds_XP_015672999.1_10559	1248	1233.84	65.2376	4.92426
lcl|NW_015386899.1_cds_XP_015673014.1_10560	1386	1347.82	2	0.138197
lcl|NW_015386899.1_cds_XP_015673003.1_10561	2697	2586.16	58	2.08869
lcl|NW_015386899.1_cds_XP_015673004.1_10562	7539	7659.36	501.491	6.09779
lcl|NW_015386899.1_cds_XP_015673005.1_10563	1461	1412.65	123.5	8.14204
lcl|NW_015386899.1_cds_XP_015673007.1_10564	1461	1412.65	123.5	8.14204
lcl|NW_015386899.1_cds_XP_015673008.1_10565	1464	1464.23	405.314	25.7801
lcl|NW_015386899.1_cds_XP_015673009.1_10566	1584	1610.88	30.6862	1.77412
lcl|NW_015386899.1_cds_XP_015673010.1_10567	1194	1178.19	178	14.0703
lcl|NW_015386899.1_cds_XP_015673011.1_10568	732	659.177	74	10.4552
lcl|NW_015386899.1_cds_XP_015673012.1_10569	579	550.867	52	8.7914
lcl|NW_015386899.1_cds_XP_015673013.1_10570	912	840.997	13	1.43963
lcl|NW_015386900.1_cds_XP_015673015.1_10571	1797	1758.95	0	0
lcl|NW_015386901.1_cds_XP_015673018.1_10572	864	825.949	0	0
lcl|NW_015386901.1_cds_XP_029140274.1_10573	711	647.273	6	0.863307
lcl|NW_015386901.1_cds_XP_029140275.1_10574	2007	1991.6	25	1.16907
lcl|NW_015386902.1_cds_XP_029140276.1_10575	525	476.905	4	0.781141
lcl|NW_015386903.1_cds_XP_015673021.1_10576	777	710.435	62.6615	8.21444
lcl|NW_015386903.1_cds_XP_015673022.1_10577	774	732.331	19	2.41628
lcl|NW_015386903.1_cds_XP_015673023.1_10578	774	732.331	19	2.41628
lcl|NW_015386903.1_cds_XP_015673024.1_10579	3048	2912.64	55	1.75864
lcl|NW_015386903.1_cds_XP_015673025.1_10580	2190	2024	68	3.12895
lcl|NW_015386903.1_cds_XP_015673026.1_10581	1176	1115.48	45	3.75711
lcl|NW_015386903.1_cds_XP_015673043.1_10582	1080	1041.95	0	0
lcl|NW_015386903.1_cds_XP_015673056.1_10583	1110	1045.92	11	0.979482
lcl|NW_015386903.1_cds_XP_015673059.1_10584	1158	1084.44	8	0.687047
lcl|NW_015386903.1_cds_XP_029140279.1_10585	780	741.949	0	0
lcl|NW_015386903.1_cds_XP_029140280.1_10586	1386	1347.95	0	0
lcl|NW_015386903.1_cds_XP_015673062.2_10587	987	948.949	0	0
lcl|NW_015386903.1_cds_XP_015673063.1_10588	777	743.315	5.53756	0.69382
lcl|NW_015386903.1_cds_XP_015673045.1_10589	576	537.949	0	0
lcl|NW_015386903.1_cds_XP_029140278.1_10590	768	704.757	1.55012	0.204846
lcl|NW_015386903.1_cds_XP_015673028.1_10591	777	726.331	7.91232	1.01454
lcl|NW_015386903.1_cds_XP_029140281.1_10592	753	714.949	0	0
lcl|NW_015386903.1_cds_XP_015673065.1_10593	777	738.949	0	0
lcl|NW_015386903.1_cds_XP_015673068.1_10594	777	738.949	0	0
lcl|NW_015386903.1_cds_XP_015673071.1_10595	1386	1388.31	3	0.201249
lcl|NW_015386903.1_cds_XP_015673070.1_10596	1506	1504.67	0	0
lcl|NW_015386903.1_cds_XP_015673069.1_10597	1554	1560.19	0	0
lcl|NW_015386903.1_cds_XP_015673046.1_10598	2118	2046.74	5	0.227514
lcl|NW_015386903.1_cds_XP_015673047.1_10599	297	258.949	0	0
lcl|NW_015386903.1_cds_XP_029140285.1_10600	699	660.949	0	0
lcl|NW_015386903.1_cds_XP_015673031.1_10601	384	403.869	620	142.973
lcl|NW_015386903.1_cds_XP_029140286.1_10602	4209	4039.08	29	0.668678
lcl|NW_015386903.1_cds_XP_015673050.1_10603	543	504.949	0	0
lcl|NW_015386903.1_cds_XP_015673073.1_10604	1239	1212.81	6	0.460743
lcl|NW_015386903.1_cds_XP_029140282.1_10605	792	741.836	2	0.251087
lcl|NW_015386903.1_cds_XP_029140283.1_10606	948	909.949	0	0
lcl|NW_015386903.1_cds_XP_015673075.1_10607	2292	2228.38	3	0.125381
lcl|NW_015386903.1_cds_XP_015673076.1_10608	1191	1166.49	8	0.638718
lcl|NW_015386903.1_cds_XP_015673077.1_10609	2157	2057.09	3	0.135822
lcl|NW_015386903.1_cds_XP_015673052.1_10610	1389	1250.94	3	0.223349
lcl|NW_015386903.1_cds_XP_015673078.1_10611	522	475.899	433	84.7372
lcl|NW_015386903.1_cds_XP_015673032.1_10612	1737	1661.83	8	0.448338
lcl|NW_015386903.1_cds_XP_015673033.1_10613	531	441.383	52	10.9721
lcl|NW_015386903.1_cds_XP_015673079.1_10614	963	852.279	10	1.09275
lcl|NW_015386903.1_cds_XP_015673034.1_10615	1614	1542.7	79	4.76922
lcl|NW_015386903.1_cds_XP_015673053.1_10616	846	792.894	1	0.117459
lcl|NW_015386903.1_cds_XP_015673035.1_10617	1617	1618.58	703	40.4504
lcl|NW_015386903.1_cds_XP_015673054.2_10618	1884	1846.69	1	0.0504321
lcl|NW_015386903.1_cds_XP_015673036.2_10619	1509	1426.32	190	12.4062
lcl|NW_015386903.1_cds_XP_015673037.1_10620	636	556.503	1	0.167353
lcl|NW_015386903.1_cds_XP_015673055.1_10621	519	439.787	1	0.211767
lcl|NW_015386903.1_cds_XP_015673040.1_10622	405	361.39	11.1771	2.8804
lcl|NW_015386903.1_cds_XP_015673041.1_10623	342	303.061	47.8229	14.6963
lcl|NW_015386903.1_cds_XP_029140284.1_10624	696	686.697	173	23.4629
lcl|NW_015386903.1_cds_XP_015673080.1_10625	624	607.886	3	0.459622
lcl|NW_015386903.1_cds_XP_015673042.1_10626	2334	2339.32	66	2.62758
lcl|NW_015386904.1_cds_XP_015673088.2_10627	459	438.524	11.5707	2.45735
lcl|NW_015386904.1_cds_XP_015673081.1_10628	1431	1386.53	95	6.38109
lcl|NW_015386904.1_cds_XP_029140287.1_10629	8928	8984.98	144	1.49261
lcl|NW_015386904.1_cds_XP_015673089.1_10630	639	600.949	0	0
lcl|NW_015386904.1_cds_XP_015673083.1_10631	2859	2782.73	26	0.87017
lcl|NW_015386904.1_cds_XP_029140288.1_10632	744	705.949	0	0
lcl|NW_015386904.1_cds_XP_015673084.1_10633	3909	3870.84	95	2.28571
lcl|NW_015386904.1_cds_XP_015673087.1_10634	672	655.168	37	5.25957
lcl|NW_015386905.1_cds_XP_015673090.1_10635	831	815.26	4	0.456946
lcl|NW_015386905.1_cds_XP_015673100.1_10636	612	579.399	2	0.32148
lcl|NW_015386905.1_cds_XP_015673091.1_10637	2814	2746.2	27.9999	0.949567
lcl|NW_015386905.1_cds_XP_015673092.1_10638	2856	2785.27	7.28774e-05	2.43684e-06
lcl|NW_015386905.1_cds_XP_015673094.1_10639	1083	1045.72	34	3.02807
lcl|NW_015386905.1_cds_XP_015673093.1_10640	1842	1833.44	224.253	11.3913
lcl|NW_015386905.1_cds_XP_015673096.1_10641	2787	2693.95	131	4.5288
lcl|NW_015386905.1_cds_XP_029140290.1_10642	906	864.246	9	0.969854
lcl|NW_015386905.1_cds_XP_015673097.1_10643	1074	1060.6	13	1.14154
lcl|NW_015386905.1_cds_XP_029140289.1_10644	2955	2864.77	115	3.7386
lcl|NW_015386906.1_cds_XP_015673114.1_10645	582	543.949	0	0
lcl|NW_015386906.1_cds_XP_015673102.1_10646	1620	1647.91	55	3.10836
lcl|NW_015386906.1_cds_XP_015673115.1_10647	585	546.949	0	0
lcl|NW_015386906.1_cds_XP_015673116.1_10648	585	546.949	0	0
lcl|NW_015386906.1_cds_XP_015673103.1_10649	1455	1469.76	11	0.697024
lcl|NW_015386906.1_cds_XP_015673104.1_10650	987	927.884	997	100.07
lcl|NW_015386906.1_cds_XP_015673105.1_10651	987	927.884	997	100.07
lcl|NW_015386906.1_cds_XP_015673106.1_10652	840	797.574	37	4.32048
lcl|NW_015386906.1_cds_XP_015673108.1_10653	840	797.574	37	4.32048
lcl|NW_015386906.1_cds_XP_015673109.1_10654	840	797.574	37	4.32048
lcl|NW_015386906.1_cds_XP_015673110.1_10655	840	797.574	37	4.32048
lcl|NW_015386906.1_cds_XP_015673111.1_10656	840	797.574	37	4.32048
lcl|NW_015386906.1_cds_XP_015673112.1_10657	840	797.574	37	4.32048
lcl|NW_015386906.1_cds_XP_015673113.1_10658	1521	1481.9	26	1.63402
lcl|NW_015386906.1_cds_XP_029140292.1_10659	918	879.949	0	0
lcl|NW_015386907.1_cds_XP_015673120.1_10660	564	531.727	0	0
lcl|NW_015386907.1_cds_XP_015673119.1_10661	585	550.09	47.6133	8.06114
lcl|NW_015386907.1_cds_XP_015673122.1_10662	801	761.955	1.10405	0.134946
lcl|NW_015386909.1_cds_XP_029140293.1_10663	1254	1233.82	2	0.150966
lcl|NW_015386910.1_cds_XP_015673126.1_10664	1188	1057.06	1	0.0881053
lcl|NW_015386910.1_cds_XP_015673124.1_10665	4701	4753.93	10	0.195906
lcl|NW_015386910.1_cds_XP_015673127.1_10666	1428	1465.85	5	0.317675
lcl|NW_015386910.1_cds_XP_015673125.1_10667	3699	3721.4	62	1.55163
lcl|NW_015386911.1_cds_XP_015673128.1_10668	2037	1910.79	279	13.5985
lcl|NW_015386911.1_cds_XP_015673130.1_10669	4926	4957.99	154	2.89279
lcl|NW_015386912.1_cds_XP_015673136.2_10670	957	918.949	0	0
lcl|NW_015386912.1_cds_XP_015673131.1_10671	1467	1423.79	220	14.3906
lcl|NW_015386912.1_cds_XP_015673135.1_10672	2625	2621.76	39	1.38539
lcl|NW_015386912.1_cds_XP_015673132.1_10673	444	414.208	140	31.4783
lcl|NW_015386912.1_cds_XP_015673133.1_10674	576	511.968	1	0.181911
lcl|NW_015386912.1_cds_XP_015673134.1_10675	2868	2763.75	15	0.505468
lcl|NW_015386913.1_cds_XP_015673138.1_10676	1419	1382.93	7	0.47141
lcl|NW_015386913.1_cds_XP_015673137.1_10677	561	513.99	27	4.89227
lcl|NW_015386913.1_cds_XP_015673141.1_10678	477	427.76	7	1.52405
lcl|NW_015386913.1_cds_XP_029140294.1_10679	7005	6955.94	15	0.200834
lcl|NW_015386914.1_cds_XP_015673146.1_10680	1866	1814.98	1	0.0513133
lcl|NW_015386914.1_cds_XP_015673142.1_10681	495	450.796	364	75.2008
lcl|NW_015386914.1_cds_XP_015673144.1_10682	1128	1106.28	3.99612	0.336413
lcl|NW_015386914.1_cds_XP_015673143.1_10683	1134	1115	0.00388341	0.00032437
lcl|NW_015386914.1_cds_XP_015673145.1_10684	723	637.404	75	10.9584
lcl|NW_015386915.1_cds_XP_015673147.1_10685	1218	1144.03	78	6.34977
lcl|NW_015386915.1_cds_XP_029140295.1_10686	1767	1728.95	0	0
lcl|NW_015386916.1_cds_XP_015673157.1_10687	678	669.162	19.4013	2.70023
lcl|NW_015386916.1_cds_XP_015673158.1_10688	702	650.528	0.000791943	0.000113378
lcl|NW_015386916.1_cds_XP_015673150.1_10689	1353	1315.61	473.129	33.4928
lcl|NW_015386916.1_cds_XP_015673151.1_10690	1074	1067.84	215	18.7514
lcl|NW_015386916.1_cds_XP_015673152.1_10691	570	512.893	159	28.8716
lcl|NW_015386916.1_cds_XP_015673153.1_10692	1854	1855.58	1009	50.6421
lcl|NW_015386916.1_cds_XP_015673154.1_10693	480	445.001	285	59.6465
lcl|NW_015386916.1_cds_XP_015673155.1_10694	4503	4587.69	1	0.0203005
lcl|NW_015386917.1_cds_XP_015673163.1_10695	2544	2505.95	0	0
lcl|NW_015386917.1_cds_XP_015673164.1_10696	6207	5708.1	13	0.212106
lcl|NW_015386917.1_cds_XP_015673165.1_10697	2481	2206.68	2	0.0844095
lcl|NW_015386917.1_cds_XP_015673166.1_10698	945	793.311	1	0.117397
lcl|NW_015386917.1_cds_XP_015673169.1_10699	570	450.877	1	0.206559
lcl|NW_015386917.1_cds_XP_015673170.1_10700	594	513.469	451	81.8019
lcl|NW_015386917.1_cds_XP_015673159.1_10701	1806	1629.28	45	2.57228
lcl|NW_015386917.1_cds_XP_015673171.1_10702	818	759.03	564	69.2025
lcl|NW_015386917.1_cds_XP_029140296.1_10703	2604	2449.94	3	0.114043
lcl|NW_015386917.1_cds_XP_015673161.1_10704	516	430.962	39.7328	8.58641
lcl|NW_015386917.1_cds_XP_015673160.1_10705	1062	946.203	82.2672	8.09736
lcl|NW_015386917.1_cds_XP_015673162.2_10706	7146	6581.27	25	0.353779
lcl|NW_015386918.1_cds_XP_015673173.1_10707	714	720.94	21	2.71282
lcl|NW_015386918.1_cds_XP_015673172.2_10708	1518	1556.21	45.5786	2.72767
lcl|NW_015386919.1_cds_XP_015673185.1_10709	645	632.75	2.13859	0.314772
lcl|NW_015386919.1_cds_XP_015673174.1_10710	1377	1380.31	31.26	2.10918
lcl|NW_015386919.1_cds_XP_029140297.1_10711	1377	1380.31	31.26	2.10918
lcl|NW_015386919.1_cds_XP_015673176.1_10712	1326	1336.16	284.48	19.8288
lcl|NW_015386919.1_cds_XP_015673177.1_10713	930	834.931	705	78.6393
lcl|NW_015386919.1_cds_XP_015673191.1_10714	636	623.134	16	2.39133
lcl|NW_015386919.1_cds_XP_015673189.1_10715	663	660.583	0	0
lcl|NW_015386919.1_cds_XP_015673190.1_10716	663	660.583	0	0
lcl|NW_015386919.1_cds_XP_015673186.1_10717	1083	1044.95	0	0
lcl|NW_015386919.1_cds_XP_015673192.1_10718	138	80	3	3.49247
lcl|NW_015386919.1_cds_XP_015673178.1_10719	2814	2787.07	407	13.6003
lcl|NW_015386919.1_cds_XP_015673188.1_10720	2568	2529.95	0	0
lcl|NW_015386919.1_cds_XP_015673179.1_10721	1737	1698.94	205.491	11.2646
lcl|NW_015386919.1_cds_XP_015673181.1_10722	1188	1139.06	730.549	59.7318
lcl|NW_015386919.1_cds_XP_029140298.1_10723	1554	1524.62	113.665	6.9433
lcl|NW_015386919.1_cds_XP_015673182.1_10724	945	903.021	34.2954	3.53703
lcl|NW_015386919.1_cds_XP_015673193.1_10725	1113	1074.95	0	0
lcl|NW_015386919.1_cds_XP_015673183.1_10726	927	776.559	1	0.11993
lcl|NW_015386919.1_cds_XP_015673184.1_10727	1518	1517.41	3	0.184127
lcl|NW_015386920.1_cds_XP_015673204.1_10728	3480	3598.77	27	0.698732
lcl|NW_015386920.1_cds_XP_015673196.1_10729	1068	1058.84	283	24.8918
lcl|NW_015386920.1_cds_XP_015673194.1_10730	975	938.363	10	0.9925
lcl|NW_015386920.1_cds_XP_015673197.1_10731	750	722.354	58	7.47789
lcl|NW_015386920.1_cds_XP_029140299.1_10732	1185	1124.95	94	7.7821
lcl|NW_015386920.1_cds_XP_015673205.2_10733	1002	963.949	0	0
lcl|NW_015386920.1_cds_XP_015673199.1_10734	4257	4290.19	51	1.10712
lcl|NW_015386920.1_cds_XP_015673201.1_10735	1254	1236.9	324	24.3956
lcl|NW_015386920.1_cds_XP_015673200.1_10736	1257	1239.26	2.25732e-05	1.69641e-06
lcl|NW_015386920.1_cds_XP_015673208.1_10737	1107	1126.3	3	0.248067
lcl|NW_015386920.1_cds_XP_015673209.1_10738	1239	1200.95	0	0
lcl|NW_015386920.1_cds_XP_015673202.1_10739	1368	1378.45	643	43.443
lcl|NW_015386920.1_cds_XP_015673210.2_10740	1509	1470.95	0	0
lcl|NW_015386920.1_cds_XP_015673211.1_10741	1116	1077.95	0	0
lcl|NW_015386920.1_cds_XP_015673212.1_10742	966	922.199	6	0.605938
lcl|NW_015386920.1_cds_XP_015673203.1_10743	645	567.569	246	40.3662
lcl|NW_015386920.1_cds_XP_015673206.1_10744	933	922.208	22	2.22175
lcl|NW_015386923.1_cds_XP_015673213.1_10745	1299	1325.35	44.2968	3.11274
lcl|NW_015386923.1_cds_XP_015673214.1_10746	1236	1265.51	73.7032	5.42401
lcl|NW_015386923.1_cds_XP_015673215.1_10747	1221	1226.46	84	6.3786
lcl|NW_015386923.1_cds_XP_015673216.1_10748	3507	3463.26	14	0.376482
lcl|NW_015386923.1_cds_XP_015673217.1_10749	648	584.238	2466.1	393.117
lcl|NW_015386923.1_cds_XP_029140300.1_10750	5553	5652.77	397.721	6.55267
lcl|NW_015386923.1_cds_XP_015673224.1_10751	5025	4986.95	0	0
lcl|NW_015386923.1_cds_XP_015673220.2_10752	2052	2011.61	12	0.555571
lcl|NW_015386923.1_cds_XP_029140301.1_10753	1128	1078.06	1	0.0863894
lcl|NW_015386923.1_cds_XP_029140302.1_10754	225	176.863	154	81.0935
lcl|NW_015386923.1_cds_XP_015673221.1_10755	474	475.067	67	13.1347
lcl|NW_015386923.1_cds_XP_029140303.1_10756	3132	3197.26	209.273	6.09589
lcl|NW_015386923.1_cds_XP_015673222.1_10757	3051	3096.42	2280.73	68.5986
lcl|NW_015386924.1_cds_XP_015673226.1_10758	3717	3744.64	3	0.0746127
lcl|NW_015386924.1_cds_XP_015673225.2_10759	1575	1587.37	17.1719	1.00749
lcl|NW_015386924.1_cds_XP_029140304.1_10760	1194	1212.22	8.82812	0.678245
lcl|NW_015386925.1_cds_XP_015673228.1_10761	861	827.546	10.0915	1.13571
lcl|NW_015386925.1_cds_XP_015673230.1_10762	2319	2222.62	7	0.293315
lcl|NW_015386925.1_cds_XP_015673232.1_10763	6003	5964.95	0	0
lcl|NW_015386925.1_cds_XP_015673227.1_10764	606	575.375	1	0.161864
lcl|NW_015386925.1_cds_XP_015673231.1_10765	345	306.949	0	0
lcl|NW_015386925.1_cds_XP_015673233.1_10766	1191	1152.95	0	0
lcl|NW_015386927.1_cds_XP_015673245.1_10767	1641	1656.16	44.9015	2.525
lcl|NW_015386927.1_cds_XP_015673246.2_10768	1224	1217.84	3	0.229421
lcl|NW_015386927.1_cds_XP_015673234.1_10769	2112	2104.79	333	14.7346
lcl|NW_015386927.1_cds_XP_015673235.1_10770	5055	5064.07	288	5.29657
lcl|NW_015386927.1_cds_XP_015673247.1_10771	1119	1058.79	9	0.791651
lcl|NW_015386927.1_cds_XP_015673248.1_10772	906	867.949	0	0
lcl|NW_015386927.1_cds_XP_015673237.2_10773	1875	1935.87	1.95308	0.0939606
lcl|NW_015386927.1_cds_XP_015673238.1_10774	942	903.949	0	0
lcl|NW_015386927.1_cds_XP_015673239.1_10775	945	906.949	0	0
lcl|NW_015386927.1_cds_XP_015673241.1_10776	939	900.949	0	0
lcl|NW_015386927.1_cds_XP_015673242.1_10777	939	900.949	0	0
lcl|NW_015386927.1_cds_XP_015673243.1_10778	939	900.949	0	0
lcl|NW_015386927.1_cds_XP_015673244.2_10779	942	903.949	0	0
lcl|NW_015386928.1_cds_XP_015673254.1_10780	1041	1021.71	48	4.37538
lcl|NW_015386928.1_cds_XP_015673256.1_10781	570	545.674	5	0.853372
lcl|NW_015386928.1_cds_XP_015673257.1_10782	1128	1159.26	22	1.76744
lcl|NW_015386928.1_cds_XP_015673255.1_10783	1086	1047.95	0	0
lcl|NW_015386928.1_cds_XP_015673249.1_10784	966	946.506	172	16.9241
lcl|NW_015386928.1_cds_XP_029140305.1_10785	2199	2189.13	195	8.2959
lcl|NW_015386928.1_cds_XP_015673251.1_10786	573	548.606	58	9.84621
lcl|NW_015386928.1_cds_XP_015673253.1_10787	1374	1328.82	290	20.3251
lcl|NW_015386929.1_cds_XP_015673269.1_10788	432	408.442	19.9432	4.54743
lcl|NW_015386929.1_cds_XP_015673265.1_10789	2319	2324.07	2	0.0801461
lcl|NW_015386929.1_cds_XP_029140306.1_10790	2634	2530.62	39	1.43529
lcl|NW_015386929.1_cds_XP_015673259.1_10791	2100	2091.97	53.0706	2.36265
lcl|NW_015386929.1_cds_XP_015673261.1_10792	573	561.095	990	164.324
lcl|NW_015386929.1_cds_XP_015673262.1_10793	657	630.466	104.774	15.4772
lcl|NW_015386929.1_cds_XP_015673263.1_10794	615	593.994	14.2261	2.23051
lcl|NW_015386929.1_cds_XP_015673264.1_10795	1170	1149.04	1754	142.166
lcl|NW_015386929.1_cds_XP_015673270.1_10796	1422	1307.24	86	6.12695
lcl|NW_015386929.1_cds_XP_015673266.1_10797	1173	1124.89	4	0.331171
lcl|NW_015386929.1_cds_XP_015673267.1_10798	2361	2350.83	12	0.475402
lcl|NW_015386929.1_cds_XP_029140307.1_10799	1086	1047.95	0	0
lcl|NW_015386930.1_cds_XP_015673288.1_10800	396	363.587	19	4.86683
lcl|NW_015386930.1_cds_XP_015673272.1_10801	879	803.607	147.948	17.1461
lcl|NW_015386930.1_cds_XP_015673273.1_10802	729	664.08	85.0523	11.928
lcl|NW_015386930.1_cds_XP_015673274.1_10803	1671	1678.36	1992.5	110.564
lcl|NW_015386930.1_cds_XP_015673275.1_10804	1671	1678.36	1992.5	110.564
lcl|NW_015386930.1_cds_XP_015673276.1_10805	1065	1098.33	132	11.1929
lcl|NW_015386930.1_cds_XP_015673277.1_10806	1320	1332.38	52	3.63476
lcl|NW_015386930.1_cds_XP_015673278.1_10807	1533	1515.29	9	0.553155
lcl|NW_015386930.1_cds_XP_015673280.1_10808	1395	1377.6	14	0.946468
lcl|NW_015386930.1_cds_XP_015673289.1_10809	795	748.845	30	3.73105
lcl|NW_015386930.1_cds_XP_015673291.1_10810	1053	1003.31	1	0.0928256
lcl|NW_015386930.1_cds_XP_015673281.1_10811	1941	1872.96	2	0.0994498
lcl|NW_015386930.1_cds_XP_015673282.1_10812	1863	1850.46	36	1.81186
lcl|NW_015386930.1_cds_XP_015673284.1_10813	2802	2828.82	17	0.559686
lcl|NW_015386930.1_cds_XP_015673285.1_10814	1620	1635.95	172.187	9.80238
lcl|NW_015386930.1_cds_XP_015673286.1_10815	1503	1521.94	83.8132	5.12881
lcl|NW_015386930.1_cds_XP_015673292.2_10816	843	817.541	4	0.455671
lcl|NW_015386930.1_cds_XP_015673293.1_10817	3111	3179.8	2	0.0585775
lcl|NW_015386930.1_cds_XP_029140308.1_10818	4101	4271.95	12	0.261611
lcl|NW_015386932.1_cds_XP_015673324.1_10819	522	473.385	12	2.36085
lcl|NW_015386932.1_cds_XP_015673296.1_10820	591	534.502	146	25.4393
lcl|NW_015386932.1_cds_XP_015673295.1_10821	1161	1058.21	3	0.264029
lcl|NW_015386932.1_cds_XP_015673297.1_10822	1002	912.031	11	1.12327
lcl|NW_015386932.1_cds_XP_015673312.2_10823	1500	1418.96	25	1.64086
lcl|NW_015386932.1_cds_XP_015673298.1_10824	3111	2921.04	3.82059e-05	1.21813e-06
lcl|NW_015386932.1_cds_XP_015673299.1_10825	3072	2881.61	7.99996	0.258556
lcl|NW_015386932.1_cds_XP_015673313.1_10826	633	594.949	0	0
lcl|NW_015386932.1_cds_XP_015673325.1_10827	1743	1587.07	10	0.58682
lcl|NW_015386932.1_cds_XP_015673300.1_10828	1272	1218.61	1286	98.2826
lcl|NW_015386932.1_cds_XP_015673314.1_10829	702	570.756	1	0.163174
lcl|NW_015386932.1_cds_XP_015673315.1_10830	366	292.265	3	0.955972
lcl|NW_015386932.1_cds_XP_015673326.1_10831	837	748.145	1	0.124485
lcl|NW_015386932.1_cds_XP_015673327.1_10832	336	297.949	0	0
lcl|NW_015386932.1_cds_XP_015673329.1_10833	591	558.308	9	1.50131
lcl|NW_015386932.1_cds_XP_015673316.1_10834	5976	5704.71	8	0.130604
lcl|NW_015386932.1_cds_XP_029140309.1_10835	3261	3037.54	20	0.613209
lcl|NW_015386932.1_cds_XP_015673330.1_10836	1518	1428.38	15	0.978026
lcl|NW_015386932.1_cds_XP_015673301.1_10837	1566	1524.1	25	1.52766
lcl|NW_015386932.1_cds_XP_015673319.1_10838	855	778.449	36	4.30699
lcl|NW_015386932.1_cds_XP_015673331.1_10839	654	579.397	4	0.642962
lcl|NW_015386932.1_cds_XP_015673302.1_10840	1095	1028.68	207	18.7409
lcl|NW_015386932.1_cds_XP_029140310.1_10841	11283	11244.9	0	0
lcl|NW_015386932.1_cds_XP_015673332.1_10842	1185	1095.77	3	0.254979
lcl|NW_015386932.1_cds_XP_015673333.1_10843	3168	2959.91	19	0.597829
lcl|NW_015386932.1_cds_XP_015673304.1_10844	3663	3434.76	4.54048	0.123114
lcl|NW_015386932.1_cds_XP_015673303.1_10845	3825	3602.66	21.4595	0.554751
lcl|NW_015386932.1_cds_XP_015673306.1_10846	1377	1272.55	14	1.0246
lcl|NW_015386932.1_cds_XP_015673334.2_10847	3015	2844.18	1	0.0327449
lcl|NW_015386932.1_cds_XP_015673307.1_10848	2799	2499.75	6	0.22354
lcl|NW_015386932.1_cds_XP_029140313.1_10849	1041	924.286	8	0.806093
lcl|NW_015386932.1_cds_XP_029140314.1_10850	378	326.106	8	2.28472
lcl|NW_015386932.1_cds_XP_015673321.1_10851	1092	1053.95	0	0
lcl|NW_015386932.1_cds_XP_015673336.2_10852	1074	971.932	37	3.54541
lcl|NW_015386932.1_cds_XP_029140311.1_10853	1890	1815.02	1	0.051312
lcl|NW_015386932.1_cds_XP_015673322.1_10854	654	615.949	0	0
lcl|NW_015386932.1_cds_XP_029140315.1_10855	672	633.949	0	0
lcl|NW_015386932.1_cds_XP_015673310.1_10856	1995	1836.93	115	5.8305
lcl|NW_015386932.1_cds_XP_015673311.1_10857	1788	1749.95	0	0
lcl|NW_015386932.1_cds_XP_015673337.1_10858	624	540.324	41	7.06694
lcl|NW_015386932.1_cds_XP_029140312.1_10859	6843	6621.22	1	0.0140658
lcl|NW_015386933.1_cds_XP_015673346.1_10860	2961	2977.62	21	0.656827
lcl|NW_015386933.1_cds_XP_015673341.1_10861	1464	1434.23	0.286991	0.018636
lcl|NW_015386933.1_cds_XP_015673342.1_10862	1461	1430.13	3.60483	0.234753
lcl|NW_015386933.1_cds_XP_015673340.1_10863	1467	1435.73	0.10331	0.0067015
lcl|NW_015386933.1_cds_XP_015673338.1_10864	1470	1440.72	0.00486638	0.000314577
lcl|NW_015386933.1_cds_XP_029140316.1_10865	807	784.806	5	0.593347
lcl|NW_015386933.1_cds_XP_015673344.1_10866	1770	1772.69	621	32.6257
lcl|NW_015386933.1_cds_XP_015673345.1_10867	2154	2145.6	3602	156.35
lcl|NW_015386933.1_cds_XP_015673347.1_10868	585	557.372	5	0.835462
lcl|NW_015386934.1_cds_XP_015673354.1_10869	633	586.12	129	20.4977
lcl|NW_015386934.1_cds_XP_015673348.1_10870	2592	2486.41	113	4.2326
lcl|NW_015386934.1_cds_XP_015673350.1_10871	543	489.305	37.8198	7.19848
lcl|NW_015386934.1_cds_XP_015673349.1_10872	561	507.816	129.18	23.6914
lcl|NW_015386934.1_cds_XP_015673353.1_10873	1428	1389.95	0	0
lcl|NW_015386934.1_cds_XP_015673352.1_10874	387	346.508	4	1.0751
lcl|NW_015386935.1_cds_XP_015673355.1_10875	3705	3726.96	85	2.12405
lcl|NW_015386936.1_cds_XP_015673358.1_10876	795	756.949	0	0
lcl|NW_015386936.1_cds_XP_015673356.1_10877	1176	1089.45	12	1.02583
lcl|NW_015386936.1_cds_XP_015673357.1_10878	1176	1089.45	12	1.02583
lcl|NW_015386937.1_cds_XP_015673359.1_10879	1119	1080.95	0	0
lcl|NW_015386938.1_cds_XP_015673360.1_10880	1524	1516.72	7	0.429827
lcl|NW_015386939.1_cds_XP_015673361.1_10881	1415	1376.95	0	0
lcl|NW_015386940.1_cds_XP_029140320.1_10882	1941	1902.95	0	0
lcl|NW_015386940.1_cds_XP_015673364.1_10883	1893	1854.95	0	0
lcl|NW_015386940.1_cds_XP_015673366.1_10884	1725	1686.95	0	0
lcl|NW_015386940.1_cds_XP_029140321.1_10885	1866	1827.95	0	0
lcl|NW_015386940.1_cds_XP_015673363.1_10886	1965	1926.95	0	0
lcl|NW_015386940.1_cds_XP_015673365.1_10887	1797	1758.95	0	0
lcl|NW_015386941.1_cds_XP_015673369.1_10888	1149	1110.95	0	0
lcl|NW_015386941.1_cds_XP_029140322.1_10889	999	960.949	0	0
lcl|NW_015386941.1_cds_XP_015673367.1_10890	4788	4654.81	191	3.82149
lcl|NW_015386942.1_cds_XP_015673370.2_10891	1131	1079	133	11.4797
lcl|NW_015386942.1_cds_XP_029140324.1_10892	1053	1014.95	0	0
lcl|NW_015386942.1_cds_XP_029140323.1_10893	666	661.852	4	0.56286
lcl|NW_015386942.1_cds_XP_015673371.1_10894	1092	1041.94	45	4.02226
lcl|NW_015386942.1_cds_XP_015673381.1_10895	1320	1309.82	26	1.84869
lcl|NW_015386942.1_cds_XP_015673373.1_10896	5229	5136.6	110	1.99443
lcl|NW_015386942.1_cds_XP_015673383.1_10897	801	762.949	0	0
lcl|NW_015386942.1_cds_XP_015673384.1_10898	1644	1413.33	3	0.197687
lcl|NW_015386942.1_cds_XP_015673375.1_10899	2664	2723.22	490	16.7577
lcl|NW_015386942.1_cds_XP_015673376.1_10900	1290	1299.07	23	1.64891
lcl|NW_015386942.1_cds_XP_015673377.1_10901	2364	2469.05	300.104	11.3199
lcl|NW_015386942.1_cds_XP_015673378.1_10902	921	851.631	16	1.74972
lcl|NW_015386942.1_cds_XP_015673379.1_10903	864	806.717	0	0
lcl|NW_015386942.1_cds_XP_015673382.1_10904	3030	3027.12	31	0.953748
lcl|NW_015386944.1_cds_XP_015673387.1_10905	936	879.964	1	0.105837
lcl|NW_015386944.1_cds_XP_015673403.1_10906	453	366.057	3	0.763262
lcl|NW_015386944.1_cds_XP_015673388.1_10907	693	641.675	5	0.725699
lcl|NW_015386944.1_cds_XP_029140325.1_10908	5781	5474.37	17	0.289212
lcl|NW_015386944.1_cds_XP_029140326.1_10909	2880	2631.15	3	0.106188
lcl|NW_015386944.1_cds_XP_015673393.2_10910	1704	1537.63	3	0.181707
lcl|NW_015386944.1_cds_XP_015673394.1_10911	1347	1185.18	9	0.707231
lcl|NW_015386944.1_cds_XP_015673405.1_10912	1452	1413.95	0	0
lcl|NW_015386944.1_cds_XP_015673395.1_10913	1842	1663.05	67	3.75206
lcl|NW_015386944.1_cds_XP_015673385.1_10914	1968	1929.95	0	0
lcl|NW_015386944.1_cds_XP_015673386.1_10915	933	815.701	98	11.1891
lcl|NW_015386944.1_cds_XP_015673406.1_10916	504	465.949	0	0
lcl|NW_015386944.1_cds_XP_029140327.1_10917	2082	2043.95	0	0
lcl|NW_015386944.1_cds_XP_015673397.1_10918	1440	1401.95	0	0
lcl|NW_015386944.1_cds_XP_015673407.2_10919	1632	1463.58	4	0.254534
lcl|NW_015386944.1_cds_XP_029140328.1_10920	969	930.949	0	0
lcl|NW_015386944.1_cds_XP_015673408.1_10921	492	414.338	98	22.0279
lcl|NW_015386944.1_cds_XP_015673409.1_10922	2325	2286.95	0	0
lcl|NW_015386944.1_cds_XP_015673399.1_10923	1122	966.292	5	0.481907
lcl|NW_015386944.1_cds_XP_015673400.1_10924	3465	3426.95	0	0
lcl|NW_015386944.1_cds_XP_015673401.1_10925	4512	4473.95	0	0
lcl|NW_015386945.1_cds_XP_015673410.1_10926	1476	1466.42	31	1.96882
lcl|NW_015386945.1_cds_XP_015673411.1_10927	2241	2167.97	87.5	3.75886
lcl|NW_015386945.1_cds_XP_015673412.1_10928	2241	2167.97	87.5	3.75886
lcl|NW_015386945.1_cds_XP_015673414.1_10929	2250	2193.64	15	0.636837
lcl|NW_015386945.1_cds_XP_015673415.1_10930	3411	3258.3	0	0
lcl|NW_015386945.1_cds_XP_015673416.1_10931	3237	3106.14	27	0.80955
lcl|NW_015386945.1_cds_XP_015673418.1_10932	858	819.949	0	0
lcl|NW_015386945.1_cds_XP_015673419.2_10933	834	795.949	0	0
lcl|NW_015386945.1_cds_XP_015673420.1_10934	636	597.412	37	5.76805
lcl|NW_015386945.1_cds_XP_015673417.1_10935	1263	1142.32	223	18.1811
lcl|NW_015386946.1_cds_XP_015673422.1_10936	807	765.827	281	34.1725
lcl|NW_015386946.1_cds_XP_015673423.1_10937	261	203.763	39	17.8255
lcl|NW_015386947.1_cds_XP_015673424.1_10938	2430	2466.55	102	3.85134
lcl|NW_015386947.1_cds_XP_015673425.1_10939	423	411.087	0	0
lcl|NW_015386947.1_cds_XP_015673426.1_10940	348	336.046	33	9.14568
lcl|NW_015386947.1_cds_XP_015673427.1_10941	1527	1494.29	133.35	8.31113
lcl|NW_015386947.1_cds_XP_015673428.1_10942	1347	1315	80.65	5.71191
lcl|NW_015386947.1_cds_XP_015673437.2_10943	2892	2907.28	0	0
lcl|NW_015386947.1_cds_XP_015673441.1_10944	2547	2557.05	5.1622e-05	1.88017e-06
lcl|NW_015386947.1_cds_XP_015673436.1_10945	2616	2622.31	0	0
lcl|NW_015386947.1_cds_XP_015673429.2_10946	2631	2636.75	0	0
lcl|NW_015386947.1_cds_XP_015673440.1_10947	2568	2573.83	1.26644e-07	4.58252e-09
lcl|NW_015386947.1_cds_XP_015673434.1_10948	2637	2639.06	0	0
lcl|NW_015386947.1_cds_XP_015673438.1_10949	2652	2653.5	0	0
lcl|NW_015386947.1_cds_XP_015673443.1_10950	2523	2527.39	1.82196	0.0671377
lcl|NW_015386947.1_cds_XP_015673442.1_10951	2535	2533.48	0.177757	0.00653446
lcl|NW_015386947.1_cds_XP_015673439.1_10952	2550	2552.26	0.000232867	8.49735e-06
lcl|NW_015386947.1_cds_XP_015673432.1_10953	2619	2617.72	0	0
lcl|NW_015386947.1_cds_XP_029140329.1_10954	2571	2569.04	5.65759e-07	2.05098e-08
lcl|NW_015386947.1_cds_XP_015673431.1_10955	2640	2634.47	0	0
lcl|NW_015386947.1_cds_XP_015673433.1_10956	2658	2661.32	0	0
lcl|NW_015386947.1_cds_XP_015673430.1_10957	2664	2664.75	0	0
lcl|NW_015386947.1_cds_XP_015673444.1_10958	1221	1159.51	356	28.5941
lcl|NW_015386947.1_cds_XP_015673446.1_10959	369	337.945	1	0.275585
lcl|NW_015386948.1_cds_XP_029140331.1_10960	1164	1094.49	0	0
lcl|NW_015386948.1_cds_XP_029140332.1_10961	1221	1182.95	0	0
lcl|NW_015386948.1_cds_XP_015673462.1_10962	288	229.431	6	2.43557
lcl|NW_015386948.1_cds_XP_015673463.2_10963	744	730.896	1	0.127422
lcl|NW_015386948.1_cds_XP_015673464.2_10964	951	852.88	9	0.982779
lcl|NW_015386948.1_cds_XP_015673447.1_10965	414	373.164	138	34.4414
lcl|NW_015386948.1_cds_XP_015673465.1_10966	654	592.351	15	2.35838
lcl|NW_015386948.1_cds_XP_015673455.1_10967	606	576.117	21	3.39477
lcl|NW_015386948.1_cds_XP_015673448.1_10968	231	190.331	6	2.93591
lcl|NW_015386948.1_cds_XP_015673466.1_10969	1236	1197.95	0	0
lcl|NW_015386948.1_cds_XP_015673449.1_10970	762	677.359	289	39.7357
lcl|NW_015386948.1_cds_XP_029140333.1_10971	2940	2788.74	58	1.93696
lcl|NW_015386948.1_cds_XP_029140334.1_10972	1593	1554.95	0	0
lcl|NW_015386948.1_cds_XP_015673451.1_10973	1188	1151.03	21	1.69916
lcl|NW_015386948.1_cds_XP_015673456.1_10974	2310	2237.7	63	2.62204
lcl|NW_015386948.1_cds_XP_015673469.1_10975	1138	1105.58	87	7.32874
lcl|NW_015386948.1_cds_XP_015673457.2_10976	1476	1410.5	23	1.51864
lcl|NW_015386948.1_cds_XP_015673471.1_10977	2283	2244.95	0	0
lcl|NW_015386948.1_cds_XP_029140335.1_10978	1158	1119.95	0	0
lcl|NW_015386948.1_cds_XP_029140330.1_10979	855	784.137	6.7466	0.801298
lcl|NW_015386948.1_cds_XP_029140336.1_10980	750	699.26	13.2534	1.76518
lcl|NW_015386948.1_cds_XP_015673453.1_10981	993	936.784	33	3.28077
lcl|NW_015386948.1_cds_XP_015673461.1_10982	2814	2826.1	40.8177	1.34513
lcl|NW_015386949.1_cds_XP_015673477.1_10983	318	253.519	1	0.367359
lcl|NW_015386949.1_cds_XP_015673478.1_10984	927	797.34	174	20.3239
lcl|NW_015386949.1_cds_XP_015673479.1_10985	1230	1168.36	6	0.478272
lcl|NW_015386949.1_cds_XP_015673472.1_10986	762	688.387	66	8.9292
lcl|NW_015386949.1_cds_XP_029140337.1_10987	5298	5242.81	77	1.36782
lcl|NW_015386949.1_cds_XP_015673475.1_10988	1038	918.474	193	19.57
lcl|NW_015386949.1_cds_XP_015673476.1_10989	1035	915.707	8.04086e-06	8.178e-07
lcl|NW_015386950.1_cds_XP_015673488.1_10990	756	737.672	4	0.505008
lcl|NW_015386950.1_cds_XP_015673487.1_10991	3978	3905.49	15	0.357698
lcl|NW_015386950.1_cds_XP_015673480.1_10992	1095	1070.22	0.00074502	6.48331e-05
lcl|NW_015386950.1_cds_XP_015673481.1_10993	1086	1063.52	943.883	82.6559
lcl|NW_015386950.1_cds_XP_015673483.1_10994	783	722.626	0	0
lcl|NW_015386950.1_cds_XP_029140338.1_10995	813	820.086	730.116	82.9152
lcl|NW_015386950.1_cds_XP_015673484.1_10996	1398	1428.41	631	41.1413
lcl|NW_015386950.1_cds_XP_015673485.1_10997	501	465.509	160	32.0106
lcl|NW_015386950.1_cds_XP_015673486.1_10998	1806	1738.2	11	0.58938
lcl|NW_015386950.1_cds_XP_015673490.1_10999	588	570.115	5	0.816788
lcl|NW_015386951.1_cds_XP_015673493.1_11000	2307	2263.99	4	0.164546
lcl|NW_015386951.1_cds_XP_015673491.1_11001	5682	5684.45	447.933	7.33882
lcl|NW_015386952.1_cds_XP_015673500.1_11002	1148	1139.22	74	6.0496
lcl|NW_015386952.1_cds_XP_015673494.1_11003	747	708.949	0	0
lcl|NW_015386952.1_cds_XP_015673495.1_11004	567	528.949	0	0
lcl|NW_015386952.1_cds_XP_015673496.1_11005	1479	1472.34	66	4.17482
lcl|NW_015386952.1_cds_XP_015673497.1_11006	5247	5273.65	20	0.353199
lcl|NW_015386952.1_cds_XP_029140339.1_11007	1941	1902.95	0	0
lcl|NW_015386952.1_cds_XP_015673499.1_11008	2226	2235.78	6.60799	0.275259
lcl|NW_015386952.1_cds_XP_015673498.1_11009	2226	2233.42	16.392	0.683537
lcl|NW_015386953.1_cds_XP_015673505.1_11010	8310	8740.97	2	0.0213094
lcl|NW_015386953.1_cds_XP_015673506.1_11011	2448	2461.68	102	3.85896
lcl|NW_015386953.1_cds_XP_015673509.1_11012	1113	1074.95	0	0
lcl|NW_015386953.1_cds_XP_015673501.1_11013	1041	998.284	13	1.2128
lcl|NW_015386953.1_cds_XP_029140340.1_11014	7434	7066.14	2	0.0263602
lcl|NW_015386953.1_cds_XP_015673502.1_11015	3582	3659.13	27.4675	0.699104
lcl|NW_015386953.1_cds_XP_015673504.1_11016	1311	1254.27	106	7.87074
lcl|NW_015386953.1_cds_XP_015673510.1_11017	2214	2172.67	3	0.128597
lcl|NW_015386954.1_cds_XP_015673512.1_11018	3060	3115.09	5	0.149486
lcl|NW_015386954.1_cds_XP_029140341.1_11019	2550	2511.95	0	0
lcl|NW_015386954.1_cds_XP_015673511.1_11020	1422	1356.89	356	24.4346
lcl|NW_015386955.1_cds_XP_015673513.1_11021	1704	1651.83	1	0.0563815
lcl|NW_015386955.1_cds_XP_015673519.1_11022	936	897.949	0	0
lcl|NW_015386955.1_cds_XP_015673514.1_11023	1140	1099.14	483	40.9257
lcl|NW_015386955.1_cds_XP_015673516.1_11024	6102	6060.83	18	0.276593
lcl|NW_015386955.1_cds_XP_015673517.1_11025	3519	3566.61	38	0.992269
lcl|NW_015386955.1_cds_XP_015673518.1_11026	1107	1068.95	0	0
lcl|NW_015386955.1_cds_XP_015673520.1_11027	1314	1275.95	0	0
lcl|NW_015386955.1_cds_XP_015673521.1_11028	1620	1475.91	7	0.441712
lcl|NW_015386956.1_cds_XP_029140342.1_11029	2931	2862.97	14	0.45542
lcl|NW_015386956.1_cds_XP_015673523.1_11030	2904	2708.3	1	0.0343878
lcl|NW_015386956.1_cds_XP_015673524.2_11031	2805	2802.2	11	0.365591
lcl|NW_015386956.1_cds_XP_015673527.1_11032	1854	1816.1	1	0.0512817
lcl|NW_015386956.1_cds_XP_015673525.1_11033	1689	1632.47	8	0.4564
lcl|NW_015386957.1_cds_XP_015673528.1_11034	1023	968.172	1296.86	124.75
lcl|NW_015386957.1_cds_XP_015673530.1_11035	1257	1274.51	761	55.6088
lcl|NW_015386957.1_cds_XP_015673533.1_11036	885	836.737	14.9349	1.66233
lcl|NW_015386957.1_cds_XP_015673532.1_11037	888	840.269	14.1086	1.56375
lcl|NW_015386957.1_cds_XP_015673531.1_11038	999	955.085	38.9565	3.79873
lcl|NW_015386957.1_cds_XP_029140343.1_11039	1248	1209.95	0	0
lcl|NW_015386957.1_cds_XP_015673535.1_11040	1239	1200.95	0	0
lcl|NW_015386957.1_cds_XP_015673534.1_11041	1242	1203.95	0	0
lcl|NW_015386957.1_cds_XP_029140344.1_11042	1311	1285.25	5	0.362312
lcl|NW_015386957.1_cds_XP_015673539.1_11043	642	582.503	50	7.99417
lcl|NW_015386957.1_cds_XP_015673536.1_11044	1131	1111.19	365	30.5918
lcl|NW_015386958.1_cds_XP_015673541.1_11045	2085	2061.46	687.722	31.0699
lcl|NW_015386958.1_cds_XP_015673540.1_11046	1989	1967.27	430.278	20.3698
lcl|NW_015386958.1_cds_XP_029140345.1_11047	4554	4500	422	8.73376
lcl|NW_015386958.1_cds_XP_015673543.1_11048	618	592.004	5	0.786587
lcl|NW_015386959.1_cds_XP_015673546.1_11049	1905	1883.4	2.49822	0.123534
lcl|NW_015386959.1_cds_XP_015673544.1_11050	2604	2609.31	97	3.46217
lcl|NW_015386959.1_cds_XP_015673545.1_11051	435	405.66	785	180.223
lcl|NW_015386959.1_cds_XP_029140346.1_11052	2424	2406.8	5	0.193478
lcl|NW_015386960.1_cds_XP_015673549.1_11053	3174	3138.81	78.1671	2.31932
lcl|NW_015386960.1_cds_XP_015673548.1_11054	3558	3532.71	48.8329	1.28738
lcl|NW_015386960.1_cds_XP_015673550.1_11055	3504	3679.08	487	12.3279
lcl|NW_015386960.1_cds_XP_015673551.1_11056	1476	1456.38	169	10.8072
lcl|NW_015386960.1_cds_XP_015673552.1_11057	1095	1063.26	16357	1432.74
lcl|NW_015386960.1_cds_XP_015673553.1_11058	987	934.895	442	44.0312
lcl|NW_015386961.1_cds_XP_015673560.1_11059	996	916.016	1	0.101671
lcl|NW_015386961.1_cds_XP_029140347.1_11060	2817	2839.36	43.2161	1.41751
lcl|NW_015386961.1_cds_XP_015673554.1_11061	669	671.212	2.78392	0.386276
lcl|NW_015386961.1_cds_XP_015673557.1_11062	525	471.697	45.0994	8.90448
lcl|NW_015386961.1_cds_XP_015673559.1_11063	465	431.326	17	3.67067
lcl|NW_015386961.1_cds_XP_015673556.1_11064	1386	1374.57	118	7.99497
lcl|NW_015386961.1_cds_XP_015673561.1_11065	231	177.56	12	6.29415
lcl|NW_015386962.1_cds_XP_029140348.1_11066	3945	4036.4	18	0.415317
lcl|NW_015386963.1_cds_XP_015673563.1_11067	2898	2993.91	2	0.0622146
lcl|NW_015386964.1_cds_XP_015673564.1_11068	1164	1110.17	3	0.25167
lcl|NW_015386964.1_cds_XP_015673568.1_11069	393	354.949	0	0
lcl|NW_015386964.1_cds_XP_015673565.1_11070	1635	1677.42	285	15.8236
lcl|NW_015386964.1_cds_XP_015673566.1_11071	3069	3082.24	4692	141.773
lcl|NW_015386964.1_cds_XP_029140350.1_11072	475	436.949	0	0
lcl|NW_015386965.1_cds_XP_015673569.1_11073	1449	1386.27	10.5	0.705414
lcl|NW_015386965.1_cds_XP_015673570.1_11074	1449	1386.27	10.5	0.705414
lcl|NW_015386965.1_cds_XP_029140351.1_11075	2346	2307.95	0	0
lcl|NW_015386966.1_cds_XP_029140352.1_11076	1653	1551.32	533.03	32.0001
lcl|NW_015386966.1_cds_XP_029140353.1_11077	13143	13320.5	455	3.18121
lcl|NW_015386966.1_cds_XP_029140354.1_11078	2313	2279.66	9	0.367682
lcl|NW_015386966.1_cds_XP_015673574.1_11079	4902	4799.37	18	0.349293
lcl|NW_015386966.1_cds_XP_015673576.1_11080	696	613.188	66	10.0242
lcl|NW_015386966.1_cds_XP_015673577.1_11081	645	564.564	0	0
lcl|NW_015386967.1_cds_XP_029140355.1_11082	6315	6539.49	2	0.0284831
lcl|NW_015386967.1_cds_XP_015673581.2_11083	759	720.949	0	0
lcl|NW_015386967.1_cds_XP_015673579.1_11084	798	813.67	56	6.40975
lcl|NW_015386968.1_cds_XP_015673582.1_11085	1635	1627.53	2223.21	127.219
lcl|NW_015386968.1_cds_XP_015673584.1_11086	1635	1616.6	2186.63	125.972
lcl|NW_015386968.1_cds_XP_015673583.1_11087	1374	1353.14	276.865	19.0557
lcl|NW_015386968.1_cds_XP_029140356.1_11088	1374	1342.21	268.297	18.6164
lcl|NW_015386968.1_cds_XP_015673585.1_11089	1122	1066.37	24.1324	2.10762
lcl|NW_015386968.1_cds_XP_015673587.1_11090	1026	977.997	30.4338	2.89814
lcl|NW_015386968.1_cds_XP_015673588.1_11091	1026	977.997	30.4338	2.89814
lcl|NW_015386968.1_cds_XP_015673589.1_11092	1917	1904.75	396.729	19.398
lcl|NW_015386968.1_cds_XP_015673590.1_11093	1917	1904.75	396.729	19.398
lcl|NW_015386968.1_cds_XP_015673591.1_11094	1893	1875.88	59.92	2.97487
lcl|NW_015386968.1_cds_XP_015673592.1_11095	1890	1871.28	70.08	3.48785
lcl|NW_015386968.1_cds_XP_015673593.1_11096	774	722.795	27	3.47896
lcl|NW_015386968.1_cds_XP_015673594.1_11097	735	635.734	269	39.4074
lcl|NW_015386968.1_cds_XP_015673595.1_11098	1206	1121.86	6	0.498096
lcl|NW_015386968.1_cds_XP_015673596.1_11099	3654	3565.68	951	24.8393
lcl|NW_015386968.1_cds_XP_015673597.1_11100	3582	3641.85	330.263	8.44577
lcl|NW_015386968.1_cds_XP_015673598.1_11101	3546	3609.16	168.737	4.35418
lcl|NW_015386968.1_cds_XP_015673600.1_11102	1407	1394.1	908.004	60.6589
lcl|NW_015386968.1_cds_XP_015673601.1_11103	1407	1394.1	908.004	60.6589
lcl|NW_015386968.1_cds_XP_015673602.1_11104	1185	1171.9	192.993	15.3374
lcl|NW_015386968.1_cds_XP_015673603.1_11105	1749	1752.75	206	10.9458
lcl|NW_015386968.1_cds_XP_015673604.2_11106	1365	1326.95	0	0
lcl|NW_015386969.1_cds_XP_015673620.1_11107	255	224.924	22.7351	9.41378
lcl|NW_015386969.1_cds_XP_015673614.1_11108	1296	1257.95	0	0
lcl|NW_015386969.1_cds_XP_015673605.1_11109	1548	1510.39	106	6.53609
lcl|NW_015386969.1_cds_XP_015673606.1_11110	552	509.537	133	24.3096
lcl|NW_015386969.1_cds_XP_015673621.1_11111	783	706.83	3	0.395282
lcl|NW_015386969.1_cds_XP_015673608.1_11112	444	415.401	405.189	90.8429
lcl|NW_015386969.1_cds_XP_015673609.1_11113	318	291.351	254.811	81.4522
lcl|NW_015386969.1_cds_XP_029140357.1_11114	645	600.877	24	3.71986
lcl|NW_015386969.1_cds_XP_015673611.1_11115	1065	882.176	4	0.422285
lcl|NW_015386969.1_cds_XP_015673612.1_11116	1290	1258.89	18	1.33164
lcl|NW_015386969.1_cds_XP_029140358.1_11117	2883	2874.11	29	0.939715
lcl|NW_015386969.1_cds_XP_015673613.1_11118	1122	1121.27	46	3.82076
lcl|NW_015386969.1_cds_XP_015673616.1_11119	639	588.039	21	3.32594
lcl|NW_015386969.1_cds_XP_015673619.1_11120	3297	3322.3	188	5.27012
lcl|NW_015386970.1_cds_XP_029140359.1_11121	3378	3288.11	18	0.509833
lcl|NW_015386970.1_cds_XP_015673622.1_11122	1269	1186.69	98	7.6911
lcl|NW_015386970.1_cds_XP_015673624.1_11123	750	700.385	5102	678.429
lcl|NW_015386970.1_cds_XP_015673627.1_11124	1140	1136.95	14	1.1468
lcl|NW_015386970.1_cds_XP_015673628.1_11125	1197	1159.54	65	5.22069
lcl|NW_015386970.1_cds_XP_015673629.1_11126	1260	1221.95	0	0
lcl|NW_015386970.1_cds_XP_015673625.1_11127	1231	1239.28	266.68	20.0411
lcl|NW_015386971.1_cds_XP_029140360.1_11128	828	802.653	9	1.04428
lcl|NW_015386971.1_cds_XP_015673630.1_11129	3594	3635.42	98	2.51057
lcl|NW_015386972.1_cds_XP_015673633.1_11130	2712	2687.62	16.2707	0.563819
lcl|NW_015386972.1_cds_XP_015673632.1_11131	2712	2695.26	0	0
lcl|NW_015386972.1_cds_XP_029140361.1_11132	2544	2522.44	17.7293	0.654592
lcl|NW_015386972.1_cds_XP_015673635.1_11133	2472	2429.53	0	0
lcl|NW_015386973.1_cds_XP_015673644.1_11134	2631	2592.95	0	0
lcl|NW_015386973.1_cds_XP_015673636.1_11135	4329	4308.66	1058	22.8689
lcl|NW_015386973.1_cds_XP_015673638.1_11136	1350	1318.08	373.391	26.3828
lcl|NW_015386973.1_cds_XP_015673639.1_11137	999	972.843	229.197	21.9416
lcl|NW_015386973.1_cds_XP_015673637.1_11138	1350	1320.57	607.215	42.8233
lcl|NW_015386973.1_cds_XP_015673640.1_11139	999	972.843	229.197	21.9416
lcl|NW_015386973.1_cds_XP_015673641.1_11140	2745	2679.97	229	7.95804
lcl|NW_015386973.1_cds_XP_015673645.1_11141	1758	1719.95	0	0
lcl|NW_015386973.1_cds_XP_015673650.1_11142	1422	1391.6	1	0.0669248
lcl|NW_015386973.1_cds_XP_029140362.1_11143	1968	1953.02	9	0.429177
lcl|NW_015386973.1_cds_XP_015673647.1_11144	3438	3435.44	2	0.0542187
lcl|NW_015386973.1_cds_XP_015673648.2_11145	1791	1752.95	0	0
lcl|NW_015386973.1_cds_XP_015673642.1_11146	1797	1787.19	74	3.85622
lcl|NW_015386974.1_cds_XP_015673651.1_11147	1329	1290.95	0	0
lcl|NW_015386975.1_cds_XP_015673655.1_11148	2163	2207.97	3	0.12654
lcl|NW_015386975.1_cds_XP_015673653.1_11149	729	709.96	2	0.26236
lcl|NW_015386975.1_cds_XP_015673652.1_11150	1878	1849.93	2	0.100688
lcl|NW_015386975.1_cds_XP_029140363.1_11151	558	519.949	0	0
lcl|NW_015386977.1_cds_XP_015673658.1_11152	3090	2970.48	21	0.658406
lcl|NW_015386977.1_cds_XP_015673657.1_11153	3177	3058.27	0	0
lcl|NW_015386977.1_cds_XP_015673656.1_11154	3180	3061.07	0	0
lcl|NW_015386978.1_cds_XP_029140364.1_11155	2586	2584.39	3.55966	0.128278
lcl|NW_015386978.1_cds_XP_015673672.1_11156	918	913.984	8.61894	0.878247
lcl|NW_015386978.1_cds_XP_015673660.1_11157	2634	2609.06	11.2839	0.402787
lcl|NW_015386978.1_cds_XP_015673661.1_11158	2616	2577.95	0	0
lcl|NW_015386978.1_cds_XP_029140365.1_11159	2805	2766.95	0	0
lcl|NW_015386978.1_cds_XP_029140366.1_11160	1395	1356.95	0	0
lcl|NW_015386978.1_cds_XP_015673663.1_11161	2592	2583.14	1.02607	0.036994
lcl|NW_015386978.1_cds_XP_015673664.2_11162	2631	2592.95	0	0
lcl|NW_015386978.1_cds_XP_015673665.1_11163	2682	2643.95	0	0
lcl|NW_015386978.1_cds_XP_015673667.1_11164	2598	2559.95	0	0
lcl|NW_015386978.1_cds_XP_015673668.1_11165	1773	1747.22	1	0.0533032
lcl|NW_015386978.1_cds_XP_015673669.1_11166	2649	2610.95	0	0
lcl|NW_015386978.1_cds_XP_015673670.1_11167	2490	2451.95	0	0
lcl|NW_015386978.1_cds_XP_015673671.1_11168	2430	2391.95	0	0
lcl|NW_015386979.1_cds_XP_015673673.1_11169	1398	1359.35	50	3.42563
lcl|NW_015386979.1_cds_XP_015673676.1_11170	1197	1091.65	0	0
lcl|NW_015386979.1_cds_XP_015673677.1_11171	1098	1018.09	1	0.0914781
lcl|NW_015386979.1_cds_XP_015673674.1_11172	849	865.209	202	21.7436
lcl|NW_015386979.1_cds_XP_015673675.1_11173	240	223.52	0	0
lcl|NW_015386980.1_cds_XP_015673679.2_11174	558	573.037	11	1.78777
lcl|NW_015386980.1_cds_XP_015673680.1_11175	1224	1159.04	144	11.5709
lcl|NW_015386982.1_cds_XP_015673683.1_11176	972	933.949	0	0
lcl|NW_015386982.1_cds_XP_029140368.1_11177	4827	4660.05	48	0.959295
lcl|NW_015386982.1_cds_XP_015673682.1_11178	2187	2187.12	9	0.38324
lcl|NW_015386984.1_cds_XP_015673684.1_11179	1095	1045.11	13	1.15846
lcl|NW_015386984.1_cds_XP_015673703.1_11180	990	847.644	3	0.329617
lcl|NW_015386984.1_cds_XP_015673686.1_11181	1020	1009.44	109	10.0565
lcl|NW_015386984.1_cds_XP_015673689.1_11182	1986	1989.8	186.56	8.73196
lcl|NW_015386984.1_cds_XP_015673690.1_11183	1926	1930.78	574.44	27.7085
lcl|NW_015386984.1_cds_XP_015673696.1_11184	1848	1708.38	26.0531	1.42029
lcl|NW_015386984.1_cds_XP_015673697.1_11185	1848	1708.38	26.0531	1.42029
lcl|NW_015386984.1_cds_XP_015673695.1_11186	1995	1856.08	263.755	13.2344
lcl|NW_015386984.1_cds_XP_015673691.1_11187	2040	1896.33	82.3796	4.04583
lcl|NW_015386984.1_cds_XP_015673692.1_11188	2040	1896.33	82.3796	4.04583
lcl|NW_015386984.1_cds_XP_015673693.1_11189	2040	1896.33	82.3796	4.04583
lcl|NW_015386984.1_cds_XP_029140370.1_11190	1776	1715.3	8	0.434361
lcl|NW_015386984.1_cds_XP_029140369.1_11191	2595	2632.56	114	4.033
lcl|NW_015386984.1_cds_XP_015673700.1_11192	2703	2707.21	459.096	15.7937
lcl|NW_015386984.1_cds_XP_015673701.1_11193	2700	2701.62	82.9038	2.85793
lcl|NW_015386984.1_cds_XP_015673702.1_11194	579	561.929	2	0.331474
lcl|NW_015386985.1_cds_XP_029140371.1_11195	1947	1816.13	2	0.102562
lcl|NW_015386985.1_cds_XP_029140372.1_11196	2769	2582.11	10	0.360684
lcl|NW_015386985.1_cds_XP_029140373.1_11197	2484	2318.95	1	0.0401615
lcl|NW_015386985.1_cds_XP_029140374.1_11198	2286	2205.4	9.55393	0.403456
lcl|NW_015386985.1_cds_XP_029140375.1_11199	1278	1239.95	0	0
lcl|NW_015386985.1_cds_XP_029140376.1_11200	2766	2615.85	2.18982	0.0779642
lcl|NW_015386985.1_cds_XP_029140377.1_11201	3150	3103.16	17.4506	0.52373
lcl|NW_015386986.1_cds_XP_015673712.1_11202	348	280.737	6	1.99045
lcl|NW_015386987.1_cds_XP_015673729.1_11203	720	681.949	0	0
lcl|NW_015386987.1_cds_XP_015673721.1_11204	1320	1281.95	0	0
lcl|NW_015386987.1_cds_XP_015673722.1_11205	1317	1278.95	0	0
lcl|NW_015386987.1_cds_XP_015673713.1_11206	468	425.416	2	0.437842
lcl|NW_015386987.1_cds_XP_015673715.1_11207	477	438.949	0	0
lcl|NW_015386987.1_cds_XP_015673714.1_11208	1743	1675.14	1	0.055597
lcl|NW_015386987.1_cds_XP_015673723.1_11209	351	350.594	0	0
lcl|NW_015386987.1_cds_XP_015673717.1_11210	951	954.146	139	13.5675
lcl|NW_015386987.1_cds_XP_015673730.1_11211	588	556.374	75	12.5544
lcl|NW_015386987.1_cds_XP_015673718.1_11212	840	789.855	22	2.59404
lcl|NW_015386987.1_cds_XP_015673724.1_11213	3501	3465.75	81	2.17665
lcl|NW_015386987.1_cds_XP_015673720.1_11214	723	659.771	83	11.7162
lcl|NW_015386987.1_cds_XP_015673719.1_11215	1179	1133.9	301	24.7226
lcl|NW_015386987.1_cds_XP_015673725.1_11216	3567	3557.76	82	2.14654
lcl|NW_015386987.1_cds_XP_015673728.1_11217	1974	1938.69	29	1.39313
lcl|NW_015386988.1_cds_XP_015673731.1_11218	1602	1575.98	149	8.80517
lcl|NW_015386988.1_cds_XP_029140378.1_11219	6711	6794.63	21	0.287842
lcl|NW_015386988.1_cds_XP_015673735.2_11220	1062	1038.89	11	0.986111
lcl|NW_015386988.1_cds_XP_015673732.1_11221	990	969.915	1	0.0960214
lcl|NW_015386988.1_cds_XP_015673736.1_11222	1371	1373.81	171	11.5923
lcl|NW_015386989.1_cds_XP_015673738.1_11223	1059	1030.5	322	29.101
lcl|NW_015386989.1_cds_XP_015673737.1_11224	1110	1076.94	0	0
lcl|NW_015386989.1_cds_XP_015673740.1_11225	2997	2966.78	86	2.69969
lcl|NW_015386989.1_cds_XP_015673743.1_11226	204	165.949	0	0
lcl|NW_015386989.1_cds_XP_015673741.1_11227	285	237.238	22	8.63653
lcl|NW_015386990.1_cds_XP_015673746.1_11228	2097	2104.71	9.45733	0.418483
lcl|NW_015386990.1_cds_XP_015673747.1_11229	2097	2108.11	0	0
lcl|NW_015386990.1_cds_XP_015673748.1_11230	1992	2009.84	0	0
lcl|NW_015386990.1_cds_XP_015673745.1_11231	1872	1882.16	2.54267	0.125816
lcl|NW_015386990.1_cds_XP_029140380.1_11232	1377	1335.33	6	0.418471
lcl|NW_015386990.1_cds_XP_029140379.1_11233	3423	3415.22	61	1.66346
lcl|NW_015386991.1_cds_XP_015673755.2_11234	1269	1218.68	28	2.13979
lcl|NW_015386991.1_cds_XP_015673749.1_11235	1065	1025.67	225	20.4305
lcl|NW_015386991.1_cds_XP_015673750.1_11236	570	515.304	110	19.8807
lcl|NW_015386991.1_cds_XP_015673753.1_11237	780	726.313	9.45053	1.21181
lcl|NW_015386991.1_cds_XP_015673752.1_11238	699	649.459	1.54947	0.222194
lcl|NW_015386991.1_cds_XP_015673757.1_11239	942	903.949	0	0
lcl|NW_015386991.1_cds_XP_015673754.1_11240	501	462.949	0	0
lcl|NW_015386991.1_cds_XP_015673758.1_11241	717	678.949	0	0
lcl|NW_015386991.1_cds_XP_015673759.1_11242	729	690.949	0	0
lcl|NW_015386991.1_cds_XP_015673760.1_11243	807	768.949	0	0
lcl|NW_015386991.1_cds_XP_015673761.1_11244	1035	895.897	1	0.103955
lcl|NW_015386991.1_cds_XP_015673763.1_11245	942	903.949	0	0
lcl|NW_015386991.1_cds_XP_015673764.1_11246	810	771.949	0	0
lcl|NW_015386991.1_cds_XP_015673765.1_11247	921	882.949	0	0
lcl|NW_015386992.1_cds_XP_015673766.1_11248	2199	2267.08	3	0.123241
lcl|NW_015386992.1_cds_XP_029140382.1_11249	2370	2389.09	0	0
lcl|NW_015386992.1_cds_XP_029140383.1_11250	2514	2475.95	0	0
lcl|NW_015386992.1_cds_XP_029140384.1_11251	2187	2196.76	1	0.0423954
lcl|NW_015386992.1_cds_XP_029140385.1_11252	2397	2469.54	1	0.0377125
lcl|NW_015386992.1_cds_XP_029140386.1_11253	2352	2313.95	0	0
lcl|NW_015386992.1_cds_XP_015673771.1_11254	2574	2535.95	0	0
lcl|NW_015386992.1_cds_XP_029140387.1_11255	2622	2583.95	0	0
lcl|NW_015386992.1_cds_XP_029140388.1_11256	1071	1032.95	0	0
lcl|NW_015386992.1_cds_XP_015673775.1_11257	2463	2424.95	0	0
lcl|NW_015386992.1_cds_XP_015673776.1_11258	2280	2241.95	0	0
lcl|NW_015386992.1_cds_XP_015673777.1_11259	2406	2367.95	0	0
lcl|NW_015386992.1_cds_XP_029140389.1_11260	2496	2550.52	1	0.0365151
lcl|NW_015386992.1_cds_XP_015673779.1_11261	2637	2598.95	0	0
lcl|NW_015386992.1_cds_XP_029140390.1_11262	2505	2466.95	0	0
lcl|NW_015386992.1_cds_XP_029140381.1_11263	2502	2463.95	0	0
lcl|NW_015386992.1_cds_XP_029140391.1_11264	2463	2424.95	0	0
lcl|NW_015386992.1_cds_XP_029140392.1_11265	4143	4204.56	2	0.0443007
lcl|NW_015386992.1_cds_XP_029140393.1_11266	2379	2340.95	0	0
lcl|NW_015386992.1_cds_XP_029140394.1_11267	909	870.949	0	0
lcl|NW_015386992.1_cds_XP_029140395.1_11268	2424	2385.95	0	0
lcl|NW_015386992.1_cds_XP_015673786.2_11269	2178	2187.65	1.36943	0.0582995
lcl|NW_015386993.1_cds_XP_015673787.1_11270	1590	1579.24	8	0.471783
lcl|NW_015386993.1_cds_XP_015673788.1_11271	561	523.228	21	3.73791
lcl|NW_015386993.1_cds_XP_015673789.1_11272	1047	1085.76	12	1.02931
lcl|NW_015386993.1_cds_XP_029140397.1_11273	4749	4958.19	24	0.450805
lcl|NW_015386993.1_cds_XP_015673790.2_11274	2754	2697.83	64	2.20936
lcl|NW_015386993.1_cds_XP_015673796.1_11275	597	547.829	4	0.680011
lcl|NW_015386993.1_cds_XP_015673791.1_11276	2253	2215.81	220	9.24682
lcl|NW_015386993.1_cds_XP_015673792.1_11277	798	774.789	586	70.4394
lcl|NW_015386993.1_cds_XP_015673795.1_11278	1185	1179.7	191.703	15.1342
lcl|NW_015386995.1_cds_XP_029140398.1_11279	3370	3329.35	89	2.48961
lcl|NW_015386995.1_cds_XP_029140399.1_11280	669	581.084	1	0.160274
lcl|NW_015386995.1_cds_XP_015673799.2_11281	1599	1526.46	1	0.0610122
lcl|NW_015386996.1_cds_XP_015673801.1_11282	2466	2467.98	13	0.490571
lcl|NW_015386996.1_cds_XP_015673800.1_11283	2499	2505.61	1.61616e-05	6.0072e-07
lcl|NW_015386996.1_cds_XP_015673802.1_11284	468	428.994	5	1.08548
lcl|NW_015386997.1_cds_XP_015673804.1_11285	684	645.756	4	0.57689
lcl|NW_015386998.1_cds_XP_015673812.2_11286	2376	2337.95	0	0
lcl|NW_015386998.1_cds_XP_015673805.1_11287	1819	1808.21	0	0
lcl|NW_015386998.1_cds_XP_015673806.1_11288	1744	1735.28	154	8.2652
lcl|NW_015386998.1_cds_XP_015673807.1_11289	1077	1014.27	900	82.6401
lcl|NW_015386998.1_cds_XP_015673809.1_11290	1383	1306.3	67.5	4.81241
lcl|NW_015386998.1_cds_XP_015673810.1_11291	1383	1306.3	67.5	4.81241
lcl|NW_015386999.1_cds_XP_029140400.1_11292	3102	2967.55	8	0.251069
lcl|NW_015386999.1_cds_XP_015673819.1_11293	780	720.174	49.5	6.40131
lcl|NW_015386999.1_cds_XP_015673820.1_11294	780	720.174	49.5	6.40131
lcl|NW_015386999.1_cds_XP_015673815.1_11295	600	561.949	0	0
lcl|NW_015386999.1_cds_XP_015673821.1_11296	657	654.284	26.8204	3.81768
lcl|NW_015386999.1_cds_XP_015673822.1_11297	657	654.284	26.8204	3.81768
lcl|NW_015386999.1_cds_XP_015673823.1_11298	657	654.284	26.8204	3.81768
lcl|NW_015386999.1_cds_XP_015673817.1_11299	978	956.079	2	0.194822
lcl|NW_015386999.1_cds_XP_029140401.1_11300	2805	2766.95	0	0
lcl|NW_015387001.1_cds_XP_015673829.1_11301	5643	5232.85	7	0.124584
lcl|NW_015387001.1_cds_XP_029140402.1_11302	1455	1416.95	0	0
lcl|NW_015387001.1_cds_XP_015673833.1_11303	696	657.949	0	0
lcl|NW_015387001.1_cds_XP_015673834.1_11304	7008	6754.66	57	0.78591
lcl|NW_015387001.1_cds_XP_015673831.1_11305	1200	1161.95	0	0
lcl|NW_015387001.1_cds_XP_015673832.1_11306	2196	2157.95	0	0
lcl|NW_015387001.1_cds_XP_015673835.1_11307	1725	1564.04	0.00110284	6.56697e-05
lcl|NW_015387001.1_cds_XP_015673837.1_11308	1710	1550.37	2.9989	0.180147
lcl|NW_015387001.1_cds_XP_015673838.1_11309	819	719.974	16	2.06969
lcl|NW_015387001.1_cds_XP_015673839.1_11310	1110	1020.21	28	2.55604
lcl|NW_015387001.1_cds_XP_015673825.1_11311	3090	2932.82	61	1.93707
lcl|NW_015387001.1_cds_XP_015673826.1_11312	768	728.733	260	33.2281
lcl|NW_015387001.1_cds_XP_015673828.1_11313	903	850.313	13	1.42386
lcl|NW_015387001.1_cds_XP_015673827.1_11314	927	876.477	0	0
lcl|NW_015387002.1_cds_XP_015673841.2_11315	1317	1278.95	0	0
lcl|NW_015387002.1_cds_XP_015673840.1_11316	684	641.927	120	17.4099
lcl|NW_015387003.1_cds_XP_015673843.1_11317	2622	2583.95	0	0
lcl|NW_015387003.1_cds_XP_029140404.1_11318	2451	2412.95	0	0
lcl|NW_015387003.1_cds_XP_015673842.1_11319	2328	2281.23	378	15.432
lcl|NW_015387003.1_cds_XP_015673844.2_11320	717	609.794	5	0.763639
lcl|NW_015387004.1_cds_XP_015673845.1_11321	3393	3400.01	297	8.13538
lcl|NW_015387004.1_cds_XP_015673848.1_11322	1545	1519.73	48.5	2.97219
lcl|NW_015387004.1_cds_XP_015673849.1_11323	1545	1519.73	48.5	2.97219
lcl|NW_015387004.1_cds_XP_015673850.1_11324	1710	1625.86	1220	69.8841
lcl|NW_015387004.1_cds_XP_015673851.1_11325	2064	2053.65	21	0.952346
lcl|NW_015387005.1_cds_XP_015673852.1_11326	1572	1550.43	72	4.32496
lcl|NW_015387005.1_cds_XP_015673854.1_11327	1515	1487.81	1.6532	0.103485
lcl|NW_015387005.1_cds_XP_015673856.1_11328	1059	1000.36	22	2.04818
lcl|NW_015387005.1_cds_XP_015673857.1_11329	792	753.949	0	0
lcl|NW_015387005.1_cds_XP_015673855.1_11330	2766	2588.73	8	0.287809
lcl|NW_015387005.1_cds_XP_015673853.1_11331	1503	1482.75	53	3.32897
lcl|NW_015387006.1_cds_XP_029140405.1_11332	4023	3984.95	0	0
lcl|NW_015387006.1_cds_XP_015673859.1_11333	285	244.465	65	24.7627
lcl|NW_015387007.1_cds_XP_015673861.1_11334	969	967.546	72	6.93046
lcl|NW_015387007.1_cds_XP_015673862.1_11335	1929	1884.74	12	0.592968
lcl|NW_015387007.1_cds_XP_015673870.1_11336	696	651.434	4	0.571862
lcl|NW_015387007.1_cds_XP_029140407.1_11337	639	635.453	1	0.146561
lcl|NW_015387007.1_cds_XP_015673864.1_11338	654	603.804	978.812	150.975
lcl|NW_015387007.1_cds_XP_015673863.1_11339	657	608.986	957.188	146.383
lcl|NW_015387007.1_cds_XP_015673865.1_11340	693	688.068	635	85.9495
lcl|NW_015387007.1_cds_XP_015673874.1_11341	348	319.877	104	30.2797
lcl|NW_015387007.1_cds_XP_015673866.1_11342	918	895.434	98	10.1928
lcl|NW_015387007.1_cds_XP_015673867.1_11343	1443	1458.07	15	0.958106
lcl|NW_015387007.1_cds_XP_015673871.1_11344	1506	1425.84	84	5.48668
lcl|NW_015387007.1_cds_XP_029140408.1_11345	2511	2548.94	39	1.42497
lcl|NW_015387007.1_cds_XP_015673868.1_11346	1359	1287.75	65	4.70091
lcl|NW_015387007.1_cds_XP_029140409.1_11347	1425	1330.13	1	0.0700176
lcl|NW_015387007.1_cds_XP_015673875.1_11348	591	554.737	5	0.839429
lcl|NW_015387007.1_cds_XP_015673876.1_11349	690	663.852	1	0.140291
lcl|NW_015387008.1_cds_XP_015673889.1_11350	871	754.863	1	0.123377
lcl|NW_015387008.1_cds_XP_015673879.1_11351	1533	1484.47	2092.57	131.283
lcl|NW_015387008.1_cds_XP_015673878.1_11352	1575	1516.05	761.879	46.8029
lcl|NW_015387008.1_cds_XP_029140410.1_11353	1581	1542.95	0	0
lcl|NW_015387008.1_cds_XP_015673881.1_11354	1419	1401.96	26.5497	1.7637
lcl|NW_015387008.1_cds_XP_015673884.1_11355	597	586.013	72.7229	11.5575
lcl|NW_015387008.1_cds_XP_015673883.1_11356	705	680.286	16.7066	2.28717
lcl|NW_015387008.1_cds_XP_015673882.1_11357	774	754.273	399.57	49.3362
lcl|NW_015387008.1_cds_XP_015673885.1_11358	906	895.172	1177.15	122.469
lcl|NW_015387008.1_cds_XP_015673886.1_11359	906	895.172	1177.15	122.469
lcl|NW_015387008.1_cds_XP_015673887.1_11360	903	892.059	646.708	67.5175
lcl|NW_015387008.1_cds_XP_015673888.1_11361	732	705.105	1386	183.067
lcl|NW_015387009.1_cds_XP_015673891.1_11362	1197	1141.89	227	18.5141
lcl|NW_015387011.1_cds_XP_015673892.1_11363	1518	1456.98	100916	6450.71
lcl|NW_015387011.1_cds_XP_015673893.1_11364	1299	1248.53	38829.8	2896.47
lcl|NW_015387011.1_cds_XP_015673901.1_11365	921	955.511	2	0.194938
lcl|NW_015387011.1_cds_XP_015673902.2_11366	1545	1506.95	0	0
lcl|NW_015387011.1_cds_XP_015673903.1_11367	588	549.949	0	0
lcl|NW_015387011.1_cds_XP_015673904.1_11368	588	549.949	0	0
lcl|NW_015387011.1_cds_XP_029140414.1_11369	585	546.949	0	0
lcl|NW_015387011.1_cds_XP_029140415.1_11370	588	549.949	0	0
lcl|NW_015387011.1_cds_XP_029140416.1_11371	582	543.949	0	0
lcl|NW_015387011.1_cds_XP_029140417.1_11372	588	549.949	0	0
lcl|NW_015387011.1_cds_XP_029140418.1_11373	837	870.228	3	0.321062
lcl|NW_015387011.1_cds_XP_015673917.1_11374	939	900.949	0	0
lcl|NW_015387011.1_cds_XP_015673908.1_11375	1092	1053.95	0	0
lcl|NW_015387011.1_cds_XP_015673909.1_11376	1464	1425.95	0	0
lcl|NW_015387011.1_cds_XP_015673910.1_11377	1563	1524.95	0	0
lcl|NW_015387011.1_cds_XP_015673894.2_11378	1545	1452.18	9	0.577197
lcl|NW_015387011.1_cds_XP_029140412.1_11379	615	575.861	0	0
lcl|NW_015387011.1_cds_XP_029140413.1_11380	609	578.61	5	0.804795
lcl|NW_015387011.1_cds_XP_015673896.1_11381	1368	1268.1	9	0.660984
lcl|NW_015387011.1_cds_XP_015673897.2_11382	1062	1000.84	12	1.11665
lcl|NW_015387011.1_cds_XP_015673895.1_11383	1869	1809.22	94	4.83879
lcl|NW_015387011.1_cds_XP_015673899.1_11384	954	919.198	4855	491.905
lcl|NW_015387011.1_cds_XP_015673912.1_11385	588	549.949	0	0
lcl|NW_015387011.1_cds_XP_015673900.2_11386	606	556.572	2	0.334664
lcl|NW_015387011.1_cds_XP_029140411.1_11387	1365	1347.38	15	1.03682
lcl|NW_015387011.1_cds_XP_015673915.1_11388	474	435.949	0	0
lcl|NW_015387011.1_cds_XP_015673919.1_11389	1290	1231.42	1	0.0756301
lcl|NW_015387011.1_cds_XP_015673918.1_11390	1341	1285.38	0	0
lcl|NW_015387011.1_cds_XP_015673916.2_11391	975	936.949	0	0
lcl|NW_015387011.1_cds_XP_015673921.1_11392	927	888.949	0	0
lcl|NW_015387011.1_cds_XP_015673920.1_11393	942	903.949	0	0
lcl|NW_015387011.1_cds_XP_015673922.1_11394	939	900.949	0	0
lcl|NW_015387011.1_cds_XP_015673923.1_11395	927	888.949	0	0
lcl|NW_015387012.1_cds_XP_029140419.1_11396	4446	4434.23	2	0.0420062
lcl|NW_015387012.1_cds_XP_015673926.1_11397	1845	1806.95	0	0
lcl|NW_015387013.1_cds_XP_029140421.1_11398	1053	1014.95	0	0
lcl|NW_015387013.1_cds_XP_015673927.1_11399	1545	1386.03	26	1.74703
lcl|NW_015387013.1_cds_XP_029140423.1_11400	306	267.949	0	0
lcl|NW_015387013.1_cds_XP_015673928.1_11401	693	618.928	7151	1076.04
lcl|NW_015387013.1_cds_XP_015673929.1_11402	1224	1160.19	22	1.76601
lcl|NW_015387013.1_cds_XP_015673937.1_11403	357	304.423	4	1.22373
lcl|NW_015387013.1_cds_XP_015673938.1_11404	1749	1639.21	192	10.9086
lcl|NW_015387013.1_cds_XP_015673930.1_11405	4266	4141.75	26	0.584643
lcl|NW_015387013.1_cds_XP_015673932.1_11406	588	560.436	224	37.224
lcl|NW_015387013.1_cds_XP_015673936.1_11407	624	570.774	5	0.815844
lcl|NW_015387013.1_cds_XP_015673940.1_11408	1161	1074.2	24	2.08078
lcl|NW_015387013.1_cds_XP_015673942.1_11409	408	363.894	2282	584.039
lcl|NW_015387013.1_cds_XP_015673943.1_11410	1695	1656.95	0	0
lcl|NW_015387013.1_cds_XP_015673946.1_11411	1563	1524.95	0	0
lcl|NW_015387013.1_cds_XP_015673945.1_11412	1581	1542.95	0	0
lcl|NW_015387013.1_cds_XP_029140420.1_11413	3246	3127.32	35.3281	1.05208
lcl|NW_015387013.1_cds_XP_015673933.1_11414	3309	3189.73	105.672	3.08537
lcl|NW_015387013.1_cds_XP_015673947.1_11415	1242	1139.46	4	0.326936
lcl|NW_015387014.1_cds_XP_015673948.1_11416	1572	1546.32	316	19.0322
lcl|NW_015387014.1_cds_XP_015673949.1_11417	3450	3482.86	823	22.0072
lcl|NW_015387014.1_cds_XP_015673953.1_11418	573	474.783	3	0.588474
lcl|NW_015387014.1_cds_XP_015673951.1_11419	954	913.166	591	60.2752
lcl|NW_015387014.1_cds_XP_015673952.1_11420	873	841.948	404	44.6887
lcl|NW_015387014.1_cds_XP_015673954.1_11421	381	291.751	2	0.638439
lcl|NW_015387015.1_cds_XP_015673959.1_11422	1464	1468.09	43	2.72783
lcl|NW_015387015.1_cds_XP_015673956.1_11423	1410	1392.13	16	1.07039
lcl|NW_015387015.1_cds_XP_015673957.1_11424	1083	1097.31	718	60.9394
lcl|NW_015387015.1_cds_XP_015673958.1_11425	1146	1130.98	233	19.1868
lcl|NW_015387015.1_cds_XP_015673960.1_11426	369	338.211	9	2.47831
lcl|NW_015387018.1_cds_XP_015673962.2_11427	2160	2160.28	23	0.991558
lcl|NW_015387019.1_cds_XP_015673963.1_11428	918	918.316	2	0.202833
lcl|NW_015387020.1_cds_XP_015673964.1_11429	2031	1923.8	299	14.4748
lcl|NW_015387020.1_cds_XP_029140425.1_11430	1056	1000.26	9	0.837975
lcl|NW_015387020.1_cds_XP_015673965.1_11431	1068	1072.85	40	3.47234
lcl|NW_015387020.1_cds_XP_015673966.1_11432	1893	1914.59	284	13.8148
lcl|NW_015387020.1_cds_XP_015673967.1_11433	897	866.518	7246	778.793
lcl|NW_015387020.1_cds_XP_015673968.1_11434	933	951.295	4.5	0.440553
lcl|NW_015387020.1_cds_XP_015673969.1_11435	933	951.295	4.5	0.440553
lcl|NW_015387021.1_cds_XP_029140426.1_11436	1356	1285.3	18	1.30427
lcl|NW_015387021.1_cds_XP_015673972.1_11437	2343	2302.91	136	5.50001
lcl|NW_015387021.1_cds_XP_015673973.1_11438	4599	4673.63	65	1.29527
lcl|NW_015387021.1_cds_XP_015673974.1_11439	6603	6597.34	22.7648	0.321364
lcl|NW_015387021.1_cds_XP_015673975.1_11440	6615	6611.91	438.235	6.17279
lcl|NW_015387021.1_cds_XP_015673976.1_11441	1671	1648.64	225	12.7104
lcl|NW_015387021.1_cds_XP_015673977.1_11442	2064	2050.77	38	1.72571
lcl|NW_015387023.1_cds_XP_015673979.1_11443	1608	1563.99	334.822	19.938
lcl|NW_015387023.1_cds_XP_015673980.1_11444	1602	1564.84	1300.03	77.3723
lcl|NW_015387023.1_cds_XP_015673982.1_11445	1530	1490.31	16.149	1.00918
lcl|NW_015387023.1_cds_XP_015673983.1_11446	354	297.136	62	19.4329
lcl|NW_015387024.1_cds_XP_029140427.1_11447	5073	5080.67	18	0.329954
lcl|NW_015387024.1_cds_XP_015673988.1_11448	300	261.949	0	0
lcl|NW_015387024.1_cds_XP_015673984.1_11449	1170	1116.71	79	6.5885
lcl|NW_015387024.1_cds_XP_015673985.1_11450	828	762.765	0	0
lcl|NW_015387024.1_cds_XP_015673987.1_11451	1755	1685.55	8	0.442027
lcl|NW_015387025.1_cds_XP_015673989.1_11452	1725	1675.02	6	0.333606
lcl|NW_015387025.1_cds_XP_015673990.1_11453	588	595.793	74	11.5675
lcl|NW_015387025.1_cds_XP_015673991.1_11454	663	651.565	182.819	26.1315
lcl|NW_015387025.1_cds_XP_015673993.1_11455	633	621.078	1.18119	0.177124
lcl|NW_015387026.1_cds_XP_029140428.1_11456	1167	1069	1	0.0871213
lcl|NW_015387026.1_cds_XP_029140429.1_11457	2616	2456.52	12	0.454948
lcl|NW_015387026.1_cds_XP_015674002.2_11458	579	540.949	0	0
lcl|NW_015387026.1_cds_XP_015673995.1_11459	1881	1842.95	0	0
lcl|NW_015387026.1_cds_XP_015673996.1_11460	2895	2856.95	0	0
lcl|NW_015387026.1_cds_XP_015673997.1_11461	1680	1609.76	3	0.173564
lcl|NW_015387026.1_cds_XP_029140431.1_11462	7548	7064.07	6	0.0791039
lcl|NW_015387026.1_cds_XP_015674000.1_11463	1287	1135.44	3	0.246069
lcl|NW_015387026.1_cds_XP_029140432.1_11464	2733	2504.11	9	0.334727
lcl|NW_015387026.1_cds_XP_029140433.1_11465	1629	1616.76	84	4.83877
lcl|NW_015387027.1_cds_XP_029140434.1_11466	2142	2128.55	203	8.88205
lcl|NW_015387027.1_cds_XP_015674005.1_11467	4935	5067.85	16	0.294034
lcl|NW_015387027.1_cds_XP_029140435.1_11468	3969	3953.35	4	0.0942316
lcl|NW_015387027.1_cds_XP_015674007.1_11469	2337	2300.11	1	0.0404904
lcl|NW_015387028.1_cds_XP_015674008.1_11470	3714	3759.26	812	20.1166
lcl|NW_015387028.1_cds_XP_029140436.1_11471	2220	2295.14	352	14.2835
lcl|NW_015387028.1_cds_XP_015674010.1_11472	1263	1186.85	189	14.8308
lcl|NW_015387028.1_cds_XP_015674011.1_11473	390	348.741	300	80.116
lcl|NW_015387028.1_cds_XP_015674013.1_11474	4584	4548.72	463	9.47967
lcl|NW_015387028.1_cds_XP_015674014.1_11475	966	927.949	0	0
lcl|NW_015387029.1_cds_XP_029140444.1_11476	2670	2666.4	3	0.104785
lcl|NW_015387029.1_cds_XP_029140437.1_11477	2364	2325.95	0	0
lcl|NW_015387029.1_cds_XP_029140438.1_11478	2439	2400.95	0	0
lcl|NW_015387029.1_cds_XP_015674019.1_11479	852	798.382	2	0.233303
lcl|NW_015387029.1_cds_XP_029140439.1_11480	2046	2007.95	0	0
lcl|NW_015387029.1_cds_XP_029140440.1_11481	2529	2490.95	0	0
lcl|NW_015387029.1_cds_XP_029140441.1_11482	1362	1323.95	0	0
lcl|NW_015387029.1_cds_XP_029140442.1_11483	1008	969.949	0	0
lcl|NW_015387029.1_cds_XP_029140443.1_11484	1221	1182.95	0	0
lcl|NW_015387029.1_cds_XP_015674015.1_11485	999	904.469	930.901	95.8542
lcl|NW_015387029.1_cds_XP_015674016.1_11486	978	889.872	60.0991	6.28987
lcl|NW_015387029.1_cds_XP_015674023.1_11487	687	648.949	0	0
lcl|NW_015387029.1_cds_XP_015674020.1_11488	576	500.328	118	21.9649
lcl|NW_015387029.1_cds_XP_015674021.1_11489	2157	2118.95	0	0
lcl|NW_015387029.1_cds_XP_015674022.1_11490	8403	8364.95	0	0
lcl|NW_015387031.1_cds_XP_015674045.1_11491	804	775.063	12.3647	1.48576
lcl|NW_015387031.1_cds_XP_015674050.1_11492	2166	2147.49	5	0.21684
lcl|NW_015387031.1_cds_XP_015674026.1_11493	1041	1018.19	36.7105	3.35785
lcl|NW_015387031.1_cds_XP_015674025.1_11494	1152	1124.62	222.29	18.4084
lcl|NW_015387031.1_cds_XP_015674027.1_11495	1221	1208	179	13.8002
lcl|NW_015387031.1_cds_XP_015674028.1_11496	7077	6991.59	249	3.31684
lcl|NW_015387031.1_cds_XP_015674051.1_11497	336	297.949	0	0
lcl|NW_015387031.1_cds_XP_015674029.1_11498	1695	1643.98	646	36.5963
lcl|NW_015387031.1_cds_XP_015674047.2_11499	7083	7055	416	5.49159
lcl|NW_015387031.1_cds_XP_015674031.2_11500	342	267.413	476	165.778
lcl|NW_015387031.1_cds_XP_015674033.1_11501	840	816.326	1.46331	0.166946
lcl|NW_015387031.1_cds_XP_015674032.1_11502	840	816.498	399.38	45.5547
lcl|NW_015387031.1_cds_XP_015674034.1_11503	768	743.839	106.156	13.2913
lcl|NW_015387031.1_cds_XP_015674048.1_11504	4122	4076.16	20	0.456962
lcl|NW_015387031.1_cds_XP_015674035.1_11505	1188	1212.06	191.972	14.7508
lcl|NW_015387031.1_cds_XP_015674036.1_11506	1566	1625.51	238	13.6361
lcl|NW_015387031.1_cds_XP_015674037.1_11507	1623	1632.57	107	6.10398
lcl|NW_015387031.1_cds_XP_029140445.1_11508	2082	2057.22	190	8.60151
lcl|NW_015387031.1_cds_XP_015674040.1_11509	516	493.072	527	99.5409
lcl|NW_015387031.1_cds_XP_029140446.1_11510	1560	1436.76	344	22.2986
lcl|NW_015387031.1_cds_XP_015674042.1_11511	4485	4540.6	422	8.65567
lcl|NW_015387031.1_cds_XP_015674044.1_11512	882	873.713	157	16.7352
lcl|NW_015387031.1_cds_XP_015674052.1_11513	1509	1459.03	1	0.0638319
lcl|NW_015387031.1_cds_XP_015674049.2_11514	448	417.546	18.353	4.09358
lcl|NW_015387032.1_cds_XP_015674053.1_11515	1257	1253.68	2860	212.462
lcl|NW_015387033.1_cds_XP_015674056.1_11516	1980	1742.81	2	0.106876
lcl|NW_015387033.1_cds_XP_015674055.1_11517	732	639.372	2406	350.464
lcl|NW_015387033.1_cds_XP_015674059.1_11518	1263	1113.63	17	1.4217
lcl|NW_015387033.1_cds_XP_029140447.1_11519	1821	1738.21	1	0.0535794
lcl|NW_015387033.1_cds_XP_015674058.1_11520	1227	1188.95	0	0
lcl|NW_015387034.1_cds_XP_029140449.1_11521	1758	1716.93	256	13.8864
lcl|NW_015387034.1_cds_XP_015674069.1_11522	801	794.002	11	1.29025
lcl|NW_015387034.1_cds_XP_015674070.1_11523	618	583.881	7	1.11654
lcl|NW_015387034.1_cds_XP_015674061.1_11524	783	713	660	86.2096
lcl|NW_015387034.1_cds_XP_015674064.1_11525	2487	2446.96	91.9792	3.50077
lcl|NW_015387034.1_cds_XP_015674063.1_11526	2457	2412.37	0.0208004	0.000803028
lcl|NW_015387034.1_cds_XP_015674071.1_11527	399	360.949	0	0
lcl|NW_015387034.1_cds_XP_015674065.2_11528	3342	3436.17	213	5.77307
lcl|NW_015387034.1_cds_XP_015674068.1_11529	777	794.592	1	0.117208
lcl|NW_015387034.1_cds_XP_029140448.1_11530	795	811.245	0	0
lcl|NW_015387036.1_cds_XP_029140451.1_11531	2925	2845.93	12.7779	0.418155
lcl|NW_015387036.1_cds_XP_015674072.1_11532	654	569.945	100	16.3406
lcl|NW_015387036.1_cds_XP_015674087.1_11533	3087	3048.95	0	0
lcl|NW_015387036.1_cds_XP_015674073.1_11534	2919	2828.34	24.0367	0.791488
lcl|NW_015387036.1_cds_XP_029140450.1_11535	2790	2710.67	51.9633	1.78534
lcl|NW_015387036.1_cds_XP_015674076.1_11536	801	734.769	111.667	14.1538
lcl|NW_015387036.1_cds_XP_015674077.1_11537	801	734.769	111.667	14.1538
lcl|NW_015387036.1_cds_XP_015674078.1_11538	801	734.769	111.667	14.1538
lcl|NW_015387036.1_cds_XP_015674075.1_11539	1836	1675.64	131	7.281
lcl|NW_015387036.1_cds_XP_015674088.1_11540	1932	1893.95	0	0
lcl|NW_015387036.1_cds_XP_015674089.1_11541	966	927.949	0	0
lcl|NW_015387036.1_cds_XP_015674094.1_11542	2814	2615.96	40.3123	1.43518
lcl|NW_015387036.1_cds_XP_029140452.1_11543	3948	3670.12	7	0.177631
lcl|NW_015387036.1_cds_XP_015674096.1_11544	2061	1947.68	7	0.33472
lcl|NW_015387036.1_cds_XP_015674095.1_11545	2229	2098.6	0	0
lcl|NW_015387036.1_cds_XP_015674097.2_11546	2328	2145.68	24	1.04171
lcl|NW_015387036.1_cds_XP_015674082.1_11547	1323	1228.11	191	14.4842
lcl|NW_015387036.1_cds_XP_015674083.1_11548	390	300.435	75	23.2494
lcl|NW_015387036.1_cds_XP_015674084.2_11549	1602	1423.53	18272	1195.42
lcl|NW_015387036.1_cds_XP_015674091.1_11550	861	822.949	0	0
lcl|NW_015387036.1_cds_XP_015674098.1_11551	1260	1185.83	18	1.41368
lcl|NW_015387036.1_cds_XP_015674092.1_11552	3699	3497.06	1	0.0266317
lcl|NW_015387036.1_cds_XP_029140453.1_11553	8094	7895.51	20	0.235913
lcl|NW_015387036.1_cds_XP_029140454.1_11554	3996	3796.04	33	0.809626
lcl|NW_015387036.1_cds_XP_015674100.1_11555	1596	1506.83	33	2.03963
lcl|NW_015387036.1_cds_XP_015674085.1_11556	4977	4776.78	835	16.2799
lcl|NW_015387036.1_cds_XP_015674102.1_11557	1035	986.649	242	22.843
lcl|NW_015387037.1_cds_XP_029140455.1_11558	2442	2200.58	43.2093	1.8287
lcl|NW_015387037.1_cds_XP_029140456.1_11559	1167	941.226	2	0.197896
lcl|NW_015387037.1_cds_XP_015674107.1_11560	2292	2213.95	58	2.43984
lcl|NW_015387037.1_cds_XP_015674108.1_11561	1434	1340.27	4	0.277952
lcl|NW_015387037.1_cds_XP_015674104.1_11562	1701	1613.85	1	0.0577081
lcl|NW_015387037.1_cds_XP_029140457.1_11563	1335	1296.95	0	0
lcl|NW_015387037.1_cds_XP_015674109.1_11564	381	289.357	414	133.25
lcl|NW_015387037.1_cds_XP_029140458.1_11565	519	445.698	4	0.835835
lcl|NW_015387037.1_cds_XP_015674110.1_11566	1152	1044.13	2	0.178393
lcl|NW_015387038.1_cds_XP_015674112.1_11567	400	361.949	0	0
lcl|NW_015387040.1_cds_XP_015674113.1_11568	1668	1666.17	5559.81	310.773
lcl|NW_015387041.1_cds_XP_029140459.1_11569	279	260.123	0.00162069	0.000580261
lcl|NW_015387041.1_cds_XP_015674115.1_11570	492	425.842	42	9.18549
lcl|NW_015387041.1_cds_XP_015674114.1_11571	1842	1926.6	2	0.0966807
lcl|NW_015387041.1_cds_XP_015674116.1_11572	2961	2922.95	0	0
lcl|NW_015387042.1_cds_XP_015674118.1_11573	1596	1563.13	204	12.1545
lcl|NW_015387042.1_cds_XP_015674117.1_11574	1266	1297.51	26	1.86623
lcl|NW_015387042.1_cds_XP_015674119.1_11575	426	401.694	301	69.7866
lcl|NW_015387042.1_cds_XP_015674128.1_11576	1488	1461.19	368	23.4554
lcl|NW_015387042.1_cds_XP_015674122.1_11577	1026	984.17	222.009	21.0088
lcl|NW_015387042.1_cds_XP_015674123.1_11578	996	950.011	714.991	70.0928
lcl|NW_015387042.1_cds_XP_015674124.1_11579	636	557.907	652	108.84
lcl|NW_015387042.1_cds_XP_015674125.1_11580	468	432.638	11	2.36793
lcl|NW_015387042.1_cds_XP_015674126.2_11581	534	460.66	14	2.83041
lcl|NW_015387042.1_cds_XP_015674130.1_11582	513	457.38	1	0.203622
lcl|NW_015387042.1_cds_XP_029140460.1_11583	702	615.712	2	0.30252
lcl|NW_015387043.1_cds_XP_015674133.1_11584	282	241.12	18	6.9525
lcl|NW_015387043.1_cds_XP_015674132.1_11585	1581	1496.47	476.506	29.6552
lcl|NW_015387043.1_cds_XP_015674131.1_11586	1626	1543.89	17.4944	1.05532
lcl|NW_015387043.1_cds_XP_015674135.1_11587	1308	1253.66	26.9924	2.00523
lcl|NW_015387043.1_cds_XP_015674134.1_11588	1374	1318.92	673.008	47.523
lcl|NW_015387043.1_cds_XP_015674136.1_11589	1200	1113.58	0	0
lcl|NW_015387043.1_cds_XP_015674137.1_11590	1524	1500.43	110	6.82778
lcl|NW_015387043.1_cds_XP_015674138.1_11591	1287	1290.99	707	51.0034
lcl|NW_015387043.1_cds_XP_015674139.1_11592	1227	1140.35	346	28.2578
lcl|NW_015387043.1_cds_XP_015674143.1_11593	4848	4928.32	129	2.43777
lcl|NW_015387043.1_cds_XP_029140461.1_11594	3879	3840.95	0	0
lcl|NW_015387043.1_cds_XP_015674141.1_11595	825	830.332	5	0.560815
lcl|NW_015387043.1_cds_XP_015674142.1_11596	1107	1036.96	3387	304.196
lcl|NW_015387044.1_cds_XP_029140462.1_11597	15069	15879.1	60	0.351905
lcl|NW_015387044.1_cds_XP_015674147.2_11598	2349	2361.96	77	3.03612
lcl|NW_015387044.1_cds_XP_015674146.1_11599	3612	3608.76	3100.28	80.0102
lcl|NW_015387044.1_cds_XP_015674145.1_11600	3624	3619.54	786.396	20.2343
lcl|NW_015387044.1_cds_XP_015674149.1_11601	1035	953.546	33.3194	3.2543
lcl|NW_015387045.1_cds_XP_015674150.1_11602	2199	2230.13	108	4.5102
lcl|NW_015387045.1_cds_XP_015674153.1_11603	744	705.949	0	0
lcl|NW_015387045.1_cds_XP_015674152.1_11604	531	514.738	67	12.1224
lcl|NW_015387046.1_cds_XP_015674179.1_11605	420	376.11	254.791	63.0914
lcl|NW_015387046.1_cds_XP_029140465.1_11606	2142	2106.85	17.0737	0.754735
lcl|NW_015387046.1_cds_XP_015674154.1_11607	1392	1388.82	63	4.22471
lcl|NW_015387046.1_cds_XP_029140463.1_11608	1656	1574.8	700	41.3974
lcl|NW_015387046.1_cds_XP_015674155.1_11609	1161	1099.58	68	5.7595
lcl|NW_015387046.1_cds_XP_015674156.1_11610	2541	2550.93	71	2.59215
lcl|NW_015387046.1_cds_XP_015674184.1_11611	1038	996.463	17	1.58887
lcl|NW_015387046.1_cds_XP_015674185.2_11612	1527	1488.95	0	0
lcl|NW_015387046.1_cds_XP_015674157.1_11613	903	835.6	121	13.4862
lcl|NW_015387046.1_cds_XP_015674159.1_11614	1074	966.653	402	38.7308
lcl|NW_015387046.1_cds_XP_015674160.1_11615	1908	1799.9	25	1.29358
lcl|NW_015387046.1_cds_XP_015674182.1_11616	1935	1927.86	1098.95	53.0887
lcl|NW_015387046.1_cds_XP_015674186.1_11617	615	585.096	6	0.955049
lcl|NW_015387046.1_cds_XP_015674161.1_11618	1047	1078.18	46	3.97346
lcl|NW_015387046.1_cds_XP_015674162.1_11619	939	969.054	0	0
lcl|NW_015387046.1_cds_XP_015674163.1_11620	849	802.145	375.333	43.5778
lcl|NW_015387046.1_cds_XP_015674164.1_11621	849	802.145	375.333	43.5778
lcl|NW_015387046.1_cds_XP_015674165.1_11622	849	802.145	375.333	43.5778
lcl|NW_015387046.1_cds_XP_029140466.1_11623	1509	1470.95	0	0
lcl|NW_015387046.1_cds_XP_015674187.1_11624	570	507.233	1	0.183609
lcl|NW_015387046.1_cds_XP_015674166.1_11625	1092	1074.53	56	4.8537
lcl|NW_015387046.1_cds_XP_029140464.1_11626	4803	4607.63	556	11.2382
lcl|NW_015387046.1_cds_XP_015674168.1_11627	1269	1230.95	0	0
lcl|NW_015387046.1_cds_XP_015674188.1_11628	1806	1834.12	2	0.101556
lcl|NW_015387046.1_cds_XP_015674169.1_11629	375	325.901	102.435	29.2727
lcl|NW_015387046.1_cds_XP_015674170.1_11630	375	325.901	102.435	29.2727
lcl|NW_015387046.1_cds_XP_015674172.1_11631	2643	2659.11	438	15.3405
lcl|NW_015387046.1_cds_XP_015674173.1_11632	2643	2659.11	438	15.3405
lcl|NW_015387046.1_cds_XP_015674174.1_11633	2643	2659.11	438	15.3405
lcl|NW_015387046.1_cds_XP_015674176.1_11634	1413	1301.41	3347	239.52
lcl|NW_015387046.1_cds_XP_015674177.1_11635	2718	2596.7	349	12.5172
lcl|NW_015387046.1_cds_XP_015674178.1_11636	1149	1090.54	4	0.341603
lcl|NW_015387047.1_cds_XP_015674195.1_11637	1761	1781.79	2	0.104538
lcl|NW_015387047.1_cds_XP_029140467.1_11638	4065	4206.29	2	0.0442825
lcl|NW_015387047.1_cds_XP_015674196.1_11639	597	558.949	0	0
lcl|NW_015387047.1_cds_XP_015674189.1_11640	3270	3250.92	176	5.04205
lcl|NW_015387047.1_cds_XP_015674190.1_11641	2937	2915.52	0	0
lcl|NW_015387047.1_cds_XP_015674192.1_11642	177	129.193	115.175	83.0274
lcl|NW_015387048.1_cds_XP_015674197.1_11643	2721	2661.51	394.645	13.8096
lcl|NW_015387048.1_cds_XP_015674201.1_11644	873	850.882	3.2765	0.358626
lcl|NW_015387048.1_cds_XP_015674200.1_11645	654	589.828	0	0
lcl|NW_015387048.1_cds_XP_015674198.1_11646	816	753.673	83.1131	10.2704
lcl|NW_015387048.1_cds_XP_015674199.1_11647	816	753.673	83.1131	10.2704
lcl|NW_015387049.1_cds_XP_015674212.1_11648	2136	2153.25	2	0.0865043
lcl|NW_015387049.1_cds_XP_015674214.1_11649	621	582.949	0	0
lcl|NW_015387049.1_cds_XP_015674203.1_11650	1236	1231.57	48	3.62982
lcl|NW_015387049.1_cds_XP_015674204.1_11651	1095	979.821	1468	139.534
lcl|NW_015387049.1_cds_XP_015674215.1_11652	765	699.234	2	0.266385
lcl|NW_015387049.1_cds_XP_029140471.1_11653	1539	1477.09	0	0
lcl|NW_015387049.1_cds_XP_015674216.1_11654	1488	1417.72	83	5.45243
lcl|NW_015387049.1_cds_XP_015674205.1_11655	963	931.907	94	9.39413
lcl|NW_015387049.1_cds_XP_015674206.1_11656	741	688.733	131	17.7142
lcl|NW_015387049.1_cds_XP_015674207.1_11657	1251	1163.41	20.243	1.62048
lcl|NW_015387049.1_cds_XP_029140469.1_11658	1551	1546.43	129	7.7689
lcl|NW_015387049.1_cds_XP_015674210.1_11659	6198	6081.77	8.16633	0.125054
lcl|NW_015387049.1_cds_XP_015674209.1_11660	6834	6745.23	50.8337	0.701868
lcl|NW_015387049.1_cds_XP_029140470.1_11661	2217	2190.69	8	0.340104
lcl|NW_015387050.1_cds_XP_015674218.1_11662	1581	1564.11	9.44541	0.562413
lcl|NW_015387050.1_cds_XP_015674217.1_11663	1296	1264.32	241.555	17.7934
lcl|NW_015387050.1_cds_XP_015674219.1_11664	1794	1770.53	63	3.3139
lcl|NW_015387050.1_cds_XP_015674220.1_11665	561	516.117	65	11.7292
lcl|NW_015387050.1_cds_XP_015674222.1_11666	546	507.949	0	0
lcl|NW_015387051.1_cds_XP_015674230.1_11667	1314	1274.72	19	1.38816
lcl|NW_015387051.1_cds_XP_029140472.1_11668	3765	3504.29	36	0.956762
lcl|NW_015387051.1_cds_XP_015674225.1_11669	885	844.89	103.103	11.3651
lcl|NW_015387051.1_cds_XP_015674226.1_11670	885	844.89	103.103	11.3651
lcl|NW_015387051.1_cds_XP_015674227.1_11671	882	842.09	617.793	68.3259
lcl|NW_015387051.1_cds_XP_015674224.1_11672	3243	3090.53	300	9.04044
lcl|NW_015387051.1_cds_XP_015674229.1_11673	8625	8350.48	137.493	1.53345
lcl|NW_015387051.1_cds_XP_015674228.1_11674	8673	8395.26	1.07069	0.0118776
lcl|NW_015387051.1_cds_XP_029140475.1_11675	7254	6968.41	4.42308	0.0591142
lcl|NW_015387051.1_cds_XP_029140474.1_11676	7302	7013.18	0.013233	0.00017573
lcl|NW_015387052.1_cds_XP_015674237.1_11677	3675	3603.17	38	0.982201
lcl|NW_015387052.1_cds_XP_015674231.1_11678	1911	1898.76	0	0
lcl|NW_015387052.1_cds_XP_015674233.1_11679	1854	1842.71	201	10.1587
lcl|NW_015387052.1_cds_XP_015674235.1_11680	924	855.243	173.218	18.8627
lcl|NW_015387052.1_cds_XP_015674234.1_11681	927	861.239	501.782	54.2617
lcl|NW_015387052.1_cds_XP_015674236.1_11682	2928	3022.19	553	17.0414
lcl|NW_015387054.1_cds_XP_015674238.1_11683	2170	2131.95	0	0
lcl|NW_015387055.1_cds_XP_015674244.1_11684	561	473.99	90.7163	17.8245
lcl|NW_015387055.1_cds_XP_015674239.1_11685	1809	1748.64	26	1.38476
lcl|NW_015387055.1_cds_XP_029140479.1_11686	5151	5112.95	0	0
lcl|NW_015387055.1_cds_XP_029140476.1_11687	2061	1844.07	154	7.77758
lcl|NW_015387055.1_cds_XP_015674257.1_11688	264	206.498	168	75.7694
lcl|NW_015387055.1_cds_XP_015674245.2_11689	1560	1481.2	17	1.0689
lcl|NW_015387055.1_cds_XP_015674241.1_11690	963	905.379	9	0.925792
lcl|NW_015387055.1_cds_XP_015674258.1_11691	798	685.016	17	2.31127
lcl|NW_015387055.1_cds_XP_015674242.1_11692	783	734.031	499	63.3122
lcl|NW_015387055.1_cds_XP_015674247.1_11693	1284	1245.95	0	0
lcl|NW_015387055.1_cds_XP_015674259.1_11694	1719	1611.8	75	4.33362
lcl|NW_015387055.1_cds_XP_015674248.1_11695	2724	2538.04	71	2.60532
lcl|NW_015387055.1_cds_XP_015674243.1_11696	2163	2151.51	28	1.21204
lcl|NW_015387055.1_cds_XP_015674260.1_11697	1254	1156.91	9	0.724513
lcl|NW_015387055.1_cds_XP_015674261.1_11698	2190	2151.95	0	0
lcl|NW_015387055.1_cds_XP_015674249.1_11699	1617	1578.95	0	0
lcl|NW_015387055.1_cds_XP_015674251.2_11700	1953	1914.95	0	0
lcl|NW_015387055.1_cds_XP_015674250.2_11701	483	350.297	5	1.32934
lcl|NW_015387055.1_cds_XP_015674252.1_11702	1893	1854.95	0	0
lcl|NW_015387055.1_cds_XP_015674253.2_11703	1218	1079.82	1	0.0862478
lcl|NW_015387055.1_cds_XP_029140478.1_11704	1770	1652.87	2	0.112692
lcl|NW_015387056.1_cds_XP_029140480.1_11705	2514	2472.07	70	2.63717
lcl|NW_015387056.1_cds_XP_015674263.1_11706	1898	1781.75	443	23.1557
lcl|NW_015387056.1_cds_XP_015674265.1_11707	594	551.161	26.3333	4.44968
lcl|NW_015387056.1_cds_XP_015674266.1_11708	594	551.161	26.3333	4.44968
lcl|NW_015387056.1_cds_XP_015674267.1_11709	594	551.161	26.3333	4.44968
lcl|NW_015387057.1_cds_XP_015674268.1_11710	318	254.491	216	79.0465
lcl|NW_015387057.1_cds_XP_015674272.1_11711	4737	4473.16	20	0.416406
lcl|NW_015387057.1_cds_XP_015674273.1_11712	900	851.677	434	47.4587
lcl|NW_015387057.1_cds_XP_015674278.1_11713	1176	1137.95	0	0
lcl|NW_015387057.1_cds_XP_029140482.1_11714	3681	3620.43	5	0.128621
lcl|NW_015387057.1_cds_XP_015674270.1_11715	600	538.174	236.041	40.8476
lcl|NW_015387057.1_cds_XP_015674269.1_11716	600	537.099	307.959	53.3998
lcl|NW_015387057.1_cds_XP_015674275.1_11717	1518	1413.72	3	0.197633
lcl|NW_015387057.1_cds_XP_015674271.1_11718	756	689.754	3282	443.145
lcl|NW_015387057.1_cds_XP_015674276.1_11719	987	924.213	3	0.302309
lcl|NW_015387057.1_cds_XP_015674279.1_11720	1095	1030.01	1	0.0904193
lcl|NW_015387057.1_cds_XP_029140483.1_11721	951	873.602	2	0.213215
lcl|NW_015387057.1_cds_XP_015674280.1_11722	1047	1041.43	10	0.894277
lcl|NW_015387058.1_cds_XP_015674281.1_11723	2706	2714.23	44	1.50976
lcl|NW_015387058.1_cds_XP_015674282.1_11724	1770	1760.77	53	2.80333
lcl|NW_015387058.1_cds_XP_015674291.1_11725	999	960.949	0	0
lcl|NW_015387058.1_cds_XP_029140484.1_11726	3144	3184.6	17	0.497159
lcl|NW_015387058.1_cds_XP_029140485.1_11727	1290	1287.29	44	3.18329
lcl|NW_015387058.1_cds_XP_015674284.1_11728	663	654.087	6.5	0.925505
lcl|NW_015387058.1_cds_XP_015674285.1_11729	663	654.087	6.5	0.925505
lcl|NW_015387058.1_cds_XP_029140486.1_11730	2022	2036.83	21	0.960208
lcl|NW_015387058.1_cds_XP_015674288.1_11731	744	683.575	1052.94	143.456
lcl|NW_015387058.1_cds_XP_015674290.1_11732	579	527.641	21.0609	3.7174
lcl|NW_015387059.1_cds_XP_015674292.1_11733	771	737.804	104.403	13.1787
lcl|NW_015387059.1_cds_XP_015674293.1_11734	768	734.701	40.5972	5.14621
lcl|NW_015387059.1_cds_XP_015674295.1_11735	2430	2401.42	15	0.581733
lcl|NW_015387059.1_cds_XP_015674294.1_11736	948	900.924	7	0.723621
lcl|NW_015387061.1_cds_XP_015674296.1_11737	2775	2690.12	449	15.5445
lcl|NW_015387062.1_cds_XP_029140489.1_11738	5886	5847.95	0	0
lcl|NW_015387062.1_cds_XP_029140488.1_11739	3507	3427.01	335	9.10396
lcl|NW_015387063.1_cds_XP_015674302.2_11740	1740	1706.65	172	9.38609
lcl|NW_015387064.1_cds_XP_015674303.1_11741	2316	2187.83	45	1.91558
lcl|NW_015387064.1_cds_XP_015674307.1_11742	840	809.198	31	3.56787
lcl|NW_015387064.1_cds_XP_015674304.1_11743	2319	2333.54	1610	64.2557
lcl|NW_015387064.1_cds_XP_015674305.1_11744	486	411.04	47	10.6492
lcl|NW_015387064.1_cds_XP_015674306.1_11745	405	353.348	535	141.011
lcl|NW_015387065.1_cds_XP_015674308.1_11746	4290	4074.5	23.7652	0.543212
lcl|NW_015387065.1_cds_XP_015674311.1_11747	1422	1365.22	14	0.955051
lcl|NW_015387065.1_cds_XP_029140490.1_11748	2457	2425.77	20	0.767859
lcl|NW_015387066.1_cds_XP_015674312.2_11749	1431	1360.86	3	0.205309
lcl|NW_015387068.1_cds_XP_015674313.1_11750	442	383.555	5	1.21407
lcl|NW_015387069.1_cds_XP_015674328.1_11751	3318	3427.54	6.13501	0.1667
lcl|NW_015387069.1_cds_XP_015674314.1_11752	1872	1856.12	184	9.23236
lcl|NW_015387069.1_cds_XP_015674315.1_11753	2118	2136.01	58.3954	2.54611
lcl|NW_015387069.1_cds_XP_015674316.1_11754	2022	2037.13	300.605	13.7429
lcl|NW_015387069.1_cds_XP_015674321.1_11755	849	794.287	16.5241	1.9375
lcl|NW_015387069.1_cds_XP_015674317.1_11756	687	624.166	15.6871	2.34069
lcl|NW_015387069.1_cds_XP_015674318.1_11757	684	621.691	19.7888	2.96446
lcl|NW_015387069.1_cds_XP_015674322.1_11758	717	680.167	93	12.7341
lcl|NW_015387069.1_cds_XP_015674323.1_11759	717	680.167	93	12.7341
lcl|NW_015387069.1_cds_XP_015674324.1_11760	444	436.967	60.8508	12.9694
lcl|NW_015387069.1_cds_XP_015674325.1_11761	333	314.891	18.0746	5.34577
lcl|NW_015387069.1_cds_XP_015674326.1_11762	333	314.891	18.0746	5.34577
lcl|NW_015387069.1_cds_XP_015674327.1_11763	327	277.232	133	44.6796
lcl|NW_015387070.1_cds_XP_015674334.2_11764	4074	4009.99	20.0094	0.464721
lcl|NW_015387070.1_cds_XP_015674335.1_11765	105469	107413	21010.4	18.2172
lcl|NW_015387070.1_cds_XP_015674336.1_11766	906	888.323	18	1.88714
lcl|NW_015387070.1_cds_XP_015674329.1_11767	666	623.632	198	29.5691
lcl|NW_015387070.1_cds_XP_015674337.2_11768	1074	1020.79	0	0
lcl|NW_015387070.1_cds_XP_029140493.1_11769	969	938.054	8	0.794262
lcl|NW_015387070.1_cds_XP_015674331.1_11770	993	936.034	310	30.844
lcl|NW_015387070.1_cds_XP_015674333.1_11771	2874	2891.42	227	7.31165
lcl|NW_015387071.1_cds_XP_015674345.1_11772	3270	3231.95	0	0
lcl|NW_015387071.1_cds_XP_029140496.1_11773	1890	1668.18	45	2.51229
lcl|NW_015387071.1_cds_XP_015674347.1_11774	4245	3819.49	4	0.0975339
lcl|NW_015387071.1_cds_XP_015674351.1_11775	810	683.862	36	4.9027
lcl|NW_015387071.1_cds_XP_015674352.1_11776	1353	1200.6	8	0.620574
lcl|NW_015387071.1_cds_XP_015674353.1_11777	1725	1549.87	6	0.360542
lcl|NW_015387071.1_cds_XP_029140498.1_11778	1794	1755.95	0	0
lcl|NW_015387071.1_cds_XP_015674338.2_11779	426	326.333	33.6667	9.60817
lcl|NW_015387071.1_cds_XP_029140494.1_11780	426	326.333	33.6667	9.60817
lcl|NW_015387071.1_cds_XP_029140495.1_11781	426	326.333	33.6667	9.60817
lcl|NW_015387071.1_cds_XP_015674339.1_11782	1155	1022.81	17	1.54794
lcl|NW_015387071.1_cds_XP_015674355.1_11783	2247	2208.95	0	0
lcl|NW_015387071.1_cds_XP_015674348.1_11784	585	546.949	0	0
lcl|NW_015387071.1_cds_XP_015674356.1_11785	666	532.994	1	0.174735
lcl|NW_015387071.1_cds_XP_015674349.1_11786	2151	1860.42	40	2.0024
lcl|NW_015387071.1_cds_XP_015674350.1_11787	567	450.407	16	3.30838
lcl|NW_015387071.1_cds_XP_015674340.1_11788	576	540.165	285.16	49.1659
lcl|NW_015387071.1_cds_XP_015674341.1_11789	576	540.165	285.16	49.1659
lcl|NW_015387071.1_cds_XP_015674342.1_11790	576	545.689	54.6795	9.33213
lcl|NW_015387071.1_cds_XP_015674344.1_11791	891	754.132	18	2.22293
lcl|NW_015387072.1_cds_XP_015674357.1_11792	1017	984.347	4166	394.16
lcl|NW_015387072.1_cds_XP_015674358.1_11793	999	992.878	108	10.1305
lcl|NW_015387072.1_cds_XP_015674359.1_11794	1017	973.683	160	15.304
lcl|NW_015387072.1_cds_XP_015674360.1_11795	2046	1988.42	362.441	16.9758
lcl|NW_015387072.1_cds_XP_015674362.1_11796	2046	1988.42	362.441	16.9758
lcl|NW_015387072.1_cds_XP_015674361.1_11797	1899	1842.7	69.1184	3.49334
lcl|NW_015387072.1_cds_XP_015674367.1_11798	1050	995.336	113	10.5733
lcl|NW_015387072.1_cds_XP_015674363.1_11799	1458	1402.85	232.085	15.4077
lcl|NW_015387072.1_cds_XP_015674364.1_11800	1017	966.505	132.915	12.8077
lcl|NW_015387072.1_cds_XP_029140500.1_11801	1311	1263.88	5	0.368439
lcl|NW_015387073.1_cds_XP_029140501.1_11802	5952	5954.71	12.911	0.201929
lcl|NW_015387075.1_cds_XP_015674369.1_11803	3360	3395.19	624.96	17.1431
lcl|NW_015387075.1_cds_XP_015674370.1_11804	1557	1586.12	115.04	6.75483
lcl|NW_015387075.1_cds_XP_015674371.1_11805	1725	1704.46	61	3.33307
lcl|NW_015387075.1_cds_XP_015674372.1_11806	2388	2443.54	181	6.89859
lcl|NW_015387076.1_cds_XP_015674373.1_11807	1347	1386.18	16	1.07498
lcl|NW_015387077.1_cds_XP_015674376.1_11808	552	512.25	59	10.7268
lcl|NW_015387077.1_cds_XP_029140502.1_11809	1437	1398.95	0	0
lcl|NW_015387077.1_cds_XP_015674374.1_11810	12453	12485.1	14	0.104433
lcl|NW_015387077.1_cds_XP_015674375.1_11811	1338	1389.31	37	2.4803
lcl|NW_015387077.1_cds_XP_015674379.1_11812	618	590.153	8	1.26249
lcl|NW_015387077.1_cds_XP_029140503.1_11813	660	621.949	0	0
lcl|NW_015387077.1_cds_XP_015674381.1_11814	312	271.478	1	0.343058
lcl|NW_015387078.1_cds_XP_015674382.1_11815	582	556.853	0	0
lcl|NW_015387078.1_cds_XP_015674383.1_11816	549	532.258	6	1.04986
lcl|NW_015387078.1_cds_XP_029140504.1_11817	2514	2496.69	53.1585	1.98294
lcl|NW_015387078.1_cds_XP_015674390.1_11818	618	572.49	1	0.16268
lcl|NW_015387078.1_cds_XP_029140505.1_11819	3975	3956.49	38	0.894488
lcl|NW_015387078.1_cds_XP_029140506.1_11820	1611	1508.75	25	1.5432
lcl|NW_015387078.1_cds_XP_015674386.1_11821	1152	1159.72	216	17.3461
lcl|NW_015387078.1_cds_XP_029140507.1_11822	4848	4799.51	1	0.0194046
lcl|NW_015387078.1_cds_XP_015674387.1_11823	504	441.917	16	3.37195
lcl|NW_015387079.1_cds_XP_029140508.1_11824	2586	2547.95	0	0
lcl|NW_015387079.1_cds_XP_015674392.1_11825	786	794.841	45.8644	5.37399
lcl|NW_015387079.1_cds_XP_015674393.1_11826	771	779.867	42.1356	5.03188
lcl|NW_015387079.1_cds_XP_015674394.1_11827	1445	1397.48	107	7.13084
lcl|NW_015387079.1_cds_XP_015674395.1_11828	2520	2502.64	19	0.707059
lcl|NW_015387079.1_cds_XP_015674397.1_11829	1974	1950.16	2	0.0955129
lcl|NW_015387080.1_cds_XP_029140509.1_11830	1002	963.949	0	0
lcl|NW_015387080.1_cds_XP_015674398.1_11831	498	459.949	0	0
lcl|NW_015387081.1_cds_XP_015674400.1_11832	772	733.949	0	0
lcl|NW_015387083.1_cds_XP_015674409.1_11833	3312	3385.75	11	0.302579
lcl|NW_015387083.1_cds_XP_015674402.1_11834	1374	1356.15	28	1.92287
lcl|NW_015387083.1_cds_XP_015674403.1_11835	1467	1479.75	105	6.60848
lcl|NW_015387083.1_cds_XP_015674404.1_11836	2181	2174.66	481	20.5994
lcl|NW_015387083.1_cds_XP_015674405.1_11837	795	767.114	1910	231.886
lcl|NW_015387083.1_cds_XP_015674406.1_11838	1785	1770.86	50	2.62959
lcl|NW_015387083.1_cds_XP_029140510.1_11839	1785	1770.86	50	2.62959
lcl|NW_015387083.1_cds_XP_015674410.1_11840	3459	3420.95	0	0
lcl|NW_015387083.1_cds_XP_015674408.1_11841	690	638.09	733	106.985
lcl|NW_015387084.1_cds_XP_015674416.1_11842	960	921.949	0	0
lcl|NW_015387084.1_cds_XP_015674417.1_11843	978	939.949	0	0
lcl|NW_015387084.1_cds_XP_015674412.1_11844	1191	1197.5	306.03	23.8007
lcl|NW_015387084.1_cds_XP_015674411.1_11845	1302	1312.88	84.9699	6.02755
lcl|NW_015387084.1_cds_XP_015674413.1_11846	882	851.201	71	7.76833
lcl|NW_015387084.1_cds_XP_015674414.1_11847	702	690.236	51.5	6.94882
lcl|NW_015387084.1_cds_XP_015674415.1_11848	702	690.236	51.5	6.94882
lcl|NW_015387085.1_cds_XP_029140512.1_11849	981	942.949	0	0
lcl|NW_015387085.1_cds_XP_029140513.1_11850	2433	2420.48	2	0.0769539
lcl|NW_015387085.1_cds_XP_029140514.1_11851	2511	2472.95	0	0
lcl|NW_015387085.1_cds_XP_015674421.1_11852	2502	2543.03	1	0.0366227
lcl|NW_015387085.1_cds_XP_029140515.1_11853	3153	3114.95	0	0
lcl|NW_015387085.1_cds_XP_029140516.1_11854	2088	2049.95	0	0
lcl|NW_015387085.1_cds_XP_029140517.1_11855	2502	2463.95	0	0
lcl|NW_015387085.1_cds_XP_015674425.1_11856	2622	2611.41	13	0.463627
lcl|NW_015387085.1_cds_XP_015674426.1_11857	2565	2526.95	0	0
lcl|NW_015387085.1_cds_XP_015674430.2_11858	939	945.501	2	0.197001
lcl|NW_015387085.1_cds_XP_015674419.1_11859	996	990.407	37	3.47928
lcl|NW_015387085.1_cds_XP_015674427.1_11860	1128	1089.95	0	0
lcl|NW_015387085.1_cds_XP_015674428.1_11861	837	798.949	0	0
lcl|NW_015387086.1_cds_XP_015674436.1_11862	4179	4212.71	18	0.397935
lcl|NW_015387086.1_cds_XP_015674432.1_11863	1944	1897.34	0.000257595	1.26443e-05
lcl|NW_015387086.1_cds_XP_015674431.1_11864	1977	1921.31	40.9997	1.9874
lcl|NW_015387086.1_cds_XP_015674437.2_11865	3168	3151.19	34	1.00486
lcl|NW_015387086.1_cds_XP_015674433.1_11866	1842	1798.15	104	5.38651
lcl|NW_015387086.1_cds_XP_015674439.2_11867	1260	1139.99	25	2.04239
lcl|NW_015387086.1_cds_XP_015674435.1_11868	1377	1283.64	43	3.1198
lcl|NW_015387086.1_cds_XP_015674440.1_11869	585	512.09	2.10818	0.383409
lcl|NW_015387087.1_cds_XP_015674441.1_11870	825	766.654	3323	403.675
lcl|NW_015387087.1_cds_XP_015674445.1_11871	1983	1944.95	0	0
lcl|NW_015387087.1_cds_XP_015674446.1_11872	1248	1209.95	0	0
lcl|NW_015387087.1_cds_XP_015674442.1_11873	2304	2238.65	194	8.07082
lcl|NW_015387087.1_cds_XP_015674450.1_11874	759	664.592	3	0.420405
lcl|NW_015387087.1_cds_XP_029140518.1_11875	1536	1497.95	0	0
lcl|NW_015387087.1_cds_XP_015674452.1_11876	465	383.738	7	1.69889
lcl|NW_015387087.1_cds_XP_015674443.1_11877	1416	1333.37	356.694	24.9142
lcl|NW_015387087.1_cds_XP_015674453.1_11878	876	791.588	2	0.235306
lcl|NW_015387087.1_cds_XP_015674447.1_11879	1164	1091.57	1403	119.703
lcl|NW_015387087.1_cds_XP_015674454.2_11880	1959	1920.95	0	0
lcl|NW_015387087.1_cds_XP_015674444.1_11881	1500	1455.08	231	14.7851
lcl|NW_015387087.1_cds_XP_015674448.1_11882	573	518.496	27	4.84975
lcl|NW_015387089.1_cds_XP_029140519.1_11883	1419	1321.04	11	0.775493
lcl|NW_015387091.1_cds_XP_015674462.1_11884	1458	1419.95	0	0
lcl|NW_015387091.1_cds_XP_015674456.1_11885	2172	2117.28	30.5	1.3416
lcl|NW_015387091.1_cds_XP_015674458.1_11886	2172	2117.28	30.5	1.3416
lcl|NW_015387091.1_cds_XP_015674459.1_11887	2355	2305.99	172	6.94661
lcl|NW_015387091.1_cds_XP_015674463.1_11888	1320	1307.99	20	1.42406
lcl|NW_015387091.1_cds_XP_015674461.1_11889	2532	2635.13	333	11.7691
lcl|NW_015387091.1_cds_XP_015674460.1_11890	3987	3950.79	341	8.03844
lcl|NW_015387092.1_cds_XP_015674464.1_11891	1953	1961.88	4	0.189884
lcl|NW_015387092.1_cds_XP_029140520.1_11892	2937	3045.46	1	0.0305808
lcl|NW_015387092.1_cds_XP_015674466.1_11893	867	848.769	37	4.05988
lcl|NW_015387093.1_cds_XP_015674468.1_11894	948	893.545	69	7.19174
lcl|NW_015387093.1_cds_XP_015674469.1_11895	3264	3280.1	385	10.9314
lcl|NW_015387093.1_cds_XP_015674478.1_11896	498	455.726	7	1.43053
lcl|NW_015387093.1_cds_XP_015674479.1_11897	879	845.426	15	1.65241
lcl|NW_015387093.1_cds_XP_015674472.1_11898	795	756.224	0.00300892	0.000370562
lcl|NW_015387093.1_cds_XP_015674471.1_11899	816	778.451	0	0
lcl|NW_015387093.1_cds_XP_015674473.1_11900	789	748.271	38.4985	4.79167
lcl|NW_015387093.1_cds_XP_015674474.1_11901	789	748.271	38.4985	4.79167
lcl|NW_015387093.1_cds_XP_029140521.1_11902	978	964.294	4	0.386324
lcl|NW_015387093.1_cds_XP_015674475.1_11903	687	652.235	842	120.229
lcl|NW_015387093.1_cds_XP_015674477.1_11904	1983	1944.95	0	0
lcl|NW_015387094.1_cds_XP_015674480.1_11905	1026	989.354	79	7.43664
lcl|NW_015387094.1_cds_XP_015674481.1_11906	1746	1744.24	55	2.93669
lcl|NW_015387094.1_cds_XP_015674482.1_11907	1344	1307.26	33	2.351
lcl|NW_015387096.1_cds_XP_015674483.1_11908	1131	1104.66	609	51.3441
lcl|NW_015387096.1_cds_XP_015674484.1_11909	879	827.086	144	16.2149
lcl|NW_015387096.1_cds_XP_029140522.1_11910	5043	5156.34	12	0.216741
lcl|NW_015387096.1_cds_XP_029140523.1_11911	2124	1924.75	123	5.95157
lcl|NW_015387096.1_cds_XP_015674488.1_11912	1263	1276.96	1	0.0729327
lcl|NW_015387097.1_cds_XP_029140524.1_11913	3252	3243.73	146	4.19189
lcl|NW_015387097.1_cds_XP_015674490.1_11914	1560	1522.74	39.9997	2.44643
lcl|NW_015387097.1_cds_XP_015674491.1_11915	1347	1307.07	0.000289401	2.06207e-05
lcl|NW_015387097.1_cds_XP_015674492.1_11916	207	168.949	0	0
lcl|NW_015387099.1_cds_XP_015674493.1_11917	852	761.172	183	22.3908
lcl|NW_015387099.1_cds_XP_015674494.1_11918	1716	1773.27	36	1.89072
lcl|NW_015387099.1_cds_XP_015674497.1_11919	4506	4329.99	310	6.66771
lcl|NW_015387099.1_cds_XP_015674495.1_11920	2019	2014.13	1868	86.3757
lcl|NW_015387099.1_cds_XP_015674496.1_11921	669	589.697	227	35.8507
lcl|NW_015387099.1_cds_XP_015674499.1_11922	5961	5850.38	32	0.50941
lcl|NW_015387099.1_cds_XP_029140525.1_11923	1941	1902.95	0	0
lcl|NW_015387099.1_cds_XP_029140526.1_11924	1218	1136.75	4	0.327716
lcl|NW_015387100.1_cds_XP_015674500.1_11925	1086	1050.84	40.8465	3.6201
lcl|NW_015387101.1_cds_XP_015674501.1_11926	426	356.519	167	43.625
lcl|NW_015387102.1_cds_XP_015674506.1_11927	1809	1724.01	1	0.0540209
lcl|NW_015387102.1_cds_XP_015674502.1_11928	465	397.677	63	14.7541
lcl|NW_015387102.1_cds_XP_015674503.1_11929	1233	1241.3	44	3.30124
lcl|NW_015387102.1_cds_XP_015674504.1_11930	1191	1158.27	244.5	19.6594
lcl|NW_015387102.1_cds_XP_015674505.1_11931	1191	1158.27	244.5	19.6594
lcl|NW_015387104.1_cds_XP_029140528.1_11932	495	456.949	0	0
lcl|NW_015387104.1_cds_XP_015674507.1_11933	1272	1270.74	79	5.78993
lcl|NW_015387104.1_cds_XP_015674511.1_11934	1350	1312.55	19	1.34815
lcl|NW_015387104.1_cds_XP_015674510.1_11935	1752	1699.28	1	0.0548069
lcl|NW_015387104.1_cds_XP_015674512.1_11936	450	409.387	293	66.6554
lcl|NW_015387105.1_cds_XP_015674514.1_11937	14931	15097.4	3	0.0185063
lcl|NW_015387105.1_cds_XP_015674513.1_11938	3816	3789.86	76	1.86764
lcl|NW_015387105.1_cds_XP_015674515.1_11939	1839	1802.94	1	0.0516558
lcl|NW_015387106.1_cds_XP_015674516.1_11940	4341	4211.38	1	0.0221145
lcl|NW_015387106.1_cds_XP_029140529.1_11941	4686	4580.26	6	0.122001
lcl|NW_015387107.1_cds_XP_029140531.1_11942	414	375.949	0	0
lcl|NW_015387107.1_cds_XP_015674519.1_11943	1284	1259.06	178.671	13.2162
lcl|NW_015387107.1_cds_XP_015674520.1_11944	1284	1259.06	178.671	13.2162
lcl|NW_015387107.1_cds_XP_015674521.1_11945	1284	1259.06	178.671	13.2162
lcl|NW_015387107.1_cds_XP_029140532.1_11946	2013	1983.14	16	0.751395
lcl|NW_015387107.1_cds_XP_029140530.1_11947	4449	4539.54	7	0.143611
lcl|NW_015387108.1_cds_XP_015674526.1_11948	705	676.08	37	5.09688
lcl|NW_015387108.1_cds_XP_015674534.1_11949	447	408.949	0	0
lcl|NW_015387108.1_cds_XP_029140534.1_11950	2280	2241.95	0	0
lcl|NW_015387108.1_cds_XP_015674527.1_11951	867	770.966	167	20.1736
lcl|NW_015387108.1_cds_XP_029140533.1_11952	2025	1990.92	274	12.8173
lcl|NW_015387108.1_cds_XP_015674529.1_11953	1071	1011.85	62	5.70659
lcl|NW_015387108.1_cds_XP_015674530.1_11954	909	864.979	121	13.0281
lcl|NW_015387108.1_cds_XP_015674531.1_11955	720	700.157	1582	210.432
lcl|NW_015387108.1_cds_XP_015674532.1_11956	2094	2036.43	234	10.7016
lcl|NW_015387108.1_cds_XP_015674535.1_11957	2208	2176.11	8	0.342381
lcl|NW_015387109.1_cds_XP_015674544.2_11958	4764	4642.82	12	0.240714
lcl|NW_015387109.1_cds_XP_015674538.1_11959	525	467.276	3	0.597929
lcl|NW_015387109.1_cds_XP_015674537.1_11960	1605	1605.49	38	2.20433
lcl|NW_015387109.1_cds_XP_015674545.1_11961	1845	1765.21	248	13.0844
lcl|NW_015387109.1_cds_XP_029140537.1_11962	1188	1149.95	0	0
lcl|NW_015387109.1_cds_XP_029140536.1_11963	2469	2406.07	315	12.1928
lcl|NW_015387109.1_cds_XP_015674539.1_11964	894	857.473	14618	1587.7
lcl|NW_015387109.1_cds_XP_015674540.1_11965	1218	1185.54	27	2.12105
lcl|NW_015387109.1_cds_XP_015674541.1_11966	4599	4669.8	34	0.678081
lcl|NW_015387109.1_cds_XP_015674550.1_11967	1788	1797.21	6	0.310924
lcl|NW_015387109.1_cds_XP_015674542.1_11968	1623	1575.75	199	11.7616
lcl|NW_015387110.1_cds_XP_015674551.1_11969	1035	891.046	4	0.418082
lcl|NW_015387111.1_cds_XP_015674555.1_11970	706	667.949	0	0
lcl|NW_015387111.1_cds_XP_015674557.1_11971	804	765.949	0	0
lcl|NW_015387111.1_cds_XP_015674552.1_11972	5754	5880.81	275	4.35509
lcl|NW_015387111.1_cds_XP_015674554.1_11973	2580	2570.48	775	28.0795
lcl|NW_015387111.1_cds_XP_015674556.1_11974	2517	2503.76	28	1.04152
lcl|NW_015387112.1_cds_XP_029140538.1_11975	5166	5147.3	5	0.0904674
lcl|NW_015387112.1_cds_XP_015674560.1_11976	1452	1467.8	0.00166664	0.000105749
lcl|NW_015387112.1_cds_XP_029140539.1_11977	1449	1465.61	0.00681506	0.000433064
lcl|NW_015387112.1_cds_XP_015674561.1_11978	1446	1459.74	0.22833	0.0145676
lcl|NW_015387112.1_cds_XP_029140541.1_11979	1434	1455.92	3.75742	0.240356
lcl|NW_015387112.1_cds_XP_029140540.1_11980	1437	1466.86	0.00576564	0.000366068
lcl|NW_015387113.1_cds_XP_015674569.1_11981	3549	3457.88	457.412	12.3197
lcl|NW_015387113.1_cds_XP_015674562.1_11982	903	879.596	659	69.7756
lcl|NW_015387113.1_cds_XP_015674563.1_11983	1515	1458.66	6592	420.887
lcl|NW_015387113.1_cds_XP_015674565.1_11984	642	612.355	165	25.0947
lcl|NW_015387113.1_cds_XP_015674564.1_11985	1353	1316.69	497	35.1539
lcl|NW_015387113.1_cds_XP_015674566.1_11986	1719	1691.71	747	41.1241
lcl|NW_015387113.1_cds_XP_015674567.1_11987	741	735.534	1113	140.927
lcl|NW_015387113.1_cds_XP_015674568.1_11988	972	946.511	282	27.7476
lcl|NW_015387114.1_cds_XP_029140543.1_11989	3237	3090.66	3	0.0904007
lcl|NW_015387114.1_cds_XP_015674586.1_11990	564	525.949	0	0
lcl|NW_015387114.1_cds_XP_015674587.1_11991	2271	2082.81	2	0.0894297
lcl|NW_015387114.1_cds_XP_029140542.1_11992	618	579.949	0	0
lcl|NW_015387114.1_cds_XP_015674588.1_11993	591	540.251	4	0.68955
lcl|NW_015387114.1_cds_XP_015674574.1_11994	3171	3132.95	0	0
lcl|NW_015387114.1_cds_XP_015674590.1_11995	2730	2530.09	1	0.0368099
lcl|NW_015387114.1_cds_XP_015674570.1_11996	1464	1441.27	45	2.90783
lcl|NW_015387114.1_cds_XP_015674591.1_11997	951	957.472	2	0.194538
lcl|NW_015387114.1_cds_XP_015674572.2_11998	933	894.949	0	0
lcl|NW_015387114.1_cds_XP_015674575.1_11999	978	939.949	0	0
lcl|NW_015387114.1_cds_XP_015674576.1_12000	945	906.949	0	0
lcl|NW_015387114.1_cds_XP_015674578.1_12001	948	940.708	0.38299	0.037917
lcl|NW_015387114.1_cds_XP_015674579.1_12002	948	939.131	1.61701	0.160357
lcl|NW_015387114.1_cds_XP_015674580.1_12003	945	906.949	0	0
lcl|NW_015387114.1_cds_XP_015674581.1_12004	951	912.949	0	0
lcl|NW_015387114.1_cds_XP_015674583.2_12005	990	951.949	0	0
lcl|NW_015387114.1_cds_XP_015674592.1_12006	942	935.074	1	0.0995991
lcl|NW_015387114.1_cds_XP_015674585.1_12007	990	951.949	0	0
lcl|NW_015387114.1_cds_XP_015674594.1_12008	927	888.949	0	0
lcl|NW_015387115.1_cds_XP_015674596.1_12009	1623	1661.32	24.4548	1.37092
lcl|NW_015387115.1_cds_XP_015674597.1_12010	1620	1657.58	12.5452	0.704865
lcl|NW_015387115.1_cds_XP_029140544.1_12011	1116	1110.77	1	0.0838448
lcl|NW_015387115.1_cds_XP_015674601.1_12012	543	541.298	0	0
lcl|NW_015387115.1_cds_XP_015674598.1_12013	864	864.845	281	30.26
lcl|NW_015387115.1_cds_XP_015674599.1_12014	1122	1068.38	22012	1918.82
lcl|NW_015387115.1_cds_XP_015674600.1_12015	4377	4472.57	205	4.26873
lcl|NW_015387115.1_cds_XP_015674602.1_12016	1587	1548.95	0	0
lcl|NW_015387116.1_cds_XP_029140547.1_12017	1191	1176.9	36	2.8488
lcl|NW_015387116.1_cds_XP_029140548.1_12018	1569	1530.95	0	0
lcl|NW_015387116.1_cds_XP_015674605.1_12019	1194	1137.93	2121	173.591
lcl|NW_015387116.1_cds_XP_015674611.2_12020	1017	972.437	45	4.30975
lcl|NW_015387116.1_cds_XP_015674606.1_12021	2934	2951.14	22	0.694279
lcl|NW_015387116.1_cds_XP_029140546.1_12022	2049	2013.48	8	0.370036
lcl|NW_015387116.1_cds_XP_029140545.1_12023	2283	2266.87	3	0.123252
lcl|NW_015387116.1_cds_XP_015674609.1_12024	1842	1796.52	15	0.77761
lcl|NW_015387116.1_cds_XP_015674607.1_12025	1848	1775.87	220	11.5375
lcl|NW_015387116.1_cds_XP_015674612.1_12026	624	566.79	5	0.821578
lcl|NW_015387116.1_cds_XP_015674613.1_12027	2310	2369.17	1	0.0393101
lcl|NW_015387117.1_cds_XP_015674615.2_12028	6225	6263.85	72	1.07051
lcl|NW_015387118.1_cds_XP_015674616.1_12029	1923	1850.77	91	4.5792
lcl|NW_015387118.1_cds_XP_029140549.1_12030	1443	1359.92	0	0
lcl|NW_015387118.1_cds_XP_015674617.1_12031	2391	2394.83	283	11.0056
lcl|NW_015387118.1_cds_XP_015674618.1_12032	1209	1213.68	40	3.06944
lcl|NW_015387118.1_cds_XP_015674619.1_12033	1752	1739.22	40	2.14194
lcl|NW_015387118.1_cds_XP_015674620.1_12034	2280	2268.64	51	2.09366
lcl|NW_015387118.1_cds_XP_015674622.1_12035	1050	962.53	1544.55	149.447
lcl|NW_015387118.1_cds_XP_015674634.1_12036	2016	2043.74	5.01848	0.228691
lcl|NW_015387118.1_cds_XP_015674623.1_12037	5793	5791.22	285	4.58328
lcl|NW_015387118.1_cds_XP_029140550.1_12038	5460	5407.09	77.2902	1.33126
lcl|NW_015387118.1_cds_XP_029140551.1_12039	5442	5433.38	25.7098	0.440686
lcl|NW_015387118.1_cds_XP_015674624.1_12040	2601	2521.09	235	8.68122
lcl|NW_015387118.1_cds_XP_029140552.1_12041	2415	2376.95	0	0
lcl|NW_015387118.1_cds_XP_015674627.1_12042	540	527.298	109	19.2518
lcl|NW_015387118.1_cds_XP_015674628.1_12043	1752	1679.57	43	2.38436
lcl|NW_015387118.1_cds_XP_029140553.1_12044	2322	2275.06	72	2.94741
lcl|NW_015387119.1_cds_XP_015674638.1_12045	4353	4314.95	0	0
lcl|NW_015387119.1_cds_XP_015674635.1_12046	1692	1406.52	4	0.264859
lcl|NW_015387119.1_cds_XP_015674636.1_12047	2064	2067.22	41.5484	1.87184
lcl|NW_015387120.1_cds_XP_015674650.1_12048	1530	1471.75	9	0.569521
lcl|NW_015387120.1_cds_XP_015674639.1_12049	936	908.011	147.5	15.1287
lcl|NW_015387120.1_cds_XP_015674640.1_12050	936	908.011	147.5	15.1287
lcl|NW_015387120.1_cds_XP_015674641.1_12051	1923	1765.13	238	12.5574
lcl|NW_015387120.1_cds_XP_015674642.1_12052	1134	906.471	6	0.616451
lcl|NW_015387120.1_cds_XP_015674643.1_12053	1368	1258.24	5	0.370091
lcl|NW_015387120.1_cds_XP_015674644.1_12054	1362	1361.07	4	0.273703
lcl|NW_015387120.1_cds_XP_015674651.1_12055	804	779.444	2	0.238972
lcl|NW_015387120.1_cds_XP_015674645.1_12056	513	474.809	3	0.588442
lcl|NW_015387120.1_cds_XP_015674652.2_12057	987	959.456	21.9097	2.12674
lcl|NW_015387120.1_cds_XP_015674646.1_12058	3348	3267.97	24	0.683965
lcl|NW_015387120.1_cds_XP_029140555.1_12059	858	765.134	5	0.608603
lcl|NW_015387120.1_cds_XP_029140556.1_12060	2154	2115.95	0	0
lcl|NW_015387120.1_cds_XP_029140554.1_12061	2985	2946.95	0	0
lcl|NW_015387121.1_cds_XP_029140557.1_12062	3467	3477.71	12	0.321358
lcl|NW_015387121.1_cds_XP_015674663.2_12063	5241	5289.4	213	3.75037
lcl|NW_015387121.1_cds_XP_015674655.1_12064	660	645.318	475.5	68.6243
lcl|NW_015387121.1_cds_XP_015674656.1_12065	660	645.318	475.5	68.6243
lcl|NW_015387121.1_cds_XP_015674654.1_12066	1227	1154.06	985	79.4893
lcl|NW_015387121.1_cds_XP_015674664.1_12067	1719	1782.69	3	0.156728
lcl|NW_015387121.1_cds_XP_015674657.1_12068	726	699.812	120	15.9699
lcl|NW_015387121.1_cds_XP_015674658.1_12069	1644	1516.35	62	3.80798
lcl|NW_015387121.1_cds_XP_015674660.1_12070	2235	2114.1	574	25.2865
lcl|NW_015387121.1_cds_XP_015674665.1_12071	1251	1220.84	51	3.89057
lcl|NW_015387123.1_cds_XP_015674666.1_12072	648	609.949	0	0
lcl|NW_015387124.1_cds_XP_015674667.1_12073	783	799.531	643	74.8992
lcl|NW_015387124.1_cds_XP_029140558.1_12074	4383	4351.78	59	1.26266
lcl|NW_015387127.1_cds_XP_015674679.1_12075	1275	1219.46	28	2.13842
lcl|NW_015387127.1_cds_XP_015674674.1_12076	4722	4708.86	10.3738	0.205175
lcl|NW_015387127.1_cds_XP_015674675.1_12077	354	306.532	19	5.7727
lcl|NW_015387127.1_cds_XP_015674676.1_12078	618	535.799	2	0.34764
lcl|NW_015387127.1_cds_XP_015674677.1_12079	1656	1617.95	0	0
lcl|NW_015387127.1_cds_XP_015674680.2_12080	858	745.786	0	0
lcl|NW_015387127.1_cds_XP_015674682.1_12081	789	677.558	2	0.274907
lcl|NW_015387127.1_cds_XP_015674683.1_12082	1728	1657.77	2.00246	0.112497
lcl|NW_015387127.1_cds_XP_015674684.1_12083	450	414.737	1	0.224558
lcl|NW_015387127.1_cds_XP_015674685.2_12084	3426	3201.24	1	0.0290927
lcl|NW_015387127.1_cds_XP_015674669.1_12085	1437	1356.15	29	1.99154
lcl|NW_015387127.1_cds_XP_015674671.1_12086	903	848.904	210.527	23.0967
lcl|NW_015387127.1_cds_XP_015674672.1_12087	885	835.714	543.473	60.5651
lcl|NW_015387127.1_cds_XP_029140559.1_12088	579	540.949	0	0
lcl|NW_015387127.1_cds_XP_015674673.1_12089	3366	3295.31	24	0.678292
lcl|NW_015387127.1_cds_XP_015674686.2_12090	1194	1155.95	0	0
lcl|NW_015387128.1_cds_XP_015674704.1_12091	1269	1220.63	15	1.14448
lcl|NW_015387128.1_cds_XP_015674688.1_12092	2508	2558.9	27.7787	1.01102
lcl|NW_015387128.1_cds_XP_015674687.1_12093	2244	2282.55	66.2213	2.70196
lcl|NW_015387128.1_cds_XP_015674690.1_12094	1398	1357.71	484	33.2
lcl|NW_015387128.1_cds_XP_015674708.1_12095	315	265.415	304	106.672
lcl|NW_015387128.1_cds_XP_015674709.1_12096	1287	1246.91	1	0.0746908
lcl|NW_015387128.1_cds_XP_015674692.1_12097	1134	1095.97	0	0
lcl|NW_015387128.1_cds_XP_015674691.1_12098	1329	1298.68	833	59.737
lcl|NW_015387128.1_cds_XP_015674693.1_12099	969	930.587	1.08765e-05	1.08852e-06
lcl|NW_015387128.1_cds_XP_015674694.1_12100	1647	1637.77	97	5.51596
lcl|NW_015387128.1_cds_XP_029140560.1_12101	1998	2041.44	35	1.59674
lcl|NW_015387128.1_cds_XP_015674696.1_12102	1082	1082.04	43	3.70105
lcl|NW_015387128.1_cds_XP_029140563.1_12103	4896	4917.38	1	0.0189395
lcl|NW_015387128.1_cds_XP_015674699.1_12104	207	152.425	21	12.8311
lcl|NW_015387128.1_cds_XP_015674698.1_12105	756	704.804	210	27.7493
lcl|NW_015387128.1_cds_XP_015674700.1_12106	5574	5616.26	1024	16.9807
lcl|NW_015387128.1_cds_XP_029140562.1_12107	3609	3423.49	3	0.0816118
lcl|NW_015387128.1_cds_XP_015674702.1_12108	1329	1284.48	45.9497	3.33164
lcl|NW_015387128.1_cds_XP_015674710.1_12109	990	955.703	9	0.877043
lcl|NW_015387128.1_cds_XP_015674703.1_12110	615	548.121	2159	366.841
lcl|NW_015387128.1_cds_XP_015674706.1_12111	390	351.949	0	0
lcl|NW_015387128.1_cds_XP_029140565.1_12112	10137	10560.3	8	0.0705533
lcl|NW_015387129.1_cds_XP_015674711.1_12113	2685	2724.8	228	7.79295
lcl|NW_015387129.1_cds_XP_015674712.2_12114	4191	4338.03	127	2.72654
lcl|NW_015387129.1_cds_XP_015674713.1_12115	1113	1079.72	145	12.5071
lcl|NW_015387129.1_cds_XP_015674714.2_12116	2600	2526.51	276.613	10.1966
lcl|NW_015387130.1_cds_XP_015674720.1_12117	687	648.949	0	0
lcl|NW_015387130.1_cds_XP_015674721.1_12118	654	615.949	0	0
lcl|NW_015387130.1_cds_XP_015674719.1_12119	693	654.949	0	0
lcl|NW_015387130.1_cds_XP_029140566.1_12120	2718	2554.24	205	7.4747
lcl|NW_015387130.1_cds_XP_015674716.1_12121	1512	1451.15	2623	168.34
lcl|NW_015387130.1_cds_XP_015674717.2_12122	4515	4410.78	546.234	11.5336
lcl|NW_015387131.1_cds_XP_015674725.1_12123	759	720.949	0	0
lcl|NW_015387131.1_cds_XP_029140567.1_12124	804	778.415	65	7.77685
lcl|NW_015387131.1_cds_XP_015674728.1_12125	966	927.914	36	3.61324
lcl|NW_015387131.1_cds_XP_015674722.1_12126	1263	1260.19	728	53.8017
lcl|NW_015387131.1_cds_XP_015674724.1_12127	2724	2783.16	9	0.301165
lcl|NW_015387132.1_cds_XP_015674729.1_12128	630	591.067	169	26.6288
lcl|NW_015387133.1_cds_XP_015674731.1_12129	432	386.264	22	5.30444
lcl|NW_015387133.1_cds_XP_015674730.1_12130	690	684.722	1828	248.635
lcl|NW_015387134.1_cds_XP_015674757.1_12131	1971	1886.35	3	0.148115
lcl|NW_015387134.1_cds_XP_015674744.1_12132	1293	1254.95	0	0
lcl|NW_015387134.1_cds_XP_015674732.1_12133	1212	1108.43	13	1.09229
lcl|NW_015387134.1_cds_XP_015674745.1_12134	3009	2845.28	13	0.425519
lcl|NW_015387134.1_cds_XP_015674733.1_12135	1119	992.525	97.5919	9.15743
lcl|NW_015387134.1_cds_XP_029140568.1_12136	669	616.831	10	1.50985
lcl|NW_015387134.1_cds_XP_015674746.1_12137	2405	2331.69	27	1.07844
lcl|NW_015387134.1_cds_XP_015674758.1_12138	648	560.322	31	5.15259
lcl|NW_015387134.1_cds_XP_029140572.1_12139	915	876.949	0	0
lcl|NW_015387134.1_cds_XP_015674759.1_12140	1506	1467.95	0	0
lcl|NW_015387134.1_cds_XP_015674760.1_12141	2376	2248.14	40	1.65706
lcl|NW_015387134.1_cds_XP_015674736.1_12142	1821	1782.95	0	0
lcl|NW_015387134.1_cds_XP_015674737.1_12143	765	736.246	1	0.126496
lcl|NW_015387134.1_cds_XP_015674748.1_12144	1065	902.489	30	3.09586
lcl|NW_015387134.1_cds_XP_015674762.1_12145	705	627.596	289	42.8863
lcl|NW_015387134.1_cds_XP_029140571.1_12146	996	957.949	0	0
lcl|NW_015387134.1_cds_XP_029140570.1_12147	1698	1621.16	2	0.114896
lcl|NW_015387134.1_cds_XP_029140569.1_12148	1752	1670.61	0	0
lcl|NW_015387134.1_cds_XP_029140573.1_12149	3111	3053.97	8	0.243964
lcl|NW_015387134.1_cds_XP_015674763.1_12150	1365	1289.35	4	0.288929
lcl|NW_015387134.1_cds_XP_029140574.1_12151	948	909.949	0	0
lcl|NW_015387134.1_cds_XP_015674738.1_12152	885	862.572	41	4.4268
lcl|NW_015387134.1_cds_XP_029140575.1_12153	2160	2135.61	3	0.130828
lcl|NW_015387134.1_cds_XP_015674755.1_12154	1158	1119.95	0	0
lcl|NW_015387134.1_cds_XP_015674740.1_12155	264	200.86	370	171.557
lcl|NW_015387134.1_cds_XP_015674756.2_12156	858	786.329	33	3.90851
lcl|NW_015387134.1_cds_XP_015674741.1_12157	1434	1390.11	65	4.35477
lcl|NW_015387134.1_cds_XP_015674742.1_12158	3426	3184.31	51	1.49161
lcl|NW_015387134.1_cds_XP_015674743.1_12159	5115	4970.62	46	0.861884
lcl|NW_015387135.1_cds_XP_015674764.1_12160	345	301.739	26	8.02496
lcl|NW_015387135.1_cds_XP_015674765.1_12161	1551	1526.75	99.2846	6.05639
lcl|NW_015387135.1_cds_XP_029140576.1_12162	1948	1979.51	42.3012	1.9902
lcl|NW_015387136.1_cds_XP_029140577.1_12163	2469	2276.36	7	0.28639
lcl|NW_015387136.1_cds_XP_015674769.1_12164	1434	1316.01	16	1.1323
lcl|NW_015387136.1_cds_XP_015674767.1_12165	2064	1833.44	658	33.4241
lcl|NW_015387136.1_cds_XP_015674770.1_12166	1260	1221.95	0	0
lcl|NW_015387139.1_cds_XP_015674772.1_12167	8714	8799.74	5	0.0529177
lcl|NW_015387140.1_cds_XP_015674773.1_12168	1392	1362.54	121	8.27062
lcl|NW_015387141.1_cds_XP_015674774.1_12169	1137	1125.43	21	1.73781
lcl|NW_015387142.1_cds_XP_015674775.1_12170	623	563.434	432	71.4072
lcl|NW_015387142.1_cds_XP_015674777.2_12171	1248	1116.52	6	0.500479
lcl|NW_015387142.1_cds_XP_015674776.1_12172	1527	1488.95	0	0
lcl|NW_015387143.1_cds_XP_015674778.1_12173	1254	1266.92	146	10.7326
lcl|NW_015387144.1_cds_XP_029140578.1_12174	3078	3124.13	22	0.655835
lcl|NW_015387144.1_cds_XP_015674784.1_12175	2250	2277.03	4	0.163603
lcl|NW_015387144.1_cds_XP_015674780.1_12176	2091	2033.08	73	3.34403
lcl|NW_015387144.1_cds_XP_015674781.1_12177	480	455.077	113	23.1257
lcl|NW_015387144.1_cds_XP_015674783.1_12178	459	415.489	0	0
lcl|NW_015387145.1_cds_XP_015674785.1_12179	1509	1546.35	12	0.722728
lcl|NW_015387145.1_cds_XP_015674788.1_12180	1695	1656.95	0	0
lcl|NW_015387145.1_cds_XP_029140580.1_12181	2919	2918.5	96	3.06347
lcl|NW_015387145.1_cds_XP_015674787.1_12182	879	836.104	117	13.0325
lcl|NW_015387147.1_cds_XP_015674795.1_12183	2802	2660.79	0	0
lcl|NW_015387147.1_cds_XP_015674789.1_12184	921	845.074	66	7.27362
lcl|NW_015387147.1_cds_XP_029140582.1_12185	828	806.767	4	0.461757
lcl|NW_015387147.1_cds_XP_015674790.1_12186	1842	1803.95	0	0
lcl|NW_015387147.1_cds_XP_015674798.1_12187	2400	2361.95	0	0
lcl|NW_015387147.1_cds_XP_029140581.1_12188	2838	2799.95	0	0
lcl|NW_015387147.1_cds_XP_015674792.1_12189	1047	1028.91	198.896	18.0032
lcl|NW_015387147.1_cds_XP_015674793.1_12190	879	853.025	18.0519	1.97089
lcl|NW_015387147.1_cds_XP_015674794.1_12191	879	853.025	18.0519	1.97089
lcl|NW_015387147.1_cds_XP_015674800.1_12192	888	805.834	39.5563	4.57163
lcl|NW_015387148.1_cds_XP_015674801.1_12193	1179	1140.95	0	0
lcl|NW_015387149.1_cds_XP_015674815.1_12194	861	840.45	1	0.110813
lcl|NW_015387149.1_cds_XP_015674802.1_12195	1233	1199.82	230	17.853
lcl|NW_015387149.1_cds_XP_015674803.1_12196	2124	2165.9	669	28.7666
lcl|NW_015387149.1_cds_XP_015674804.1_12197	852	794.271	0	0
lcl|NW_015387149.1_cds_XP_015674805.1_12198	780	728.432	381	48.7122
lcl|NW_015387149.1_cds_XP_015674806.1_12199	1065	1037.32	47	4.21974
lcl|NW_015387149.1_cds_XP_015674812.1_12200	990	962.921	7	0.677031
lcl|NW_015387149.1_cds_XP_015674807.1_12201	1266	1254.04	4046	300.48
lcl|NW_015387149.1_cds_XP_015674809.1_12202	1200	1142.3	83	6.76704
lcl|NW_015387149.1_cds_XP_015674810.1_12203	1200	1142.3	83	6.76704
lcl|NW_015387149.1_cds_XP_015674813.2_12204	1233	1197.75	5	0.388781
lcl|NW_015387149.1_cds_XP_015674811.1_12205	1449	1438.92	102	6.60186
lcl|NW_015387149.1_cds_XP_029140583.1_12206	1278	1234.93	2	0.150831
lcl|NW_015387150.1_cds_XP_015674816.1_12207	3276	3349.02	167	4.64409
lcl|NW_015387150.1_cds_XP_015674817.1_12208	1992	1968.28	2511	118.812
lcl|NW_015387150.1_cds_XP_015674819.1_12209	3075	3101.77	228	6.84584
lcl|NW_015387150.1_cds_XP_015674820.1_12210	7662	7914.23	5	0.0588387
lcl|NW_015387151.1_cds_XP_029140584.1_12211	2442	2465.84	7	0.264384
lcl|NW_015387151.1_cds_XP_029140585.1_12212	11565	11699.8	3	0.0238806
lcl|NW_015387152.1_cds_XP_015674823.1_12213	1569	1515.84	73	4.48509
lcl|NW_015387153.1_cds_XP_015674824.1_12214	1038	1046.27	22	1.95831
lcl|NW_015387153.1_cds_XP_015674826.1_12215	426	383.737	2.81681	0.683637
lcl|NW_015387153.1_cds_XP_015674825.1_12216	1491	1471.48	43	2.72154
lcl|NW_015387154.1_cds_XP_015674827.1_12217	537	488.672	24	4.57399
lcl|NW_015387154.1_cds_XP_029140586.1_12218	945	946.064	107	10.5333
lcl|NW_015387155.1_cds_XP_029140587.1_12219	2535	2554.4	1	0.0364596
lcl|NW_015387155.1_cds_XP_015674830.1_12220	1236	1187.16	8.54369	0.670254
lcl|NW_015387155.1_cds_XP_015674831.1_12221	1092	1048.2	57.4563	5.10497
lcl|NW_015387155.1_cds_XP_015674832.1_12222	1338	1334.74	1.87739e-06	1.30996e-07
lcl|NW_015387155.1_cds_XP_015674833.1_12223	1314	1309.09	79	5.62028
lcl|NW_015387155.1_cds_XP_029140588.1_12224	2049	2010.95	0	0
lcl|NW_015387155.1_cds_XP_015674837.1_12225	1425	1393.47	5.32984	0.356218
lcl|NW_015387155.1_cds_XP_015674836.1_12226	1455	1422.81	47.6702	3.12034
lcl|NW_015387156.1_cds_XP_029140589.1_12227	1488	1479.63	20	1.25886
lcl|NW_015387157.1_cds_XP_015674842.1_12228	534	462.067	311	62.684
lcl|NW_015387157.1_cds_XP_015674839.1_12229	705	701.52	3218	427.216
lcl|NW_015387157.1_cds_XP_015674843.1_12230	1314	1295.05	135	9.70842
lcl|NW_015387158.1_cds_XP_029140591.1_12231	2523	2506.61	278	10.329
lcl|NW_015387158.1_cds_XP_015674846.1_12232	1485	1303.48	104	7.43073
lcl|NW_015387158.1_cds_XP_029140590.1_12233	3429	3379.66	68	1.87386
lcl|NW_015387159.1_cds_XP_015674848.1_12234	1518	1492.79	45	2.80748
lcl|NW_015387159.1_cds_XP_015674849.1_12235	480	427.693	3	0.653267
lcl|NW_015387159.1_cds_XP_015674847.1_12236	1110	1055.37	31	2.73562
lcl|NW_015387159.1_cds_XP_015674850.1_12237	6537	6413.49	576	8.3643
lcl|NW_015387159.1_cds_XP_015674851.1_12238	867	826.242	8	0.901746
lcl|NW_015387160.1_cds_XP_015674853.1_12239	2214	2173.56	635	27.2084
lcl|NW_015387160.1_cds_XP_015674854.2_12240	1743	1577.18	39	2.30295
lcl|NW_015387160.1_cds_XP_015674856.1_12241	1398	1381.79	751.603	50.6579
lcl|NW_015387160.1_cds_XP_015674857.1_12242	1263	1255.12	54.3973	4.03638
lcl|NW_015387160.1_cds_XP_015674855.2_12243	1836	1722.41	245	13.2474
lcl|NW_015387160.1_cds_XP_015674858.1_12244	1437	1432.63	105	6.82584
lcl|NW_015387160.1_cds_XP_015674859.1_12245	1287	1256.27	301.293	22.336
lcl|NW_015387160.1_cds_XP_015674865.1_12246	1620	1468.39	28	1.7759
lcl|NW_015387160.1_cds_XP_015674860.1_12247	1614	1559.01	821	49.0451
lcl|NW_015387160.1_cds_XP_015674861.1_12248	339	301.144	68	21.0298
lcl|NW_015387160.1_cds_XP_015674866.1_12249	1179	1140.95	0	0
lcl|NW_015387160.1_cds_XP_015674863.1_12250	2037	2106.72	402	17.7713
lcl|NW_015387160.1_cds_XP_015674864.1_12251	1806	1865.93	152	7.58666
lcl|NW_015387160.1_cds_XP_015674867.1_12252	2025	1966.72	2	0.0947082
lcl|NW_015387160.1_cds_XP_015674868.1_12253	714	675.949	0	0
lcl|NW_015387162.1_cds_XP_029140594.1_12254	2097	2043.88	4	0.182266
lcl|NW_015387162.1_cds_XP_029140595.1_12255	2382	2343.95	0	0
lcl|NW_015387162.1_cds_XP_029140596.1_12256	1398	1359.95	0	0
lcl|NW_015387162.1_cds_XP_029140593.1_12257	7188	7342.83	19.1277	0.242605
lcl|NW_015387162.1_cds_XP_029140592.1_12258	9420	10003.4	75.6168	0.704001
lcl|NW_015387162.1_cds_XP_015674874.1_12259	678	629.484	14	2.07131
lcl|NW_015387162.1_cds_XP_015674871.1_12260	1881	1903.49	9.87476	0.483145
lcl|NW_015387163.1_cds_XP_015674877.1_12261	4662	4655.13	48	0.960308
lcl|NW_015387163.1_cds_XP_015674878.1_12262	1857	1831.42	28	1.42387
lcl|NW_015387163.1_cds_XP_015674879.1_12263	3108	3119.24	11	0.328432
lcl|NW_015387163.1_cds_XP_015674880.1_12264	1143	1104.95	0	0
lcl|NW_015387165.1_cds_XP_015674885.1_12265	477	438.949	0	0
lcl|NW_015387165.1_cds_XP_015674886.1_12266	423	366.549	3	0.762239
lcl|NW_015387165.1_cds_XP_015674887.1_12267	615	574.605	217	35.1715
lcl|NW_015387165.1_cds_XP_015674881.1_12268	2613	2537.77	37	1.35785
lcl|NW_015387165.1_cds_XP_015674882.1_12269	1170	1099.69	325	27.5241
lcl|NW_015387165.1_cds_XP_015674883.1_12270	885	855.137	9	0.980185
lcl|NW_015387166.1_cds_XP_029140598.1_12271	828	789.949	0	0
lcl|NW_015387167.1_cds_XP_015674888.1_12272	246	185.592	0	0
lcl|NW_015387167.1_cds_XP_015674889.1_12273	213	174.949	0	0
lcl|NW_015387167.1_cds_XP_015674891.1_12274	957	835.184	291.937	32.5542
lcl|NW_015387167.1_cds_XP_015674890.1_12275	1101	968.786	396.709	38.1369
lcl|NW_015387167.1_cds_XP_015674896.1_12276	969	838.113	138	15.3348
lcl|NW_015387167.1_cds_XP_015674897.1_12277	984	941.413	2	0.197857
lcl|NW_015387167.1_cds_XP_015674899.1_12278	1905	1866.95	0	0
lcl|NW_015387167.1_cds_XP_015674898.1_12279	399	339.196	4	1.09828
lcl|NW_015387167.1_cds_XP_015674892.1_12280	228	174.08	14	7.48998
lcl|NW_015387167.1_cds_XP_015674893.1_12281	1353	1400.35	1619	107.674
lcl|NW_015387167.1_cds_XP_015674894.1_12282	1668	1620.93	71	4.07939
lcl|NW_015387168.1_cds_XP_029140599.1_12283	780	760.024	3	0.367617
lcl|NW_015387168.1_cds_XP_015674901.1_12284	390	338.228	7	1.92748
lcl|NW_015387168.1_cds_XP_015674902.1_12285	1497	1458.95	0	0
lcl|NW_015387168.1_cds_XP_029140600.1_12286	1503	1464.95	0	0
lcl|NW_015387169.1_cds_XP_015674904.1_12287	2487	2533.66	2400.64	88.2429
lcl|NW_015387169.1_cds_XP_015674903.1_12288	2544	2586.86	1195.36	43.0356
lcl|NW_015387169.1_cds_XP_015674905.1_12289	3408	3516.76	568	15.042
lcl|NW_015387169.1_cds_XP_015674907.1_12290	1644	1639.96	93	5.28142
lcl|NW_015387169.1_cds_XP_015674908.1_12291	4170	4384.37	28	0.594774
lcl|NW_015387170.1_cds_XP_015674913.1_12292	774	760.694	12	1.46917
lcl|NW_015387170.1_cds_XP_015674914.1_12293	714	678.81	13	1.7836
lcl|NW_015387170.1_cds_XP_015674909.1_12294	1530	1526.41	795	48.5061
lcl|NW_015387170.1_cds_XP_015674910.1_12295	945	972.453	99	9.4813
lcl|NW_015387170.1_cds_XP_015674911.1_12296	489	441.446	1148	242.195
lcl|NW_015387170.1_cds_XP_015674915.1_12297	1146	1107.95	0	0
lcl|NW_015387170.1_cds_XP_015674916.1_12298	711	672.949	0	0
lcl|NW_015387170.1_cds_XP_015674920.1_12299	771	736.548	3	0.379334
lcl|NW_015387170.1_cds_XP_015674912.1_12300	2439	2424.8	220	8.44982
lcl|NW_015387170.1_cds_XP_015674918.1_12301	2568	2582.45	58.6353	2.1146
lcl|NW_015387172.1_cds_XP_015674922.1_12302	891	852.949	0	0
lcl|NW_015387172.1_cds_XP_015674921.1_12303	888	849.949	0	0
lcl|NW_015387172.1_cds_XP_015674923.1_12304	3747	3791.49	634	15.5733
lcl|NW_015387172.1_cds_XP_015674927.1_12305	978	913.909	25.9	2.63936
lcl|NW_015387172.1_cds_XP_029140601.1_12306	978	913.909	25.9	2.63936
lcl|NW_015387172.1_cds_XP_015674928.1_12307	975	905.095	53.1999	5.47417
lcl|NW_015387172.1_cds_XP_015674925.1_12308	1086	1060.63	9565.8	839.957
lcl|NW_015387172.1_cds_XP_015674926.1_12309	1086	1063.53	424.532	37.1761
lcl|NW_015387172.1_cds_XP_015674924.1_12310	1089	1066.19	102.669	8.96823
lcl|NW_015387172.1_cds_XP_015674930.1_12311	1176	1166.79	242	19.3164
lcl|NW_015387173.1_cds_XP_015674931.1_12312	1149	1068.9	333	29.0141
lcl|NW_015387173.1_cds_XP_015674932.2_12313	1539	1470.37	90	5.70056
lcl|NW_015387175.1_cds_XP_015674933.1_12314	1296	1235.23	16	1.20635
lcl|NW_015387176.1_cds_XP_015674935.1_12315	348	309.949	0	0
lcl|NW_015387176.1_cds_XP_015674936.1_12316	1917	1878.95	0	0
lcl|NW_015387176.1_cds_XP_029140602.1_12317	1215	1182.54	35	2.75646
lcl|NW_015387177.1_cds_XP_015674939.1_12318	906	917.789	109	11.0608
lcl|NW_015387177.1_cds_XP_029140603.1_12319	3702	3774.38	2199	54.2601
lcl|NW_015387177.1_cds_XP_015674938.1_12320	786	747.949	0	0
lcl|NW_015387178.1_cds_XP_015674941.1_12321	1650	1683.27	37	2.04714
lcl|NW_015387178.1_cds_XP_015674942.1_12322	1542	1503.95	0	0
lcl|NW_015387179.1_cds_XP_015674943.1_12323	636	538.49	384	66.4132
lcl|NW_015387179.1_cds_XP_015674944.1_12324	3177	3097.38	432	12.9895
lcl|NW_015387179.1_cds_XP_029140604.1_12325	1386	1403.74	532	35.2961
lcl|NW_015387179.1_cds_XP_015674946.1_12326	1590	1632.18	156	8.90138
lcl|NW_015387179.1_cds_XP_015674947.1_12327	2865	2909.94	0.000238068	7.61935e-06
lcl|NW_015387179.1_cds_XP_015674948.1_12328	2937	2965.6	32.9998	1.03633
lcl|NW_015387179.1_cds_XP_015674949.1_12329	2511	2485.17	151	5.65876
lcl|NW_015387179.1_cds_XP_015674952.1_12330	945	913.214	1	0.101983
lcl|NW_015387181.1_cds_XP_015674953.1_12331	646	599.643	941	146.15
lcl|NW_015387181.1_cds_XP_029140606.1_12332	405	369.886	7	1.76251
lcl|NW_015387181.1_cds_XP_015674954.1_12333	1065	1054.74	306.769	27.0873
lcl|NW_015387181.1_cds_XP_015674955.1_12334	855	824.376	10.2308	1.15581
lcl|NW_015387181.1_cds_XP_015674956.1_12335	3942	3826.98	1308	31.8312
lcl|NW_015387181.1_cds_XP_015674960.1_12336	828	685.268	3	0.40772
lcl|NW_015387181.1_cds_XP_015674957.2_12337	873	858.86	9	0.975936
lcl|NW_015387181.1_cds_XP_015674961.1_12338	1053	1014.95	0	0
lcl|NW_015387181.1_cds_XP_015674962.2_12339	1032	993.949	0	0
lcl|NW_015387181.1_cds_XP_015674958.1_12340	717	632.2	188	27.6952
lcl|NW_015387182.1_cds_XP_029140607.1_12341	3444	3521.72	9	0.238006
lcl|NW_015387182.1_cds_XP_029140608.1_12342	4161	4191.84	2	0.0444352
lcl|NW_015387183.1_cds_XP_029140610.1_12343	738	618.548	1	0.150566
lcl|NW_015387183.1_cds_XP_015674966.1_12344	4095	4009.65	278	6.45713
lcl|NW_015387183.1_cds_XP_015674969.1_12345	4755	4533.23	161	3.30765
lcl|NW_015387183.1_cds_XP_015674967.1_12346	2703	2647.74	89	3.13051
lcl|NW_015387183.1_cds_XP_015674970.1_12347	1041	989.226	199	18.7352
lcl|NW_015387183.1_cds_XP_015674972.1_12348	1557	1469.6	37	2.34479
lcl|NW_015387183.1_cds_XP_029140611.1_12349	5625	5513.98	13.2221	0.223324
lcl|NW_015387185.1_cds_XP_015674977.1_12350	1062	1095.77	64.7082	5.49973
lcl|NW_015387185.1_cds_XP_015674975.1_12351	1098	1120.2	132.973	11.0553
lcl|NW_015387185.1_cds_XP_015674978.1_12352	1035	1049.19	1114.32	98.9134
lcl|NW_015387185.1_cds_XP_015674974.1_12353	1119	1141.36	0	0
lcl|NW_015387185.1_cds_XP_015674976.1_12354	1095	1118.93	2.1748e-07	1.81017e-08
lcl|NW_015387185.1_cds_XP_015674980.1_12355	2850	2772.37	2	0.0671862
lcl|NW_015387185.1_cds_XP_029140612.1_12356	1692	1695.49	45	2.47183
lcl|NW_015387186.1_cds_XP_015674982.1_12357	411	380.259	129	31.5945
lcl|NW_015387186.1_cds_XP_015674981.1_12358	972	924.099	5	0.50391
lcl|NW_015387188.1_cds_XP_015674984.1_12359	342	295.406	3	0.945809
lcl|NW_015387188.1_cds_XP_015674983.1_12360	3498	3508.43	96	2.54836
lcl|NW_015387188.1_cds_XP_015674986.1_12361	1419	1435.81	9	0.583776
lcl|NW_015387190.1_cds_XP_015675000.2_12362	1590	1551.95	0	0
lcl|NW_015387190.1_cds_XP_015674987.1_12363	1314	1247.34	99	7.39181
lcl|NW_015387190.1_cds_XP_029140620.1_12364	741	702.949	0	0
lcl|NW_015387190.1_cds_XP_015675014.2_12365	3420	3291.21	4	0.113189
lcl|NW_015387190.1_cds_XP_015675015.1_12366	2445	2312.99	33	1.32875
lcl|NW_015387190.1_cds_XP_015675002.1_12367	1890	1741.96	45	2.40589
lcl|NW_015387190.1_cds_XP_015675003.1_12368	1554	1469.84	3	0.190087
lcl|NW_015387190.1_cds_XP_015675017.1_12369	1497	1433.16	1	0.064984
lcl|NW_015387190.1_cds_XP_015674988.1_12370	1527	1449.32	344.504	22.1377
lcl|NW_015387190.1_cds_XP_015674989.1_12371	1281	1230.04	542.585	41.0818
lcl|NW_015387190.1_cds_XP_015674991.1_12372	1527	1435.03	1063.1	68.9943
lcl|NW_015387190.1_cds_XP_015674990.1_12373	1527	1447.74	4.73319	0.304484
lcl|NW_015387190.1_cds_XP_029140614.1_12374	6426	6384.89	108	1.57533
lcl|NW_015387190.1_cds_XP_029140615.1_12375	3309	3180.3	25	0.732106
lcl|NW_015387190.1_cds_XP_015674992.1_12376	1146	985.903	0.695339	0.0656847
lcl|NW_015387190.1_cds_XP_015674993.1_12377	1143	983.43	6.73278	0.637606
lcl|NW_015387190.1_cds_XP_015674995.1_12378	1092	937.098	0	0
lcl|NW_015387190.1_cds_XP_015674994.1_12379	1140	981.887	30.5719	2.89976
lcl|NW_015387190.1_cds_XP_015675018.1_12380	1533	1494.95	0	0
lcl|NW_015387190.1_cds_XP_029140621.1_12381	894	855.949	0	0
lcl|NW_015387190.1_cds_XP_029140622.1_12382	2487	2290.5	7	0.284623
lcl|NW_015387190.1_cds_XP_029140616.1_12383	906	860.814	5	0.540956
lcl|NW_015387190.1_cds_XP_029140617.1_12384	1587	1552.18	6	0.360006
lcl|NW_015387190.1_cds_XP_015675019.1_12385	600	566.423	1	0.164422
lcl|NW_015387190.1_cds_XP_015675010.1_12386	1266	1227.95	0	0
lcl|NW_015387190.1_cds_XP_015675020.1_12387	1257	1156.69	2	0.161033
lcl|NW_015387190.1_cds_XP_029140618.1_12388	2427	2352.36	1	0.0395911
lcl|NW_015387190.1_cds_XP_029140613.1_12389	1734	1682.17	708	39.1981
lcl|NW_015387190.1_cds_XP_029140623.1_12390	1239	1134.54	101	8.29093
lcl|NW_015387190.1_cds_XP_015675021.1_12391	549	490.436	5	0.949487
lcl|NW_015387190.1_cds_XP_015675022.1_12392	753	646.811	26	3.74367
lcl|NW_015387190.1_cds_XP_029140619.1_12393	1920	1819.7	23	1.17714
lcl|NW_015387190.1_cds_XP_015675023.1_12394	2391	2352.95	0	0
lcl|NW_015387190.1_cds_XP_015675024.1_12395	393	352.436	45.8712	12.1216
lcl|NW_015387190.1_cds_XP_015675025.1_12396	369	329.406	5.12878	1.45005
lcl|NW_015387190.1_cds_XP_015674997.1_12397	1296	1250.58	13	0.968132
lcl|NW_015387190.1_cds_XP_015675026.1_12398	471	369.618	1	0.251969
lcl|NW_015387190.1_cds_XP_015675027.1_12399	2781	2721.28	12	0.410685
lcl|NW_015387190.1_cds_XP_015675029.1_12400	6558	6055.89	30	0.461365
lcl|NW_015387191.1_cds_XP_015675030.1_12401	2301	2300.6	3	0.121446
lcl|NW_015387191.1_cds_XP_015675031.1_12402	1995	1985.63	0	0
lcl|NW_015387192.1_cds_XP_015675033.1_12403	1128	906.094	1	0.102785
lcl|NW_015387192.1_cds_XP_015675032.1_12404	3687	3673.62	31	0.785903
lcl|NW_015387193.1_cds_XP_029140624.1_12405	1116	1077.95	0	0
lcl|NW_015387193.1_cds_XP_015675034.1_12406	1551	1595.58	262	15.2927
lcl|NW_015387193.1_cds_XP_015675042.1_12407	1488	1498.31	3	0.186475
lcl|NW_015387193.1_cds_XP_015675043.1_12408	2058	2084.32	15	0.670238
lcl|NW_015387193.1_cds_XP_029140625.1_12409	1311	1235.18	25	1.885
lcl|NW_015387193.1_cds_XP_015675035.1_12410	1305	1266.95	0	0
lcl|NW_015387193.1_cds_XP_015675038.1_12411	1296	1257.95	0	0
lcl|NW_015387193.1_cds_XP_015675036.1_12412	1179	1140.95	0	0
lcl|NW_015387193.1_cds_XP_015675037.1_12413	1008	969.949	0	0
lcl|NW_015387194.1_cds_XP_015675044.1_12414	3939	3799.99	275	6.73987
lcl|NW_015387194.1_cds_XP_029140626.1_12415	945	909.259	611	62.5828
lcl|NW_015387194.1_cds_XP_015675046.1_12416	1590	1547.29	5	0.300954
lcl|NW_015387194.1_cds_XP_015675048.1_12417	1665	1622.1	17	0.97605
lcl|NW_015387195.1_cds_XP_015675049.1_12418	528	489.949	0	0
lcl|NW_015387196.1_cds_XP_015675050.1_12419	750	703.221	490.645	64.9796
lcl|NW_015387196.1_cds_XP_015675051.1_12420	762	725.79	273.355	35.0765
lcl|NW_015387198.1_cds_XP_029140627.1_12421	13266	13007.9	622.868	4.45954
lcl|NW_015387198.1_cds_XP_015675055.1_12422	1374	1249.35	14	1.04363
lcl|NW_015387198.1_cds_XP_015675056.1_12423	1533	1444.93	9	0.580093
lcl|NW_015387198.1_cds_XP_015675057.1_12424	573	518.598	10	1.79585
lcl|NW_015387198.1_cds_XP_015675054.1_12425	1479	1406.68	2	0.132414
lcl|NW_015387198.1_cds_XP_015675058.1_12426	1131	1092.95	0	0
lcl|NW_015387199.1_cds_XP_015675060.1_12427	1425	1386.95	0	0
lcl|NW_015387199.1_cds_XP_015675059.1_12428	1536	1497.95	0	0
lcl|NW_015387199.1_cds_XP_015675061.1_12429	1368	1329.95	0	0
lcl|NW_015387200.1_cds_XP_015675072.1_12430	1821	1773.49	2	0.105027
lcl|NW_015387200.1_cds_XP_015675062.1_12431	1446	1465.88	122	7.75109
lcl|NW_015387200.1_cds_XP_015675063.1_12432	651	618.794	24	3.61216
lcl|NW_015387200.1_cds_XP_015675066.1_12433	219	161.643	27	15.5564
lcl|NW_015387200.1_cds_XP_015675070.1_12434	3390	3415.18	20	0.545404
lcl|NW_015387200.1_cds_XP_015675067.1_12435	1794	1741.78	51	2.72695
lcl|NW_015387200.1_cds_XP_015675069.1_12436	2382	2390.44	792	30.8566
lcl|NW_015387200.1_cds_XP_015675071.1_12437	936	868.237	21.3323	2.28824
lcl|NW_015387201.1_cds_XP_015675074.1_12438	1206	1085.04	254	21.8017
lcl|NW_015387201.1_cds_XP_029140628.1_12439	2331	2146.28	65	2.82051
lcl|NW_015387201.1_cds_XP_015675076.1_12440	1260	1139.07	11	0.899381
lcl|NW_015387201.1_cds_XP_015675077.1_12441	1002	921.483	32	3.23418
lcl|NW_015387201.1_cds_XP_015675081.2_12442	1254	1117.57	37.703	3.14196
lcl|NW_015387201.1_cds_XP_015675083.1_12443	828	734.803	5	0.633725
lcl|NW_015387201.1_cds_XP_015675078.1_12444	471	397.619	12501	2928.05
lcl|NW_015387201.1_cds_XP_015675084.1_12445	5061	4772.91	5	0.0975636
lcl|NW_015387201.1_cds_XP_015675085.1_12446	1302	1263.95	0	0
lcl|NW_015387201.1_cds_XP_029140629.1_12447	1152	1112.09	52	4.35478
lcl|NW_015387201.1_cds_XP_029140630.1_12448	2334	2035	15.079	0.690097
lcl|NW_015387201.1_cds_XP_015675086.1_12449	1494	1329.35	1	0.0700585
lcl|NW_015387201.1_cds_XP_029140631.1_12450	2961	2922.95	0	0
lcl|NW_015387202.1_cds_XP_015675095.1_12451	1791	1802.82	8	0.413275
lcl|NW_015387202.1_cds_XP_015675087.1_12452	306	268.528	258	89.4812
lcl|NW_015387202.1_cds_XP_015675088.1_12453	1593	1561.85	1161	69.2301
lcl|NW_015387202.1_cds_XP_015675089.1_12454	3048	3139.59	36	1.0679
lcl|NW_015387202.1_cds_XP_015675090.1_12455	1038	991.84	29	2.72306
lcl|NW_015387202.1_cds_XP_015675091.1_12456	1278	1298.88	541	38.7908
lcl|NW_015387202.1_cds_XP_029140632.1_12457	1992	1949.72	2	0.0955341
lcl|NW_015387202.1_cds_XP_015675092.1_12458	8058	8122.2	88	1.00904
lcl|NW_015387202.1_cds_XP_015675094.1_12459	741	720.369	924	119.459
lcl|NW_015387202.1_cds_XP_015675097.1_12460	1320	1244.73	394	29.4797
lcl|NW_015387203.1_cds_XP_015675107.1_12461	446	421.015	53.6381	11.8652
lcl|NW_015387203.1_cds_XP_029140633.1_12462	3495	3470.26	25.0862	0.673247
lcl|NW_015387203.1_cds_XP_015675099.1_12463	1647	1629.15	99	5.65946
lcl|NW_015387203.1_cds_XP_015675100.1_12464	999	967.712	22171	2133.73
lcl|NW_015387203.1_cds_XP_015675102.1_12465	1182	1205.74	1271.02	98.1747
lcl|NW_015387203.1_cds_XP_015675101.1_12466	1230	1293.22	99.9796	7.20011
lcl|NW_015387203.1_cds_XP_015675103.1_12467	1017	984.534	80.7834	7.64175
lcl|NW_015387203.1_cds_XP_015675108.1_12468	1092	1064.25	49.5706	4.33792
lcl|NW_015387203.1_cds_XP_015675105.1_12469	1902	1777.15	293	15.3548
lcl|NW_015387203.1_cds_XP_015675109.1_12470	720	668.415	2	0.278667
lcl|NW_015387203.1_cds_XP_015675106.1_12471	3963	3929.67	2161	51.2154
lcl|NW_015387203.1_cds_XP_029140635.1_12472	1581	1634.59	6	0.341857
lcl|NW_015387204.1_cds_XP_015675113.1_12473	993	1025.25	3	0.272516
lcl|NW_015387204.1_cds_XP_015675117.1_12474	468	434.457	174	37.2996
lcl|NW_015387204.1_cds_XP_015675118.1_12475	1455	1404.43	4	0.265254
lcl|NW_015387204.1_cds_XP_015675114.1_12476	936	855.691	2	0.217678
lcl|NW_015387204.1_cds_XP_015675116.1_12477	885	846.949	0	0
lcl|NW_015387204.1_cds_XP_029140636.1_12478	2352	2268.76	19	0.779949
lcl|NW_015387204.1_cds_XP_015675112.1_12479	3228	3131.2	55	1.63589
lcl|NW_015387204.1_cds_XP_015675119.2_12480	1764	1690.08	5.51648	0.303988
lcl|NW_015387205.1_cds_XP_015675122.1_12481	1284	1245.95	0	0
lcl|NW_015387205.1_cds_XP_015675120.1_12482	336	281.681	1059	350.139
lcl|NW_015387205.1_cds_XP_015675121.1_12483	1233	1177.61	166	13.1283
lcl|NW_015387205.1_cds_XP_029140637.1_12484	609	549.643	96.3484	16.3255
lcl|NW_015387206.1_cds_XP_029140638.1_12485	2517	2499.3	1	0.0372634
lcl|NW_015387206.1_cds_XP_029140639.1_12486	1659	1620.95	0	0
lcl|NW_015387206.1_cds_XP_029140640.1_12487	5124	4947.67	4	0.075294
lcl|NW_015387206.1_cds_XP_029140641.1_12488	3417	3327.3	9.25368	0.259014
lcl|NW_015387206.1_cds_XP_015675131.1_12489	1692	1652.85	34.1736	1.92556
lcl|NW_015387206.1_cds_XP_015675125.2_12490	1464	1424.35	6.78652	0.443744
lcl|NW_015387207.1_cds_XP_015675132.1_12491	540	482.707	1947	375.65
lcl|NW_015387207.1_cds_XP_015675150.1_12492	1920	1881.95	0	0
lcl|NW_015387207.1_cds_XP_029140643.1_12493	2292	2181.17	53	2.26301
lcl|NW_015387207.1_cds_XP_015675133.1_12494	636	572.71	92	14.9608
lcl|NW_015387207.1_cds_XP_015675134.1_12495	699	647.3	40	5.75514
lcl|NW_015387207.1_cds_XP_015675135.1_12496	1044	1008.14	449.667	41.5404
lcl|NW_015387207.1_cds_XP_015675136.1_12497	1044	1008.14	449.667	41.5404
lcl|NW_015387207.1_cds_XP_029140642.1_12498	1044	1008.14	449.667	41.5404
lcl|NW_015387207.1_cds_XP_015675147.1_12499	843	757.88	119	14.6234
lcl|NW_015387207.1_cds_XP_015675137.1_12500	1374	1246.75	94	7.02183
lcl|NW_015387207.1_cds_XP_015675148.1_12501	1011	1003.54	1	0.0928039
lcl|NW_015387207.1_cds_XP_015675146.1_12502	417	370.611	674	169.372
lcl|NW_015387207.1_cds_XP_015675145.1_12503	441	392.201	62.9606	14.9507
lcl|NW_015387207.1_cds_XP_015675143.1_12504	495	447.349	138.183	28.768
lcl|NW_015387207.1_cds_XP_015675141.1_12505	732	673.988	84.8253	11.7213
lcl|NW_015387207.1_cds_XP_015675140.1_12506	783	726.918	0	0
lcl|NW_015387207.1_cds_XP_015675139.1_12507	786	732.692	187.025	23.7727
lcl|NW_015387207.1_cds_XP_015675144.1_12508	492	444.032	69.0063	14.4736
lcl|NW_015387207.1_cds_XP_015675153.1_12509	270	196.459	6	2.84434
lcl|NW_015387207.1_cds_XP_015675154.1_12510	381	342.949	0	0
lcl|NW_015387207.1_cds_XP_015675149.1_12511	4272	4256.74	1	0.0218788
lcl|NW_015387207.1_cds_XP_015675155.1_12512	1776	1760.23	52	2.75128
lcl|NW_015387209.1_cds_XP_015675156.1_12513	1824	1800.81	52.3333	2.70652
lcl|NW_015387209.1_cds_XP_015675157.1_12514	1824	1800.81	52.3333	2.70652
lcl|NW_015387209.1_cds_XP_015675158.1_12515	1824	1800.81	52.3333	2.70652
lcl|NW_015387209.1_cds_XP_015675159.1_12516	903	826.359	235	26.485
lcl|NW_015387209.1_cds_XP_015675160.1_12517	897	849.007	0	0
lcl|NW_015387209.1_cds_XP_015675161.1_12518	813	773.61	8	0.963095
lcl|NW_015387209.1_cds_XP_015675164.1_12519	759	754.783	98	12.0922
lcl|NW_015387209.1_cds_XP_015675162.1_12520	1146	1062.14	448	39.2822
lcl|NW_015387209.1_cds_XP_015675171.1_12521	462	391.706	2	0.475522
lcl|NW_015387209.1_cds_XP_015675167.1_12522	1179	1124.03	521.48	43.2077
lcl|NW_015387209.1_cds_XP_015675165.1_12523	1182	1127.35	416.26	34.3881
lcl|NW_015387209.1_cds_XP_015675166.1_12524	1182	1127.35	416.26	34.3881
lcl|NW_015387209.1_cds_XP_015675168.1_12525	2652	2673.94	103	3.58746
lcl|NW_015387209.1_cds_XP_015675169.1_12526	1869	1922.27	185	8.96311
lcl|NW_015387209.1_cds_XP_015675172.1_12527	582	547.726	9	1.53031
lcl|NW_015387209.1_cds_XP_029140644.1_12528	2778	2702.37	1	0.0344632
lcl|NW_015387210.1_cds_XP_015675176.1_12529	2616	2640.29	66	2.32806
lcl|NW_015387210.1_cds_XP_029140645.1_12530	789	762.342	7	0.855164
lcl|NW_015387210.1_cds_XP_015675175.1_12531	237	171.227	24	13.0539
lcl|NW_015387210.1_cds_XP_015675177.1_12532	2223	2184.95	0	0
lcl|NW_015387210.1_cds_XP_015675178.2_12533	2283	2188.34	1	0.0425585
lcl|NW_015387211.1_cds_XP_015675179.1_12534	1044	978.894	115	10.9412
lcl|NW_015387211.1_cds_XP_015675180.1_12535	1203	1220.16	866	66.1001
lcl|NW_015387211.1_cds_XP_015675181.1_12536	639	610.974	1	0.152433
lcl|NW_015387211.1_cds_XP_015675182.1_12537	370	331.949	0	0
lcl|NW_015387212.1_cds_XP_015675198.1_12538	972	962.35	463	44.8073
lcl|NW_015387212.1_cds_XP_015675199.1_12539	3498	3404.76	44	1.20356
lcl|NW_015387212.1_cds_XP_015675183.1_12540	1983	1960.63	297.238	14.1192
lcl|NW_015387212.1_cds_XP_015675184.1_12541	1983	1968.32	25.7623	1.21896
lcl|NW_015387212.1_cds_XP_015675186.1_12542	378	354.906	130	34.1139
lcl|NW_015387212.1_cds_XP_015675200.2_12543	975	936.949	0	0
lcl|NW_015387212.1_cds_XP_015675187.1_12544	5911	5930.15	283	4.4445
lcl|NW_015387212.1_cds_XP_015675188.1_12545	1854	1779.24	1153	60.3526
lcl|NW_015387212.1_cds_XP_015675201.2_12546	1257	1218.95	0	0
lcl|NW_015387212.1_cds_XP_015675202.1_12547	1272	1233.95	0	0
lcl|NW_015387212.1_cds_XP_015675191.1_12548	1962	2011.98	421.789	19.5242
lcl|NW_015387212.1_cds_XP_015675190.1_12549	2031	2072.79	731.061	32.8473
lcl|NW_015387212.1_cds_XP_015675189.1_12550	2070	2120.96	8.25908e-08	3.62661e-09
lcl|NW_015387212.1_cds_XP_015675193.1_12551	2124	2173.14	68.7944	2.94826
lcl|NW_015387212.1_cds_XP_015675192.1_12552	1947	1999.52	140.356	6.53743
lcl|NW_015387212.1_cds_XP_015675195.1_12553	819	770.131	18	2.17675
lcl|NW_015387213.1_cds_XP_015675203.2_12554	1977	1965.95	37.5388	1.77832
lcl|NW_015387213.1_cds_XP_015675211.1_12555	945	906.949	0	0
lcl|NW_015387213.1_cds_XP_015675204.1_12556	867	836.065	32	3.5646
lcl|NW_015387213.1_cds_XP_015675205.1_12557	759	728.88	324	41.399
lcl|NW_015387213.1_cds_XP_029140647.1_12558	1239	1243.47	23.4341	1.75515
lcl|NW_015387213.1_cds_XP_015675207.1_12559	1233	1245.5	28.4391	2.12654
lcl|NW_015387213.1_cds_XP_015675206.1_12560	1239	1244.73	473.127	35.4001
lcl|NW_015387213.1_cds_XP_029140649.1_12561	1416	1446.97	3	0.193091
lcl|NW_015387213.1_cds_XP_015675213.1_12562	504	464.264	1	0.200603
lcl|NW_015387213.1_cds_XP_029140648.1_12563	3549	3547.85	3	0.0787512
lcl|NW_015387213.1_cds_XP_015675215.1_12564	399	336.035	113	31.3181
lcl|NW_015387213.1_cds_XP_015675216.1_12565	501	462.949	0	0
lcl|NW_015387213.1_cds_XP_015675208.1_12566	636	571.877	899	146.406
lcl|NW_015387213.1_cds_XP_015675210.1_12567	1401	1347.73	1372	94.8099
lcl|NW_015387214.1_cds_XP_029140651.1_12568	2751	2527.6	55	2.02654
lcl|NW_015387214.1_cds_XP_015675220.1_12569	942	850.233	60.8898	6.66973
lcl|NW_015387214.1_cds_XP_015675217.1_12570	849	766.452	42.3701	5.14844
lcl|NW_015387214.1_cds_XP_015675218.1_12571	849	766.452	42.3701	5.14844
lcl|NW_015387214.1_cds_XP_015675219.1_12572	849	766.452	42.3701	5.14844
lcl|NW_015387214.1_cds_XP_015675222.1_12573	2553	2359.54	57.8222	2.28228
lcl|NW_015387214.1_cds_XP_029140652.1_12574	4242	4151	71	1.59297
lcl|NW_015387215.1_cds_XP_015675230.1_12575	333	280.642	345	114.49
lcl|NW_015387215.1_cds_XP_015675231.1_12576	582	552.225	1	0.168649
lcl|NW_015387215.1_cds_XP_015675226.1_12577	3078	3061.33	4	0.121689
lcl|NW_015387215.1_cds_XP_015675225.1_12578	2013	2036.9	8	0.365781
lcl|NW_015387215.1_cds_XP_015675227.1_12579	816	777.949	0	0
lcl|NW_015387215.1_cds_XP_015675229.1_12580	2298	2216.9	6.5275	0.274223
lcl|NW_015387216.1_cds_XP_015675233.1_12581	1962	1975.76	4	0.188551
lcl|NW_015387216.1_cds_XP_015675232.1_12582	1626	1664.82	1865	104.331
lcl|NW_015387217.1_cds_XP_015675234.1_12583	1368	1409.61	1	0.0660696
lcl|NW_015387218.1_cds_XP_015675237.1_12584	1512	1496.04	104.265	6.49076
lcl|NW_015387218.1_cds_XP_015675235.1_12585	1035	1030.95	9	0.813031
lcl|NW_015387218.1_cds_XP_015675236.1_12586	1449	1373.09	159	10.7845
lcl|NW_015387218.1_cds_XP_015675239.1_12587	600	572.171	1	0.162771
lcl|NW_015387219.1_cds_XP_029140654.1_12588	2919	3002.31	4	0.124081
lcl|NW_015387219.1_cds_XP_015675243.1_12589	1767	1408.39	3	0.19838
lcl|NW_015387219.1_cds_XP_015675240.1_12590	1008	954.909	1148.51	112.014
lcl|NW_015387219.1_cds_XP_015675241.1_12591	831	758.11	12	1.47418
lcl|NW_015387220.1_cds_XP_015675244.1_12592	1413	1282.37	177	12.8547
lcl|NW_015387220.1_cds_XP_015675245.1_12593	1095	1037.99	19	1.70475
lcl|NW_015387223.1_cds_XP_015675248.1_12594	1035	996.949	0	0
lcl|NW_015387223.1_cds_XP_029140656.1_12595	2538	2430.67	72	2.75872
lcl|NW_015387224.1_cds_XP_015675249.1_12596	651	653.878	30	4.27293
lcl|NW_015387224.1_cds_XP_015675250.1_12597	651	653.878	30	4.27293
lcl|NW_015387224.1_cds_XP_015675251.1_12598	1530	1496.81	655.5	40.7856
lcl|NW_015387224.1_cds_XP_015675253.1_12599	1530	1496.81	655.5	40.7856
lcl|NW_015387224.1_cds_XP_015675255.1_12600	1131	1116.33	110.91	9.25297
lcl|NW_015387224.1_cds_XP_015675254.1_12601	1182	1191.42	48.0898	3.75916
lcl|NW_015387224.1_cds_XP_015675256.1_12602	1425	1464.95	27	1.7165
lcl|NW_015387224.1_cds_XP_015675257.1_12603	1656	1696.3	238	13.067
lcl|NW_015387224.1_cds_XP_015675258.1_12604	549	519.861	27	4.83702
lcl|NW_015387224.1_cds_XP_015675259.1_12605	966	907.514	44	4.51545
lcl|NW_015387224.1_cds_XP_015675261.1_12606	1098	1080.49	60.1999	5.1889
lcl|NW_015387224.1_cds_XP_015675262.1_12607	1038	1031.89	196.8	17.7621
lcl|NW_015387224.1_cds_XP_015675274.1_12608	1530	1491.95	0	0
lcl|NW_015387224.1_cds_XP_015675263.1_12609	330	296.346	26	8.171
lcl|NW_015387224.1_cds_XP_015675271.2_12610	2622	2633.4	27	0.954878
lcl|NW_015387224.1_cds_XP_015675265.1_12611	1623	1651.99	211.672	11.9332
lcl|NW_015387224.1_cds_XP_029140658.1_12612	1665	1696.52	56.3738	3.09471
lcl|NW_015387224.1_cds_XP_015675264.1_12613	1692	1720.6	72.4052	3.91915
lcl|NW_015387224.1_cds_XP_015675266.1_12614	1599	1632.11	620.549	35.4101
lcl|NW_015387224.1_cds_XP_015675275.1_12615	1440	1251.08	1	0.0744416
lcl|NW_015387224.1_cds_XP_015675267.1_12616	996	967.755	10	0.962357
lcl|NW_015387224.1_cds_XP_015675268.1_12617	2406	2359.16	138	5.44782
lcl|NW_015387224.1_cds_XP_015675269.1_12618	171	140.728	82.5	54.5977
lcl|NW_015387224.1_cds_XP_015675270.1_12619	171	140.728	82.5	54.5977
lcl|NW_015387224.1_cds_XP_015675273.1_12620	1313	1249.11	13	0.96927
lcl|NW_015387225.1_cds_XP_015675278.1_12621	507	459.429	2.91442	0.590793
lcl|NW_015387225.1_cds_XP_015675276.1_12622	1431	1431.86	62.0856	4.03823
lcl|NW_015387225.1_cds_XP_015675277.1_12623	3216	3265.53	638	18.1957
lcl|NW_015387227.1_cds_XP_015675279.1_12624	1230	1191.95	0	0
lcl|NW_015387229.1_cds_XP_015675284.1_12625	483	444.949	0	0
lcl|NW_015387229.1_cds_XP_015675280.1_12626	1512	1424.24	942	61.5983
lcl|NW_015387229.1_cds_XP_015675281.1_12627	1251	1219.39	7	0.534635
lcl|NW_015387229.1_cds_XP_015675285.1_12628	162	123.949	0	0
lcl|NW_015387229.1_cds_XP_015675282.1_12629	6879	6798.8	16	0.219174
lcl|NW_015387230.1_cds_XP_015675295.2_12630	1128	1029.17	40	3.61972
lcl|NW_015387230.1_cds_XP_015675286.1_12631	2442	2551.18	3	0.109517
lcl|NW_015387230.1_cds_XP_015675287.1_12632	255	195.12	8	3.81847
lcl|NW_015387230.1_cds_XP_015675288.1_12633	4140	4173.01	199	4.44125
lcl|NW_015387230.1_cds_XP_015675291.1_12634	2784	2841.71	1001.45	32.821
lcl|NW_015387230.1_cds_XP_015675292.1_12635	2661	2709.5	677.994	23.3044
lcl|NW_015387230.1_cds_XP_015675293.1_12636	2556	2592.75	23083.6	829.171
lcl|NW_015387230.1_cds_XP_015675294.1_12637	2433	2460.54	18097	684.979
lcl|NW_015387230.1_cds_XP_015675297.1_12638	580	541.949	0	0
lcl|NW_015387231.1_cds_XP_015675300.1_12639	3030	3023.41	2	0.0616076
lcl|NW_015387231.1_cds_XP_015675298.1_12640	1443	1371.85	151	10.2512
lcl|NW_015387231.1_cds_XP_015675299.1_12641	891	876.307	1882.35	200.053
lcl|NW_015387231.1_cds_XP_029140659.1_12642	354	305.197	14.6508	4.47078
lcl|NW_015387232.1_cds_XP_015675304.1_12643	579	498.666	3	0.56029
lcl|NW_015387232.1_cds_XP_015675301.2_12644	2769	2674.04	1509	52.556
lcl|NW_015387232.1_cds_XP_015675308.1_12645	555	497.116	20	3.74692
lcl|NW_015387232.1_cds_XP_029140661.1_12646	7143	6552.85	50	0.710626
lcl|NW_015387232.1_cds_XP_029140662.1_12647	3423	3149.72	44	1.30101
lcl|NW_015387233.1_cds_XP_015675314.1_12648	1752	1685.95	92	5.08212
lcl|NW_015387233.1_cds_XP_015675315.1_12649	630	591.949	0	0
lcl|NW_015387233.1_cds_XP_015675316.1_12650	1344	1305.95	0	0
lcl|NW_015387233.1_cds_XP_015675309.1_12651	1980	1907.39	15	0.732407
lcl|NW_015387233.1_cds_XP_015675310.1_12652	9057	9090.24	1610	16.495
lcl|NW_015387233.1_cds_XP_015675313.1_12653	1089	1038.49	309.486	27.7551
lcl|NW_015387233.1_cds_XP_015675312.1_12654	1161	1106.28	0	0
lcl|NW_015387233.1_cds_XP_015675311.1_12655	1194	1136.42	13.5136	1.10748
lcl|NW_015387234.1_cds_XP_029140664.1_12656	2297	2204.42	31.0058	1.30993
lcl|NW_015387234.1_cds_XP_015675317.1_12657	582	524.377	349	61.9844
lcl|NW_015387234.1_cds_XP_029140663.1_12658	477	410.999	118	26.7388
lcl|NW_015387234.1_cds_XP_015675318.1_12659	615	573.659	194	31.4955
lcl|NW_015387234.1_cds_XP_015675320.1_12660	669	618.136	1486	223.891
lcl|NW_015387234.1_cds_XP_015675321.1_12661	648	641.306	10	1.45223
lcl|NW_015387234.1_cds_XP_015675322.1_12662	1854	1875.42	318	15.7917
lcl|NW_015387234.1_cds_XP_015675323.1_12663	1497	1371.25	42	2.85255
lcl|NW_015387234.1_cds_XP_015675324.1_12664	1137	1109.43	268.435	22.5341
lcl|NW_015387234.1_cds_XP_015675325.1_12665	957	952.377	218.565	21.3734
lcl|NW_015387234.1_cds_XP_015675326.1_12666	1953	1962.13	74	3.51242
lcl|NW_015387238.1_cds_XP_015675332.1_12667	1251	1188.01	3	0.235181
lcl|NW_015387238.1_cds_XP_029140665.1_12668	3021	2826.33	2	0.0659035
lcl|NW_015387238.1_cds_XP_015675334.1_12669	1032	993.949	0	0
lcl|NW_015387238.1_cds_XP_015675335.1_12670	1419	1380.95	0	0
lcl|NW_015387238.1_cds_XP_015675329.1_12671	1518	1318.13	3	0.211965
lcl|NW_015387238.1_cds_XP_015675336.1_12672	4878	4839.95	0	0
lcl|NW_015387238.1_cds_XP_029140667.1_12673	4863	4824.95	0	0
lcl|NW_015387238.1_cds_XP_015675337.1_12674	819	719.105	19.6902	2.55011
lcl|NW_015387238.1_cds_XP_015675339.1_12675	1860	1651.74	82	4.62352
lcl|NW_015387238.1_cds_XP_015675341.1_12676	378	337.977	195	53.734
lcl|NW_015387238.1_cds_XP_015675340.1_12677	996	799.342	22	2.56325
lcl|NW_015387238.1_cds_XP_015675331.1_12678	654	565.188	171	28.1777
lcl|NW_015387239.1_cds_XP_015675342.1_12679	1494	1466.8	319	20.2544
lcl|NW_015387239.1_cds_XP_015675343.1_12680	627	618.664	12	1.80646
lcl|NW_015387239.1_cds_XP_029140668.1_12681	708	611.16	23	3.50489
lcl|NW_015387239.1_cds_XP_015675344.2_12682	576	557.531	3	0.501134
lcl|NW_015387242.1_cds_XP_015675349.1_12683	2673	2634.95	0	0
lcl|NW_015387242.1_cds_XP_015675350.1_12684	2670	2631.95	0	0
lcl|NW_015387242.1_cds_XP_015675347.1_12685	1317	1239.99	168	12.6181
lcl|NW_015387242.1_cds_XP_015675348.1_12686	1341	1318.95	104	7.34354
lcl|NW_015387243.1_cds_XP_015675355.1_12687	576	513.925	220	39.868
lcl|NW_015387243.1_cds_XP_015675351.1_12688	4308	4388.63	52	1.10351
lcl|NW_015387243.1_cds_XP_015675352.1_12689	693	654.949	0	0
lcl|NW_015387243.1_cds_XP_015675353.1_12690	1872	1811.47	41	2.10792
lcl|NW_015387243.1_cds_XP_029140669.1_12691	1641	1564.49	1	0.0595292
lcl|NW_015387243.1_cds_XP_015675356.1_12692	3696	3451.73	0	0
lcl|NW_015387243.1_cds_XP_015675358.1_12693	3678	3430.81	0	0
lcl|NW_015387243.1_cds_XP_015675360.1_12694	3393	3180.91	7	0.20495
lcl|NW_015387243.1_cds_XP_015675359.1_12695	3657	3412.15	0	0
lcl|NW_015387244.1_cds_XP_029140670.1_12696	1191	1152.95	0	0
lcl|NW_015387244.1_cds_XP_029140671.1_12697	1389	1350.95	0	0
lcl|NW_015387244.1_cds_XP_029140672.1_12698	1722	1758.93	1	0.0529483
lcl|NW_015387244.1_cds_XP_029140673.1_12699	1329	1298.38	2	0.14346
lcl|NW_015387244.1_cds_XP_029140674.1_12700	1557	1518.95	0	0
lcl|NW_015387245.1_cds_XP_015675366.1_12701	861	723.463	17	2.18844
lcl|NW_015387246.1_cds_XP_015675372.1_12702	2178	2074.8	66	2.96258
lcl|NW_015387246.1_cds_XP_015675367.1_12703	1446	1340.9	299	20.7671
lcl|NW_015387246.1_cds_XP_015675370.1_12704	1377	1197.87	34	2.64344
lcl|NW_015387246.1_cds_XP_015675371.1_12705	864	855.173	414	45.0866
lcl|NW_015387246.1_cds_XP_015675373.1_12706	1635	1589.07	18	1.05495
lcl|NW_015387247.1_cds_XP_015675374.1_12707	1020	981.949	0	0
lcl|NW_015387247.1_cds_XP_015675375.1_12708	1365	1328.12	15	1.05185
lcl|NW_015387248.1_cds_XP_029140675.1_12709	4095	4028.9	9	0.208045
lcl|NW_015387248.1_cds_XP_015675378.1_12710	795	756.949	0	0
lcl|NW_015387248.1_cds_XP_015675376.1_12711	927	890.416	1136	118.819
lcl|NW_015387250.1_cds_XP_015675380.1_12712	2049	1983.69	30	1.40848
lcl|NW_015387250.1_cds_XP_015675381.1_12713	1368	1377.76	35	2.36589
lcl|NW_015387250.1_cds_XP_015675382.1_12714	1494	1435.9	146	9.46957
lcl|NW_015387250.1_cds_XP_015675383.1_12715	930	889.112	94	9.8463
lcl|NW_015387250.1_cds_XP_015675384.1_12716	2412	2274.33	44	1.80177
lcl|NW_015387250.1_cds_XP_015675386.1_12717	855	736.284	1	0.12649
lcl|NW_015387250.1_cds_XP_015675387.1_12718	750	711.949	0	0
lcl|NW_015387251.1_cds_XP_015675389.1_12719	1266	1227.95	0	0
lcl|NW_015387251.1_cds_XP_015675391.1_12720	1602	1563.95	0	0
lcl|NW_015387251.1_cds_XP_015675390.1_12721	1233	1150.67	9	0.72844
lcl|NW_015387251.1_cds_XP_015675388.1_12722	1608	1537	47	2.8479
lcl|NW_015387252.1_cds_XP_015675392.1_12723	3906	4044.95	37	0.851902
lcl|NW_015387253.1_cds_XP_015675393.1_12724	2604	2565.95	0	0
lcl|NW_015387253.1_cds_XP_029140678.1_12725	861	829.654	8	0.898038
lcl|NW_015387253.1_cds_XP_029140677.1_12726	2517	2500.06	14	0.521529
lcl|NW_015387253.1_cds_XP_015675397.1_12727	1050	1011.95	0	0
lcl|NW_015387253.1_cds_XP_015675398.1_12728	1047	1008.95	0	0
lcl|NW_015387254.1_cds_XP_015675399.1_12729	627	587.381	244	38.6876
lcl|NW_015387254.1_cds_XP_029140679.1_12730	4236	4307.51	217	4.69175
lcl|NW_015387254.1_cds_XP_015675401.1_12731	879	860.773	803	86.8817
lcl|NW_015387254.1_cds_XP_029140680.1_12732	2625	2596.86	303	10.8667
lcl|NW_015387254.1_cds_XP_015675403.1_12733	729	690.949	0	0
lcl|NW_015387254.1_cds_XP_015675404.1_12734	750	706.962	7	0.922153
lcl|NW_015387254.1_cds_XP_015675405.1_12735	1713	1722.03	62	3.35314
lcl|NW_015387255.1_cds_XP_029140681.1_12736	2031	2001.31	7	0.325751
lcl|NW_015387255.1_cds_XP_029140682.1_12737	420	391.84	11	2.61448
lcl|NW_015387255.1_cds_XP_015675406.1_12738	2145	2121.39	107	4.69748
lcl|NW_015387255.1_cds_XP_015675407.1_12739	1557	1564.97	217.523	12.945
lcl|NW_015387255.1_cds_XP_015675409.1_12740	1251	1262.8	357.477	26.3641
lcl|NW_015387255.1_cds_XP_015675412.1_12741	3474	3435.95	0	0
lcl|NW_015387255.1_cds_XP_015675410.1_12742	717	684.579	3850	523.767
lcl|NW_015387256.1_cds_XP_015675420.1_12743	1368	1224.35	256	19.4731
lcl|NW_015387256.1_cds_XP_015675414.1_12744	747	690.324	0	0
lcl|NW_015387256.1_cds_XP_015675413.1_12745	816	759.847	198	24.2684
lcl|NW_015387256.1_cds_XP_015675416.1_12746	456	404.779	790	181.765
lcl|NW_015387256.1_cds_XP_015675417.1_12747	456	404.779	790	181.765
lcl|NW_015387256.1_cds_XP_015675418.1_12748	2631	2667.42	7	0.244404
lcl|NW_015387257.1_cds_XP_015675424.1_12749	3378	3407.64	38	1.03856
lcl|NW_015387257.1_cds_XP_015675421.1_12750	2277	2264.47	99	4.07165
lcl|NW_015387257.1_cds_XP_015675422.1_12751	1731	1653.35	32	1.80255
lcl|NW_015387257.1_cds_XP_015675423.1_12752	2295	2316.24	44	1.76918
lcl|NW_015387258.1_cds_XP_015675431.1_12753	1329	1231.62	66	4.9908
lcl|NW_015387258.1_cds_XP_015675429.1_12754	3153	3105.33	57	1.7095
lcl|NW_015387258.1_cds_XP_015675425.1_12755	3142	3063.6	39	1.18559
lcl|NW_015387258.1_cds_XP_015675428.1_12756	216	173.371	20	10.7437
lcl|NW_015387258.1_cds_XP_015675430.2_12757	3132	3076.28	14	0.423841
lcl|NW_015387258.1_cds_XP_015675432.1_12758	1101	1012.52	34	3.12735
lcl|NW_015387259.1_cds_XP_015675433.1_12759	1017	976.799	5	0.476723
lcl|NW_015387260.1_cds_XP_029140686.1_12760	3705	3653.8	17	0.433317
lcl|NW_015387260.1_cds_XP_015675434.1_12761	1275	1279.55	25	1.81964
lcl|NW_015387260.1_cds_XP_015675441.1_12762	780	654.547	27	3.84171
lcl|NW_015387260.1_cds_XP_029140684.1_12763	1332	1328.77	45	3.15403
lcl|NW_015387260.1_cds_XP_015675442.1_12764	1368	1329.95	0	0
lcl|NW_015387260.1_cds_XP_015675436.1_12765	2424	2382.87	9	0.351758
lcl|NW_015387260.1_cds_XP_015675437.1_12766	13713	13842.2	64	0.430603
lcl|NW_015387260.1_cds_XP_029140685.1_12767	972	933.949	0	0
lcl|NW_015387260.1_cds_XP_015675439.1_12768	1509	1436.49	826	53.5525
lcl|NW_015387261.1_cds_XP_015675446.1_12769	1542	1460.59	24	1.53032
lcl|NW_015387261.1_cds_XP_015675444.1_12770	699	649.787	33	4.72982
lcl|NW_015387261.1_cds_XP_015675445.1_12771	2925	2932.96	177	5.62041
lcl|NW_015387263.1_cds_XP_015675447.2_12772	2181	2177.85	12	0.513163
lcl|NW_015387264.1_cds_XP_015675448.1_12773	4176	4159.32	21.0196	0.470656
lcl|NW_015387265.1_cds_XP_015675450.1_12774	2751	2712.95	0	0
lcl|NW_015387266.1_cds_XP_015675451.1_12775	1596	1656.65	65	3.65413
lcl|NW_015387267.1_cds_XP_029140687.1_12776	1287	1218.24	246.456	18.8412
lcl|NW_015387267.1_cds_XP_015675453.1_12777	750	679.028	8	1.09725
lcl|NW_015387267.1_cds_XP_015675455.1_12778	3336	3439.91	104	2.81571
lcl|NW_015387267.1_cds_XP_015675454.2_12779	1383	1297.61	170	12.2013
lcl|NW_015387268.1_cds_XP_015675463.1_12780	942	857.472	186	20.202
lcl|NW_015387268.1_cds_XP_015675459.1_12781	2187	1910.82	30.869	1.50454
lcl|NW_015387268.1_cds_XP_029140692.1_12782	258	219.949	0	0
lcl|NW_015387268.1_cds_XP_015675456.1_12783	2658	2486.03	0	0
lcl|NW_015387268.1_cds_XP_029140690.1_12784	2508	2338.77	0.826015	0.0328929
lcl|NW_015387268.1_cds_XP_029140689.1_12785	2523	2345.98	0.0426465	0.00169301
lcl|NW_015387268.1_cds_XP_015675457.1_12786	2541	2369.97	5.092e-06	2.001e-07
lcl|NW_015387268.1_cds_XP_029140691.1_12787	2517	2343.24	0.131333	0.00521987
lcl|NW_015387268.1_cds_XP_015675460.2_12788	3003	2771.47	69	2.31868
lcl|NW_015387268.1_cds_XP_015675464.1_12789	1785	1746.95	0	0
lcl|NW_015387268.1_cds_XP_015675465.1_12790	480	438.089	1	0.212588
lcl|NW_015387268.1_cds_XP_029140688.1_12791	2853	2811.06	11	0.364438
lcl|NW_015387268.1_cds_XP_015675462.1_12792	663	624.949	0	0
lcl|NW_015387270.1_cds_XP_015675466.2_12793	1501	1410.2	325	21.4636
lcl|NW_015387270.1_cds_XP_015675467.1_12794	1422	1380.05	1099.46	74.1968
lcl|NW_015387270.1_cds_XP_029140696.1_12795	372	307.533	7	2.11986
lcl|NW_015387270.1_cds_XP_015675478.2_12796	1224	1214.89	9	0.689935
lcl|NW_015387270.1_cds_XP_015675479.1_12797	978	938.027	11	1.09214
lcl|NW_015387270.1_cds_XP_015675475.1_12798	2031	1965.92	3	0.14212
lcl|NW_015387270.1_cds_XP_015675468.1_12799	624	562.506	220	36.4247
lcl|NW_015387270.1_cds_XP_029140694.1_12800	1794	1767.27	7	0.36889
lcl|NW_015387270.1_cds_XP_015675470.1_12801	1380	1335.81	213	14.8503
lcl|NW_015387270.1_cds_XP_015675471.1_12802	1128	1110.31	57	4.78115
lcl|NW_015387270.1_cds_XP_015675480.1_12803	570	529.014	8.26272e-05	1.45465e-05
lcl|NW_015387270.1_cds_XP_015675481.1_12804	567	523.345	0.999917	0.177941
lcl|NW_015387270.1_cds_XP_015675483.1_12805	798	742.562	5	0.627102
lcl|NW_015387270.1_cds_XP_015675472.1_12806	2349	2394.73	0.749251	0.0291389
lcl|NW_015387270.1_cds_XP_029140693.1_12807	2340	2388.46	9.18395	0.358107
lcl|NW_015387270.1_cds_XP_015675473.1_12808	2346	2391.12	3.0668	0.11945
lcl|NW_015387271.1_cds_XP_029140697.1_12809	3036	2840.21	5	0.163953
lcl|NW_015387271.1_cds_XP_015675489.1_12810	846	746.357	39.3895	4.91514
lcl|NW_015387271.1_cds_XP_015675490.1_12811	819	727.409	39.6105	5.07145
lcl|NW_015387271.1_cds_XP_015675485.1_12812	1347	1308.95	0	0
lcl|NW_015387271.1_cds_XP_015675486.1_12813	1347	1308.95	0	0
lcl|NW_015387271.1_cds_XP_015675491.1_12814	1365	1282.08	121	8.78962
lcl|NW_015387271.1_cds_XP_015675492.1_12815	1497	1385.82	27	1.8145
lcl|NW_015387271.1_cds_XP_015675494.2_12816	3027	2841.24	2	0.0655578
lcl|NW_015387271.1_cds_XP_015675487.1_12817	774	667.341	68	9.48992
lcl|NW_015387271.1_cds_XP_015675488.1_12818	609	534.365	3	0.522859
lcl|NW_015387272.1_cds_XP_015675495.1_12819	1566	1527.95	0	0
lcl|NW_015387273.1_cds_XP_015675496.1_12820	1368	1388.83	94.1348	6.31249
lcl|NW_015387273.1_cds_XP_015675497.1_12821	1326	1336.31	738.428	51.464
lcl|NW_015387273.1_cds_XP_015675498.1_12822	1068	1072.23	17.437	1.51455
lcl|NW_015387273.1_cds_XP_015675499.1_12823	1308	1304.64	251	17.9177
lcl|NW_015387273.1_cds_XP_015675500.2_12824	1284	1206.49	172	13.2772
lcl|NW_015387274.1_cds_XP_015675501.1_12825	1992	1953.95	0	0
lcl|NW_015387274.1_cds_XP_015675502.1_12826	399	360.949	0	0
lcl|NW_015387275.1_cds_XP_015675503.1_12827	963	910.388	3	0.306899
lcl|NW_015387275.1_cds_XP_029140699.1_12828	1455	1468.69	1	0.0634122
lcl|NW_015387276.1_cds_XP_015675506.1_12829	315	289.321	1013	326.085
lcl|NW_015387276.1_cds_XP_015675507.1_12830	921	872.796	623	66.4778
lcl|NW_015387276.1_cds_XP_015675508.1_12831	1506	1439.79	79	5.1101
lcl|NW_015387276.1_cds_XP_015675522.2_12832	2352	2183.6	2	0.0853017
lcl|NW_015387276.1_cds_XP_015675509.1_12833	912	922.552	6	0.605706
lcl|NW_015387276.1_cds_XP_015675510.1_12834	861	772.742	1636.92	197.285
lcl|NW_015387276.1_cds_XP_015675511.1_12835	801	713.734	518.693	67.6824
lcl|NW_015387276.1_cds_XP_015675512.1_12836	801	713.734	518.693	67.6824
lcl|NW_015387276.1_cds_XP_029140701.1_12837	801	713.734	518.693	67.6824
lcl|NW_015387276.1_cds_XP_015675519.1_12838	1305	1269.58	10	0.733572
lcl|NW_015387276.1_cds_XP_015675514.1_12839	855	802.361	5	0.580365
lcl|NW_015387276.1_cds_XP_015675513.1_12840	1770	1822.01	5	0.255576
lcl|NW_015387276.1_cds_XP_015675516.1_12841	294	240.76	126.12	48.7866
lcl|NW_015387276.1_cds_XP_015675517.1_12842	237	179.673	108.88	56.4376
lcl|NW_015387276.1_cds_XP_029140702.1_12843	789	750.949	0	0
lcl|NW_015387276.1_cds_XP_015675518.1_12844	444	417.011	17	3.79667
lcl|NW_015387276.1_cds_XP_015675520.2_12845	2226	2187.95	0	0
lcl|NW_015387276.1_cds_XP_015675521.1_12846	2166	2127.95	0	0
lcl|NW_015387277.1_cds_XP_015675523.2_12847	1773	1763.29	334	17.641
lcl|NW_015387277.1_cds_XP_015675524.1_12848	1146	1085.38	96	8.23743
lcl|NW_015387277.1_cds_XP_015675525.1_12849	1722	1589.81	225	13.1807
lcl|NW_015387277.1_cds_XP_029140704.1_12850	3981	3865.49	111	2.67436
lcl|NW_015387279.1_cds_XP_015675528.1_12851	1227	1187.3	12	0.941288
lcl|NW_015387279.1_cds_XP_029140709.1_12852	1434	1395.95	0	0
lcl|NW_015387279.1_cds_XP_015675541.1_12853	1533	1494.95	0	0
lcl|NW_015387279.1_cds_XP_029140708.1_12854	1905	1922.56	139	6.73343
lcl|NW_015387279.1_cds_XP_015675529.1_12855	1284	1331.97	362.5	25.3463
lcl|NW_015387279.1_cds_XP_015675530.1_12856	1284	1331.97	362.5	25.3463
lcl|NW_015387279.1_cds_XP_015675531.1_12857	1284	1331.97	362.5	25.3463
lcl|NW_015387279.1_cds_XP_015675532.1_12858	1284	1331.97	362.5	25.3463
lcl|NW_015387279.1_cds_XP_029140705.1_12859	339	285.037	1	0.326739
lcl|NW_015387279.1_cds_XP_015675534.1_12860	1548	1588.66	995.009	58.3308
lcl|NW_015387279.1_cds_XP_015675535.1_12861	1548	1574.1	132.778	7.85588
lcl|NW_015387279.1_cds_XP_015675536.1_12862	1194	1207	7.21307	0.556561
lcl|NW_015387279.1_cds_XP_029140706.1_12863	2559	2553.92	2.39549	0.0873549
lcl|NW_015387279.1_cds_XP_015675538.1_12864	900	856.779	212	23.0446
lcl|NW_015387279.1_cds_XP_029140707.1_12865	2850	2841.73	93	3.04791
lcl|NW_015387280.1_cds_XP_015675544.1_12866	698	650.587	1	0.143151
lcl|NW_015387281.1_cds_XP_029140713.1_12867	2913	3157.31	48	1.41587
lcl|NW_015387281.1_cds_XP_029140712.1_12868	2265	2196.53	16.4392	0.697022
lcl|NW_015387281.1_cds_XP_015675552.1_12869	2079	2123.08	20	0.877334
lcl|NW_015387281.1_cds_XP_029140710.1_12870	435	396.949	0	0
lcl|NW_015387281.1_cds_XP_015675545.1_12871	417	349.59	107	28.5054
lcl|NW_015387281.1_cds_XP_015675546.1_12872	396	338.264	121	33.3143
lcl|NW_015387281.1_cds_XP_015675547.1_12873	3519	3555.18	1	0.0261963
lcl|NW_015387281.1_cds_XP_015675549.1_12874	2478	2425.32	150	5.76002
lcl|NW_015387281.1_cds_XP_029140711.1_12875	1536	1538.91	188	11.3775
lcl|NW_015387281.1_cds_XP_015675551.1_12876	2256	2280.54	93	3.79793
lcl|NW_015387281.1_cds_XP_015675554.1_12877	1176	1086.5	15.4843	1.32729
lcl|NW_015387283.1_cds_XP_015675555.1_12878	3171	3146.73	40	1.18386
lcl|NW_015387283.1_cds_XP_015675558.1_12879	375	308.203	20	6.04357
lcl|NW_015387283.1_cds_XP_015675557.1_12880	2151	2101.38	95	4.21037
lcl|NW_015387283.1_cds_XP_029140714.1_12881	2772	2543.71	17	0.622418
lcl|NW_015387284.1_cds_XP_015675560.2_12882	2511	2445.43	43	1.63762
lcl|NW_015387285.1_cds_XP_015675562.1_12883	663	624.949	0	0
lcl|NW_015387286.1_cds_XP_015675563.1_12884	2484	2437.72	108	4.12612
lcl|NW_015387286.1_cds_XP_015675564.1_12885	1551	1567.43	3	0.178251
lcl|NW_015387287.1_cds_XP_015675565.1_12886	1119	1107.24	1181.37	99.3671
lcl|NW_015387287.1_cds_XP_029140715.1_12887	1287	1215.19	95	7.28084
lcl|NW_015387287.1_cds_XP_015675568.1_12888	969	895.901	31	3.22258
lcl|NW_015387289.1_cds_XP_015675569.1_12889	3627	3588.95	0	0
lcl|NW_015387290.1_cds_XP_015675570.1_12890	1281	1242.95	0	0
lcl|NW_015387291.1_cds_XP_015675579.1_12891	969	930.949	0	0
lcl|NW_015387291.1_cds_XP_029140716.1_12892	2805	2775.88	4	0.134203
lcl|NW_015387291.1_cds_XP_015675571.1_12893	2808	2804.53	29	0.963029
lcl|NW_015387291.1_cds_XP_015675572.1_12894	2538	2566.39	115.844	4.20388
lcl|NW_015387291.1_cds_XP_015675573.1_12895	294	244.334	2248	856.869
lcl|NW_015387291.1_cds_XP_029140718.1_12896	933	925.066	144.375	14.5352
lcl|NW_015387291.1_cds_XP_029140717.1_12897	1137	1158.59	283.625	22.799
lcl|NW_015387291.1_cds_XP_015675575.1_12898	783	751.095	83	10.2916
lcl|NW_015387291.1_cds_XP_015675576.1_12899	1419	1399.74	54	3.59291
lcl|NW_015387292.1_cds_XP_015675580.1_12900	2127	2115.97	110	4.84155
lcl|NW_015387292.1_cds_XP_015675581.1_12901	3012	3116.15	11	0.328758
lcl|NW_015387295.1_cds_XP_015675582.1_12902	915	869.065	8.00523	0.857872
lcl|NW_015387295.1_cds_XP_015675583.1_12903	915	869.065	8.00523	0.857872
lcl|NW_015387295.1_cds_XP_015675584.1_12904	1440	1404.47	254.802	16.8963
lcl|NW_015387295.1_cds_XP_015675586.1_12905	1086	1008.7	220	20.3125
lcl|NW_015387295.1_cds_XP_015675592.1_12906	1227	1182.15	6	0.472693
lcl|NW_015387295.1_cds_XP_015675587.1_12907	1554	1600.2	221	12.8623
lcl|NW_015387295.1_cds_XP_015675588.1_12908	507	437.075	56.5	12.0391
lcl|NW_015387295.1_cds_XP_015675590.1_12909	507	437.075	56.5	12.0391
lcl|NW_015387295.1_cds_XP_029140720.1_12910	414	351.455	0	0
lcl|NW_015387295.1_cds_XP_015675591.1_12911	1302	1261.47	7	0.516801
lcl|NW_015387295.1_cds_XP_015675593.1_12912	1695	1544.1	9.34134	0.563425
lcl|NW_015387295.1_cds_XP_015675594.1_12913	1539	1378.78	0.658655	0.0444901
lcl|NW_015387296.1_cds_XP_015675597.1_12914	2418	2400.61	3	0.116386
lcl|NW_015387296.1_cds_XP_015675595.1_12915	573	512.292	88	15.998
lcl|NW_015387296.1_cds_XP_015675598.1_12916	2532	2405.89	5	0.193551
lcl|NW_015387296.1_cds_XP_029140721.1_12917	5073	5135.29	38	0.68916
lcl|NW_015387297.1_cds_XP_015675606.1_12918	600	583.543	14	2.23438
lcl|NW_015387297.1_cds_XP_029140723.1_12919	882	846.96	137.82	15.1548
lcl|NW_015387297.1_cds_XP_015675603.1_12920	1467	1254.11	6	0.445572
lcl|NW_015387297.1_cds_XP_015675604.1_12921	1155	1040.45	12	1.07414
lcl|NW_015387297.1_cds_XP_015675600.1_12922	2385	2400.94	4	0.15516
lcl|NW_015387297.1_cds_XP_015675605.1_12923	1149	1110.95	0	0
lcl|NW_015387297.1_cds_XP_015675602.1_12924	1317	1265.73	32	2.35455
lcl|NW_015387298.1_cds_XP_015675607.1_12925	3480	3619.13	696	17.9104
lcl|NW_015387298.1_cds_XP_015675608.1_12926	918	941.788	890	88.0113
lcl|NW_015387298.1_cds_XP_029140724.1_12927	1296	1275.6	18	1.31419
lcl|NW_015387298.1_cds_XP_015675609.1_12928	1902	1964.71	9	0.426624
lcl|NW_015387299.1_cds_XP_029140725.1_12929	2215	2050.56	14	0.635854
lcl|NW_015387299.1_cds_XP_015675613.1_12930	6540	6443.19	1	0.0144544
lcl|NW_015387299.1_cds_XP_015675616.1_12931	1269	1230.95	0	0
lcl|NW_015387299.1_cds_XP_015675615.1_12932	1386	1381.46	1	0.0674161
lcl|NW_015387299.1_cds_XP_015675614.1_12933	1578	1568.04	0	0
lcl|NW_015387300.1_cds_XP_015675617.1_12934	972	933.949	0	0
lcl|NW_015387300.1_cds_XP_029140726.1_12935	2145	2112.21	8	0.35274
lcl|NW_015387302.1_cds_XP_015675619.1_12936	1035	902.331	3	0.30964
lcl|NW_015387303.1_cds_XP_015675623.1_12937	1119	1080.95	0	0
lcl|NW_015387303.1_cds_XP_015675620.1_12938	1269	1272.79	47	3.43908
lcl|NW_015387303.1_cds_XP_015675621.1_12939	1488	1477.68	65	4.09669
lcl|NW_015387304.1_cds_XP_015675635.1_12940	2637	2574.5	35	1.26613
lcl|NW_015387304.1_cds_XP_015675637.1_12941	1770	1801.17	11	0.568774
lcl|NW_015387304.1_cds_XP_015675625.1_12942	1302	1289.18	8	0.577934
lcl|NW_015387304.1_cds_XP_015675624.1_12943	2319	2243.06	67	2.78187
lcl|NW_015387304.1_cds_XP_015675627.1_12944	783	709.121	3057	401.491
lcl|NW_015387304.1_cds_XP_015675626.1_12945	1983	1969.68	87	4.11364
lcl|NW_015387304.1_cds_XP_015675628.1_12946	1347	1314.47	29	2.05469
lcl|NW_015387304.1_cds_XP_015675629.1_12947	2646	2651.44	293	10.2917
lcl|NW_015387304.1_cds_XP_015675631.1_12948	1797	1793.73	527.495	27.3881
lcl|NW_015387304.1_cds_XP_015675630.1_12949	1872	1876.55	128.505	6.37769
lcl|NW_015387304.1_cds_XP_029140728.1_12950	2484	2435.58	67	2.56197
lcl|NW_015387304.1_cds_XP_015675636.1_12951	1605	1540.63	2	0.120902
lcl|NW_015387304.1_cds_XP_015675634.1_12952	2052	1995.62	33	1.54006
lcl|NW_015387305.1_cds_XP_015675638.1_12953	1431	1411.73	480	31.6659
lcl|NW_015387305.1_cds_XP_015675644.1_12954	648	627.036	2	0.297056
lcl|NW_015387305.1_cds_XP_015675640.1_12955	828	803.435	188.361	21.8344
lcl|NW_015387305.1_cds_XP_015675639.1_12956	915	896.48	148.778	15.4561
lcl|NW_015387305.1_cds_XP_015675641.1_12957	810	789.088	125.861	14.8548
lcl|NW_015387305.1_cds_XP_015675642.1_12958	519	479.488	340	66.0393
lcl|NW_015387305.1_cds_XP_015675643.1_12959	894	865.43	502	54.0223
lcl|NW_015387306.1_cds_XP_015675652.1_12960	1959	1920.95	0	0
lcl|NW_015387306.1_cds_XP_015675646.1_12961	852	852.844	341.957	37.3425
lcl|NW_015387306.1_cds_XP_015675647.1_12962	813	813.644	64.0427	7.33055
lcl|NW_015387306.1_cds_XP_015675648.1_12963	582	523.632	630	112.051
lcl|NW_015387306.1_cds_XP_015675649.1_12964	2457	2366.27	75	2.95188
lcl|NW_015387306.1_cds_XP_015675650.1_12965	2478	2462.43	947	35.8169
lcl|NW_015387306.1_cds_XP_015675653.2_12966	654	632.942	0	0
lcl|NW_015387307.1_cds_XP_015675654.1_12967	396	334.484	241	67.1032
lcl|NW_015387307.1_cds_XP_015675655.1_12968	3459	3349.18	55	1.52941
lcl|NW_015387307.1_cds_XP_015675656.1_12969	1011	972.949	0	0
lcl|NW_015387307.1_cds_XP_015675657.1_12970	1476	1437.95	0	0
lcl|NW_015387307.1_cds_XP_029140729.1_12971	939	900.949	0	0
lcl|NW_015387308.1_cds_XP_015675658.1_12972	1326	1240.13	134	10.0633
lcl|NW_015387308.1_cds_XP_015675663.1_12973	1293	1304.17	862.934	61.6234
lcl|NW_015387308.1_cds_XP_015675662.1_12974	1386	1395.75	337.297	22.5065
lcl|NW_015387308.1_cds_XP_015675661.1_12975	1389	1397.81	564.189	37.5905
lcl|NW_015387308.1_cds_XP_015675659.1_12976	1392	1401.19	772.29	51.3316
lcl|NW_015387308.1_cds_XP_015675660.1_12977	1392	1401.19	772.29	51.3316
lcl|NW_015387308.1_cds_XP_015675665.1_12978	2583	2543.11	40	1.46486
lcl|NW_015387308.1_cds_XP_015675672.1_12979	450	411.949	0	0
lcl|NW_015387308.1_cds_XP_015675666.1_12980	3033	2958.17	509.234	16.0323
lcl|NW_015387308.1_cds_XP_015675667.1_12981	1677	1637.43	64	3.64014
lcl|NW_015387308.1_cds_XP_015675668.1_12982	1587	1569.63	144	8.54409
lcl|NW_015387308.1_cds_XP_015675669.1_12983	411	332.134	132	37.0137
lcl|NW_015387308.1_cds_XP_015675670.1_12984	1185	1111.96	192	16.081
lcl|NW_015387308.1_cds_XP_015675671.1_12985	1020	981.949	0	0
lcl|NW_015387309.1_cds_XP_015675673.1_12986	636	597.949	0	0
lcl|NW_015387309.1_cds_XP_029140731.1_12987	1173	1119.48	2	0.166386
lcl|NW_015387309.1_cds_XP_015675676.1_12988	1026	854.137	25	2.72592
lcl|NW_015387310.1_cds_XP_015675677.1_12989	3408	3280.51	85	2.41312
lcl|NW_015387310.1_cds_XP_029140732.1_12990	1104	881.919	1	0.105602
lcl|NW_015387310.1_cds_XP_015675679.1_12991	2595	2556.95	0	0
lcl|NW_015387310.1_cds_XP_015675681.1_12992	633	567.916	85	13.9392
lcl|NW_015387310.1_cds_XP_029140733.1_12993	3696	3570.96	23	0.599852
lcl|NW_015387312.1_cds_XP_015675682.1_12994	3921	3914.09	337	8.01863
lcl|NW_015387312.1_cds_XP_029140734.1_12995	2718	2679.95	0	0
lcl|NW_015387312.1_cds_XP_015675683.1_12996	2610	2571.95	0	0
lcl|NW_015387312.1_cds_XP_029140735.1_12997	3150	3111.95	0	0
lcl|NW_015387312.1_cds_XP_015675684.2_12998	2037	1998.95	0	0
lcl|NW_015387313.1_cds_XP_015675688.1_12999	855	811.5	2.5248	0.289761
lcl|NW_015387313.1_cds_XP_029140736.1_13000	4497	4478.25	6	0.12478
lcl|NW_015387313.1_cds_XP_029140737.1_13001	885	846.949	0	0
lcl|NW_015387313.1_cds_XP_015675687.1_13002	3057	3129.15	9	0.267866
lcl|NW_015387314.1_cds_XP_015675689.1_13003	2331	2292.95	0	0
lcl|NW_015387314.1_cds_XP_015675690.1_13004	387	328.587	15	4.2515
lcl|NW_015387314.1_cds_XP_015675691.1_13005	1362	1285.55	51.5	3.73096
lcl|NW_015387314.1_cds_XP_015675692.1_13006	1362	1285.55	51.5	3.73096
lcl|NW_015387316.1_cds_XP_029140738.1_13007	2494	2563.71	1	0.0363272
lcl|NW_015387317.1_cds_XP_029140740.1_13008	1248	1209.95	0	0
lcl|NW_015387317.1_cds_XP_015675695.2_13009	2208	2141.37	296	12.8736
lcl|NW_015387317.1_cds_XP_029140739.1_13010	1386	1347.95	0	0
lcl|NW_015387317.1_cds_XP_015675697.1_13011	1083	1092.56	243.215	20.7323
lcl|NW_015387317.1_cds_XP_015675698.1_13012	1080	1090.47	837.669	71.5417
lcl|NW_015387317.1_cds_XP_015675699.1_13013	1044	1060.71	400.818	35.1927
lcl|NW_015387317.1_cds_XP_015675700.1_13014	1041	1054.13	750.526	66.3094
lcl|NW_015387317.1_cds_XP_015675701.1_13015	1041	1042.9	51.3399	4.58473
lcl|NW_015387317.1_cds_XP_015675702.1_13016	1002	1011.05	83.9375	7.73186
lcl|NW_015387317.1_cds_XP_015675703.1_13017	999	1004.47	162.008	15.0211
lcl|NW_015387317.1_cds_XP_015675704.1_13018	996	992.432	492.661	46.2326
lcl|NW_015387317.1_cds_XP_015675705.1_13019	957	960.583	870.12	84.3617
lcl|NW_015387317.1_cds_XP_015675706.1_13020	954	941.04	45.6035	4.51328
lcl|NW_015387317.1_cds_XP_015675707.1_13021	951	938.955	196.839	19.5239
lcl|NW_015387317.1_cds_XP_015675708.1_13022	915	909.191	77.9436	7.98411
lcl|NW_015387317.1_cds_XP_015675710.1_13023	912	902.607	161.242	16.6372
lcl|NW_015387317.1_cds_XP_015675711.1_13024	1377	1385.75	104.078	6.99479
lcl|NW_015387317.1_cds_XP_015675714.1_13025	2634	2595.95	0	0
lcl|NW_015387319.1_cds_XP_015675720.1_13026	601	562.949	0	0
lcl|NW_015387319.1_cds_XP_015675715.1_13027	1584	1578.37	141	8.31978
lcl|NW_015387319.1_cds_XP_015675723.1_13028	993	931.151	317	31.7059
lcl|NW_015387319.1_cds_XP_015675716.1_13029	2028	1983.31	235	11.0352
lcl|NW_015387319.1_cds_XP_015675717.1_13030	1233	1134.24	537	44.0931
lcl|NW_015387319.1_cds_XP_015675724.1_13031	2901	2862.95	0	0
lcl|NW_015387319.1_cds_XP_015675718.1_13032	882	851.381	73	7.98546
lcl|NW_015387319.1_cds_XP_015675722.1_13033	1140	1152.62	10	0.808004
lcl|NW_015387320.1_cds_XP_015675725.1_13034	531	437.947	23	4.89111
lcl|NW_015387320.1_cds_XP_015675726.1_13035	4224	4080.68	272	6.2078
lcl|NW_015387320.1_cds_XP_015675735.1_13036	690	639.589	837	121.878
lcl|NW_015387320.1_cds_XP_015675727.1_13037	1788	1806.44	167.194	8.61985
lcl|NW_015387320.1_cds_XP_015675728.1_13038	1821	1841.35	4.97608e-06	2.51682e-07
lcl|NW_015387320.1_cds_XP_015675736.2_13039	732	715.417	2	0.260359
lcl|NW_015387320.1_cds_XP_015675730.1_13040	1017	998.374	119.396	11.1377
lcl|NW_015387320.1_cds_XP_015675729.1_13041	1032	1018.54	101.358	9.26788
lcl|NW_015387320.1_cds_XP_015675731.1_13042	873	855.01	34.781	3.78854
lcl|NW_015387320.1_cds_XP_015675732.1_13043	981	959.216	420.465	40.8239
lcl|NW_015387320.1_cds_XP_015675734.1_13044	1470	1420.06	168	11.018
lcl|NW_015387321.1_cds_XP_015675737.1_13045	1431	1435.87	17	1.10265
lcl|NW_015387321.1_cds_XP_015675739.1_13046	1179	1123.66	4	0.331534
lcl|NW_015387321.1_cds_XP_015675738.1_13047	1203	1141.86	1.59479e-06	1.30075e-07
lcl|NW_015387322.1_cds_XP_015675742.1_13048	1851	1822.98	40	2.04353
lcl|NW_015387322.1_cds_XP_015675741.1_13049	1890	1918.39	695.269	33.7534
lcl|NW_015387322.1_cds_XP_015675740.1_13050	1917	1942.89	517.731	24.8174
lcl|NW_015387322.1_cds_XP_015675743.1_13051	1593	1504.68	4	0.247581
lcl|NW_015387323.1_cds_XP_029140741.1_13052	738	699.949	0	0
lcl|NW_015387323.1_cds_XP_015675744.1_13053	1014	972.303	283.897	27.1933
lcl|NW_015387323.1_cds_XP_015675753.1_13054	1008	973.695	64.1739	6.13814
lcl|NW_015387323.1_cds_XP_015675748.1_13055	666	630.359	140.907	20.8184
lcl|NW_015387323.1_cds_XP_015675749.1_13056	3054	2930.34	17	0.540297
lcl|NW_015387323.1_cds_XP_015675755.1_13057	444	417.143	5.45959e-07	1.21892e-07
lcl|NW_015387323.1_cds_XP_015675750.1_13058	894	855.949	0	0
lcl|NW_015387323.1_cds_XP_015675751.1_13059	2691	2647.54	16.9058	0.594694
lcl|NW_015387323.1_cds_XP_015675752.1_13060	645	644.507	1	0.144502
lcl|NW_015387328.1_cds_XP_015675756.1_13061	1237	1198.95	0	0
lcl|NW_015387328.1_cds_XP_015675757.1_13062	1806	1767.95	0	0
lcl|NW_015387328.1_cds_XP_029140742.1_13063	2049	2010.95	0	0
lcl|NW_015387328.1_cds_XP_029140743.1_13064	915	824.882	1	0.112904
lcl|NW_015387328.1_cds_XP_015675762.1_13065	579	494.446	41.5	7.81683
lcl|NW_015387328.1_cds_XP_015675763.1_13066	579	494.446	41.5	7.81683
lcl|NW_015387328.1_cds_XP_015675760.1_13067	1080	1041.95	0	0
lcl|NW_015387328.1_cds_XP_015675761.1_13068	1074	1035.95	0	0
lcl|NW_015387328.1_cds_XP_015675764.1_13069	285	214.83	41	17.7742
lcl|NW_015387328.1_cds_XP_015675765.1_13070	822	703.725	95	12.5725
lcl|NW_015387328.1_cds_XP_015675767.1_13071	1011	910.918	37	3.78289
lcl|NW_015387329.1_cds_XP_015675768.1_13072	678	647.344	284	40.8587
lcl|NW_015387329.1_cds_XP_015675769.1_13073	678	647.344	284	40.8587
lcl|NW_015387329.1_cds_XP_015675770.1_13074	1851	1742.03	310	16.5733
lcl|NW_015387329.1_cds_XP_015675771.1_13075	1983	1904.56	1806	88.3129
lcl|NW_015387331.1_cds_XP_015675772.1_13076	1863	1756.42	71	3.76472
lcl|NW_015387331.1_cds_XP_015675773.1_13077	2526	2352.66	50	1.9793
lcl|NW_015387331.1_cds_XP_015675774.1_13078	675	636.949	0	0
lcl|NW_015387332.1_cds_XP_015675775.1_13079	330	291.949	0	0
lcl|NW_015387333.1_cds_XP_015675783.1_13080	771	708.346	4	0.525915
lcl|NW_015387333.1_cds_XP_015675776.1_13081	2679	2531.96	976	35.9
lcl|NW_015387333.1_cds_XP_029140744.1_13082	2724	2574.32	0.000291275	1.05376e-05
lcl|NW_015387333.1_cds_XP_015675784.2_13083	411	382.168	3	0.731086
lcl|NW_015387333.1_cds_XP_015675779.2_13084	807	744.603	9	1.12569
lcl|NW_015387333.1_cds_XP_015675780.1_13085	1200	1156.4	68	5.47648
lcl|NW_015387333.1_cds_XP_015675781.1_13086	1008	966.941	11	1.05948
lcl|NW_015387333.1_cds_XP_029140745.1_13087	1749	1689.19	47	2.59132
lcl|NW_015387334.1_cds_XP_015675785.1_13088	2541	2664.32	1	0.0349554
lcl|NW_015387335.1_cds_XP_029140746.1_13089	1026	987.949	0	0
lcl|NW_015387335.1_cds_XP_015675790.1_13090	1377	1394.7	1.51147	0.10093
lcl|NW_015387335.1_cds_XP_015675791.1_13091	237	198.949	0	0
lcl|NW_015387335.1_cds_XP_015675792.1_13092	1041	977.918	2	0.190471
lcl|NW_015387335.1_cds_XP_015675793.1_13093	1437	1310.05	63	4.47873
lcl|NW_015387335.1_cds_XP_015675796.1_13094	699	643.971	160	23.1396
lcl|NW_015387335.1_cds_XP_015675786.1_13095	459	386.898	257	61.864
lcl|NW_015387335.1_cds_XP_015675794.1_13096	891	852.949	0	0
lcl|NW_015387335.1_cds_XP_015675798.1_13097	447	349.472	11.393	3.03617
lcl|NW_015387335.1_cds_XP_015675797.1_13098	450	350.857	76.607	20.3348
lcl|NW_015387335.1_cds_XP_015675787.1_13099	1932	1886.65	35	1.72774
lcl|NW_015387335.1_cds_XP_029140747.1_13100	3774	3564.46	4	0.104512
lcl|NW_015387335.1_cds_XP_015675799.1_13101	1287	1248.95	0	0
lcl|NW_015387336.1_cds_XP_015675801.1_13102	369	312.434	6.78873	2.02363
lcl|NW_015387336.1_cds_XP_029140748.1_13103	420	360.242	45.2113	11.6884
lcl|NW_015387336.1_cds_XP_015675802.1_13104	2733	2604.12	539	19.2765
lcl|NW_015387336.1_cds_XP_015675803.1_13105	3456	3361.93	9	0.249319
lcl|NW_015387338.1_cds_XP_015675806.1_13106	1221	1183.98	54	4.24768
lcl|NW_015387338.1_cds_XP_015675804.1_13107	2733	2681.48	172	5.97386
lcl|NW_015387338.1_cds_XP_029140749.1_13108	1446	1500.79	2	0.124111
lcl|NW_015387338.1_cds_XP_029140753.1_13109	1425	1378.04	1	0.0675835
lcl|NW_015387338.1_cds_XP_015675815.1_13110	948	940.378	11	1.08941
lcl|NW_015387338.1_cds_XP_015675805.1_13111	984	901.849	23	2.37517
lcl|NW_015387338.1_cds_XP_015675811.2_13112	2943	2927.52	104	3.30852
lcl|NW_015387338.1_cds_XP_029140751.1_13113	1527	1543.16	5	0.301759
lcl|NW_015387338.1_cds_XP_015675813.1_13114	2529	2472.07	23	0.8665
lcl|NW_015387338.1_cds_XP_029140752.1_13115	5622	5774.3	7	0.112902
lcl|NW_015387339.1_cds_XP_015675816.2_13116	3154	3247.84	13	0.372778
lcl|NW_015387340.1_cds_XP_015675820.1_13117	1120	1028.18	15.0263	1.36108
lcl|NW_015387340.1_cds_XP_015675830.1_13118	453	361.754	122	31.4085
lcl|NW_015387340.1_cds_XP_015675821.1_13119	4614	4575.95	0	0
lcl|NW_015387340.1_cds_XP_015675822.1_13120	1521	1482.95	0	0
lcl|NW_015387340.1_cds_XP_015675823.1_13121	3264	3003.77	36	1.11619
lcl|NW_015387340.1_cds_XP_015675817.1_13122	891	807.937	115	13.2563
lcl|NW_015387340.1_cds_XP_015675824.1_13123	1116	979.394	1	0.095092
lcl|NW_015387340.1_cds_XP_015675818.1_13124	1593	1458.4	100	6.38592
lcl|NW_015387340.1_cds_XP_015675825.1_13125	1248	1209.95	0	0
lcl|NW_015387340.1_cds_XP_015675826.1_13126	399	337.083	1	0.276289
lcl|NW_015387340.1_cds_XP_015675827.1_13127	1923	1806.5	67	3.45413
lcl|NW_015387340.1_cds_XP_015675828.1_13128	939	815.659	2	0.228362
lcl|NW_015387341.1_cds_XP_015675867.1_13129	1098	914.129	12	1.22257
lcl|NW_015387341.1_cds_XP_015675844.1_13130	2736	2697.95	0	0
lcl|NW_015387341.1_cds_XP_015675846.1_13131	1221	1053.92	15	1.32552
lcl|NW_015387341.1_cds_XP_015675868.1_13132	1212	1122.07	13	1.07901
lcl|NW_015387341.1_cds_XP_029140756.1_13133	2430	2084.68	4	0.178699
lcl|NW_015387341.1_cds_XP_015675869.1_13134	1473	1392.09	7	0.468308
lcl|NW_015387341.1_cds_XP_029140754.1_13135	1113	993.207	2	0.187539
lcl|NW_015387341.1_cds_XP_015675849.1_13136	906	692.686	37	4.97469
lcl|NW_015387341.1_cds_XP_015675850.1_13137	2100	2061.95	0	0
lcl|NW_015387341.1_cds_XP_015675870.1_13138	576	487.731	120.93	23.0917
lcl|NW_015387341.1_cds_XP_015675871.1_13139	534	430.668	159.07	34.399
lcl|NW_015387341.1_cds_XP_015675851.1_13140	987	901.057	1430	147.804
lcl|NW_015387341.1_cds_XP_015675872.1_13141	1152	924.958	1	0.100688
lcl|NW_015387341.1_cds_XP_015675852.1_13142	471	379.247	3	0.736716
lcl|NW_015387341.1_cds_XP_015675832.1_13143	417	352.864	176635	46619.9
lcl|NW_015387341.1_cds_XP_015675831.1_13144	417	324.603	166247	47698.3
lcl|NW_015387341.1_cds_XP_015675834.1_13145	420	350.107	15.7593	4.19215
lcl|NW_015387341.1_cds_XP_029140758.1_13146	444	415.738	2	0.448035
lcl|NW_015387341.1_cds_XP_015675836.1_13147	417	343.042	1290.14	350.26
lcl|NW_015387341.1_cds_XP_015675835.1_13148	417	347.789	38447.9	10295.8
lcl|NW_015387341.1_cds_XP_029140759.1_13149	459	396.715	2	0.469518
lcl|NW_015387341.1_cds_XP_015675873.1_13150	1026	950.525	21	2.05758
lcl|NW_015387341.1_cds_XP_015675854.1_13151	222	140.552	3	1.98786
lcl|NW_015387341.1_cds_XP_029140760.1_13152	3729	3446.46	1	0.0270227
lcl|NW_015387341.1_cds_XP_029140755.1_13153	1113	981.854	133	12.6155
lcl|NW_015387341.1_cds_XP_015675875.2_13154	801	701.28	1	0.132804
lcl|NW_015387341.1_cds_XP_015675856.1_13155	1290	964.506	3	0.289679
lcl|NW_015387341.1_cds_XP_029140761.1_13156	939	844.172	1	0.110324
lcl|NW_015387341.1_cds_XP_015675841.1_13157	444	384.846	3.33333	0.806665
lcl|NW_015387341.1_cds_XP_015675842.1_13158	444	384.846	3.33333	0.806665
lcl|NW_015387341.1_cds_XP_015675843.1_13159	444	384.846	3.33333	0.806665
lcl|NW_015387341.1_cds_XP_015675858.1_13160	1674	1425.06	2	0.130707
lcl|NW_015387341.1_cds_XP_015675838.1_13161	1179	1140.95	0	0
lcl|NW_015387341.1_cds_XP_015675837.1_13162	2352	2141.73	2	0.0869693
lcl|NW_015387341.1_cds_XP_015675859.1_13163	1212	1029.39	29	2.62374
lcl|NW_015387341.1_cds_XP_015675839.1_13164	801	762.949	0	0
lcl|NW_015387341.1_cds_XP_015675860.1_13165	654	615.949	0	0
lcl|NW_015387341.1_cds_XP_029140762.1_13166	4176	4137.95	0	0
lcl|NW_015387341.1_cds_XP_015675876.1_13167	789	750.949	0	0
lcl|NW_015387341.1_cds_XP_015675861.1_13168	1239	1046.17	1	0.0890226
lcl|NW_015387341.1_cds_XP_015675862.1_13169	5235	4765.45	15	0.293149
lcl|NW_015387341.1_cds_XP_015675863.1_13170	363	295.661	1	0.314997
lcl|NW_015387341.1_cds_XP_015675864.1_13171	864	825.949	0	0
lcl|NW_015387341.1_cds_XP_015675865.1_13172	609	570.949	0	0
lcl|NW_015387341.1_cds_XP_029140763.1_13173	1236	1060.98	40	3.5112
lcl|NW_015387341.1_cds_XP_015675866.1_13174	1236	1197.95	0	0
lcl|NW_015387342.1_cds_XP_015675878.1_13175	2496	2445.57	10	0.380821
lcl|NW_015387342.1_cds_XP_015675884.1_13176	1701	1661.46	185.205	10.3816
lcl|NW_015387342.1_cds_XP_015675879.1_13177	1386	1354.42	38	2.61295
lcl|NW_015387342.1_cds_XP_015675885.1_13178	1569	1520.97	214	13.1037
lcl|NW_015387342.1_cds_XP_029140764.1_13179	2133	2053.93	19	0.861527
lcl|NW_015387342.1_cds_XP_015675880.1_13180	723	645.689	12	1.73085
lcl|NW_015387342.1_cds_XP_015675882.1_13181	1728	1714.59	5	0.271588
lcl|NW_015387342.1_cds_XP_015675886.2_13182	1077	1038.95	0	0
lcl|NW_015387342.1_cds_XP_029140765.1_13183	1836	1797.95	0	0
lcl|NW_015387342.1_cds_XP_015675883.1_13184	1209	1221.87	31	2.36286
lcl|NW_015387342.1_cds_XP_015675888.1_13185	1824	1785.95	0	0
lcl|NW_015387344.1_cds_XP_015675889.2_13186	1392	1364.19	820.971	56.0473
lcl|NW_015387344.1_cds_XP_029140766.1_13187	1746	1699.73	590.445	32.3519
lcl|NW_015387344.1_cds_XP_015675893.2_13188	1479	1440.95	0	0
lcl|NW_015387344.1_cds_XP_015675900.2_13189	1479	1433.28	20.8691	1.35605
lcl|NW_015387344.1_cds_XP_029140767.1_13190	1485	1446.95	0	0
lcl|NW_015387344.1_cds_XP_015675896.1_13191	1269	1230.95	0	0
lcl|NW_015387344.1_cds_XP_029140768.1_13192	624	585.949	0	0
lcl|NW_015387344.1_cds_XP_015675897.1_13193	1488	1449.95	0	0
lcl|NW_015387344.1_cds_XP_029140769.1_13194	771	732.949	0	0
lcl|NW_015387344.1_cds_XP_015675901.1_13195	1485	1446.95	0	0
lcl|NW_015387344.1_cds_XP_015675899.1_13196	1470	1431.95	0	0
lcl|NW_015387344.1_cds_XP_015675892.1_13197	1302	1206.17	158	12.1998
lcl|NW_015387345.1_cds_XP_015675907.1_13198	438	399.949	0	0
lcl|NW_015387345.1_cds_XP_015675902.1_13199	471	427.694	241	52.479
lcl|NW_015387345.1_cds_XP_029140770.1_13200	1608	1569.95	0	0
lcl|NW_015387345.1_cds_XP_015675908.1_13201	957	871.937	39	4.16563
lcl|NW_015387345.1_cds_XP_015675903.1_13202	1053	996.169	663	61.9843
lcl|NW_015387346.1_cds_XP_015675910.1_13203	498	467.428	1230	245.071
lcl|NW_015387346.1_cds_XP_015675909.1_13204	513	509.581	136	24.8557
lcl|NW_015387346.1_cds_XP_015675911.1_13205	306	268.471	13	4.5097
lcl|NW_015387346.1_cds_XP_015675912.1_13206	297	243.381	20.5	7.84457
lcl|NW_015387346.1_cds_XP_015675913.1_13207	297	243.381	20.5	7.84457
lcl|NW_015387347.1_cds_XP_015675915.1_13208	1296	1291.88	40	2.88362
lcl|NW_015387347.1_cds_XP_015675916.1_13209	1527	1510.9	84	5.17781
lcl|NW_015387347.1_cds_XP_015675920.1_13210	1389	1379.72	7	0.472508
lcl|NW_015387347.1_cds_XP_029140772.1_13211	1242	1234.71	0	0
lcl|NW_015387347.1_cds_XP_015675917.1_13212	354	315.949	0	0
lcl|NW_015387347.1_cds_XP_015675919.1_13213	696	659.443	210	29.6581
lcl|NW_015387348.1_cds_XP_015675922.1_13214	840	801.949	0	0
lcl|NW_015387348.1_cds_XP_015675932.1_13215	1665	1523.19	10	0.611431
lcl|NW_015387348.1_cds_XP_015675923.1_13216	3921	3583.16	4	0.103967
lcl|NW_015387348.1_cds_XP_015675924.1_13217	1599	1401.79	5	0.332191
lcl|NW_015387348.1_cds_XP_015675925.1_13218	387	348.949	0	0
lcl|NW_015387348.1_cds_XP_015675927.1_13219	645	606.949	0	0
lcl|NW_015387348.1_cds_XP_015675928.1_13220	549	510.949	0	0
lcl|NW_015387348.1_cds_XP_015675921.1_13221	2460	2357.3	45	1.77787
lcl|NW_015387348.1_cds_XP_029140773.1_13222	1767	1728.95	0	0
lcl|NW_015387348.1_cds_XP_015675929.1_13223	1878	1767.49	73	3.84651
lcl|NW_015387348.1_cds_XP_015675930.2_13224	870	821.958	10	1.13306
lcl|NW_015387348.1_cds_XP_029140774.1_13225	1674	1507.89	38	2.34702
lcl|NW_015387348.1_cds_XP_029140775.1_13226	726	687.949	0	0
lcl|NW_015387349.1_cds_XP_015675939.1_13227	930	866.628	52.6236	5.65522
lcl|NW_015387349.1_cds_XP_029140776.1_13228	2211	1955.92	4	0.190463
lcl|NW_015387349.1_cds_XP_015675934.1_13229	282	207.592	45.0149	20.1951
lcl|NW_015387349.1_cds_XP_015675933.1_13230	477	406.974	5.9851	1.36964
lcl|NW_015387349.1_cds_XP_029140777.1_13231	4674	4554	97	1.98372
lcl|NW_015387349.1_cds_XP_029140778.1_13232	2010	1802.07	267	13.7988
lcl|NW_015387349.1_cds_XP_015675942.1_13233	420	344.468	39	10.5443
lcl|NW_015387349.1_cds_XP_029140779.1_13234	1014	1016.33	3.95696	0.362602
lcl|NW_015387349.1_cds_XP_015675943.1_13235	2895	2856.95	0	0
lcl|NW_015387349.1_cds_XP_015675945.1_13236	282	229.61	65	26.3648
lcl|NW_015387349.1_cds_XP_015675937.1_13237	1050	1064.02	2	0.175058
lcl|NW_015387349.1_cds_XP_015675938.1_13238	804	781.552	256	30.5059
lcl|NW_015387350.1_cds_XP_015675946.1_13239	2886	2972.6	32	1.00257
lcl|NW_015387350.1_cds_XP_015675947.1_13240	1479	1425.84	415	27.1068
lcl|NW_015387351.1_cds_XP_015675969.1_13241	1089	1050.95	0	0
lcl|NW_015387351.1_cds_XP_015675970.2_13242	1077	1038.95	0	0
lcl|NW_015387351.1_cds_XP_015675949.1_13243	903	853.316	1083.86	118.294
lcl|NW_015387351.1_cds_XP_015675948.1_13244	903	855.632	335.142	36.479
lcl|NW_015387351.1_cds_XP_015675971.1_13245	1245	1190.87	43	3.36282
lcl|NW_015387351.1_cds_XP_015675950.1_13246	1368	1281.71	81	5.88567
lcl|NW_015387351.1_cds_XP_015675978.1_13247	954	943.869	2	0.197342
lcl|NW_015387351.1_cds_XP_015675951.1_13248	1272	1229.98	738	55.8803
lcl|NW_015387351.1_cds_XP_015675952.1_13249	771	753.821	81	10.0073
lcl|NW_015387351.1_cds_XP_015675953.1_13250	894	922.28	1807	182.472
lcl|NW_015387351.1_cds_XP_015675979.1_13251	282	243.949	0	0
lcl|NW_015387351.1_cds_XP_015675972.1_13252	924	912.154	70	7.14712
lcl|NW_015387351.1_cds_XP_029140781.1_13253	870	823.705	11.6179	1.31358
lcl|NW_015387351.1_cds_XP_015675955.1_13254	1623	1584.7	68.9997	4.05511
lcl|NW_015387351.1_cds_XP_015675956.1_13255	1617	1582.22	0.000260027	1.53057e-05
lcl|NW_015387351.1_cds_XP_015675957.1_13256	783	735.792	10	1.26575
lcl|NW_015387351.1_cds_XP_015675980.1_13257	2481	2461.93	3	0.113487
lcl|NW_015387351.1_cds_XP_015675959.1_13258	2934	2887.61	262	8.45013
lcl|NW_015387351.1_cds_XP_015675960.1_13259	900	867.06	352	37.809
lcl|NW_015387351.1_cds_XP_029140783.1_13260	2268	2229.95	0	0
lcl|NW_015387351.1_cds_XP_029140780.1_13261	5745	5764.89	27	0.436189
lcl|NW_015387351.1_cds_XP_015675963.1_13262	1260	1224.64	18	1.36888
lcl|NW_015387351.1_cds_XP_015675962.1_13263	1491	1527.39	256	15.6096
lcl|NW_015387351.1_cds_XP_029140782.1_13264	3966	3975.17	9	0.210857
lcl|NW_015387351.1_cds_XP_015675977.1_13265	1515	1548.57	47	2.82663
lcl|NW_015387351.1_cds_XP_015675964.1_13266	1269	1247.91	458	34.181
lcl|NW_015387351.1_cds_XP_015675981.1_13267	1917	1878.95	0	0
lcl|NW_015387351.1_cds_XP_015675966.1_13268	912	908.503	41	4.203
lcl|NW_015387351.1_cds_XP_015675967.1_13269	912	908.503	41	4.203
lcl|NW_015387351.1_cds_XP_015675982.1_13270	1218	1179.95	0	0
lcl|NW_015387351.1_cds_XP_015675968.2_13271	5346	5450.79	23	0.392979
lcl|NW_015387351.1_cds_XP_029140784.1_13272	588	588.787	1	0.158177
lcl|NW_015387351.1_cds_XP_015675984.1_13273	627	538.952	1	0.172803
lcl|NW_015387352.1_cds_XP_015675986.1_13274	759	730.901	15.4715	1.9714
lcl|NW_015387352.1_cds_XP_029140785.1_13275	1935	1642.06	0	0
lcl|NW_015387352.1_cds_XP_015675987.1_13276	1881	1603.45	2	0.116165
lcl|NW_015387352.1_cds_XP_015675988.1_13277	255	216.949	0	0
lcl|NW_015387352.1_cds_XP_015675989.1_13278	585	546.949	0	0
lcl|NW_015387353.1_cds_XP_015676007.1_13279	1572	1533.95	0	0
lcl|NW_015387353.1_cds_XP_015675990.1_13280	882	845.442	42	4.62665
lcl|NW_015387353.1_cds_XP_015675991.1_13281	882	845.442	42	4.62665
lcl|NW_015387353.1_cds_XP_015675992.1_13282	882	845.442	42	4.62665
lcl|NW_015387353.1_cds_XP_015675993.1_13283	882	845.442	42	4.62665
lcl|NW_015387353.1_cds_XP_015675994.1_13284	1173	1145.69	8	0.650314
lcl|NW_015387353.1_cds_XP_015675995.1_13285	324	283.104	102	33.5548
lcl|NW_015387353.1_cds_XP_015675997.1_13286	1042	1035.55	277.825	24.9863
lcl|NW_015387353.1_cds_XP_015676002.1_13287	966	927.934	690.239	69.2761
lcl|NW_015387353.1_cds_XP_015676000.1_13288	1014	974.384	28.2348	2.69871
lcl|NW_015387353.1_cds_XP_015676001.1_13289	1011	972.836	1081.32	103.518
lcl|NW_015387353.1_cds_XP_015675998.1_13290	1032	989.049	55.2012	5.19795
lcl|NW_015387353.1_cds_XP_015675999.1_13291	1029	986.813	0.000250652	2.36558e-05
lcl|NW_015387353.1_cds_XP_029140786.1_13292	4365	4293.47	190	4.12141
lcl|NW_015387353.1_cds_XP_015676010.1_13293	483	443.014	24	5.0454
lcl|NW_015387353.1_cds_XP_015676003.1_13294	1425	1447.34	164	10.5529
lcl|NW_015387353.1_cds_XP_015676004.1_13295	687	647.88	38	5.46249
lcl|NW_015387353.1_cds_XP_015676005.1_13296	804	748.457	10.6898	1.33016
lcl|NW_015387353.1_cds_XP_015676006.1_13297	591	526.755	5.3102	0.938865
lcl|NW_015387354.1_cds_XP_015676011.1_13298	603	538.525	4	0.69176
lcl|NW_015387354.1_cds_XP_015676012.1_13299	534	510.27	22	4.01535
lcl|NW_015387354.1_cds_XP_015676013.1_13300	633	577.556	7.69647	1.24108
lcl|NW_015387355.1_cds_XP_015676014.1_13301	2961	2940.2	123	3.89609
lcl|NW_015387355.1_cds_XP_015676018.1_13302	1200	1195.27	19	1.48044
lcl|NW_015387355.1_cds_XP_015676016.1_13303	3957	3884.62	212.037	5.0835
lcl|NW_015387355.1_cds_XP_015676015.1_13304	4074	4005.16	50.9635	1.18506
lcl|NW_015387357.1_cds_XP_015676019.1_13305	1317	1282.24	4	0.29053
lcl|NW_015387357.1_cds_XP_029140788.1_13306	1005	973.629	6	0.57393
lcl|NW_015387358.1_cds_XP_015676021.1_13307	2727	2663.89	3	0.104883
lcl|NW_015387358.1_cds_XP_015676026.2_13308	2961	2922.95	0	0
lcl|NW_015387358.1_cds_XP_015676022.1_13309	573	530.316	0	0
lcl|NW_015387358.1_cds_XP_015676023.1_13310	573	528.668	21	3.69945
lcl|NW_015387358.1_cds_XP_015676024.1_13311	372	333.949	0	0
lcl|NW_015387358.1_cds_XP_015676025.1_13312	372	339.399	0	0
lcl|NW_015387359.1_cds_13313	483	444.949	0	0
lcl|NW_015387359.1_cds_XP_015676027.1_13314	1716	1679.59	94	5.21225
lcl|NW_015387359.1_cds_XP_015676039.1_13315	273	230.788	186.145	75.1172
lcl|NW_015387359.1_cds_XP_015676041.1_13316	246	201.77	21.0831	9.73149
lcl|NW_015387359.1_cds_XP_015676031.1_13317	1308	1235.9	8.465	0.637889
lcl|NW_015387359.1_cds_XP_015676028.1_13318	255	213.892	2.535	1.10379
lcl|NW_015387359.1_cds_XP_015676033.1_13319	468	428.339	79	17.1767
lcl|NW_015387359.1_cds_XP_015676032.1_13320	501	452.696	0	0
lcl|NW_015387359.1_cds_XP_015676034.1_13321	1560	1518.35	459.681	28.1958
lcl|NW_015387359.1_cds_XP_015676035.1_13322	1557	1519.03	139.319	8.54175
lcl|NW_015387359.1_cds_XP_015676036.1_13323	384	335.322	3	0.833221
lcl|NW_015387359.1_cds_XP_029140789.1_13324	1278	1275.54	95	6.93637
lcl|NW_015387359.1_cds_XP_015676038.1_13325	2178	2175.56	53	2.26886
lcl|NW_015387360.1_cds_XP_015676043.1_13326	501	448.863	32	6.63954
lcl|NW_015387360.1_cds_XP_015676042.1_13327	855	834.332	10	1.11625
lcl|NW_015387360.1_cds_XP_015676044.1_13328	1389	1372.04	14	0.950303
lcl|NW_015387360.1_cds_XP_015676045.1_13329	1167	1179.29	1.19368	0.0942696
lcl|NW_015387361.1_cds_XP_029140790.1_13330	2358	2407.57	5	0.193416
lcl|NW_015387361.1_cds_XP_015676046.1_13331	5190	5293.64	313	5.5067
lcl|NW_015387361.1_cds_XP_015676047.1_13332	933	910.945	222	22.6967
lcl|NW_015387361.1_cds_XP_015676053.1_13333	1284	1281.49	91.9805	6.68471
lcl|NW_015387361.1_cds_XP_015676048.1_13334	1299	1296.25	67.7549	4.86802
lcl|NW_015387361.1_cds_XP_015676049.1_13335	1299	1296.25	67.7549	4.86802
lcl|NW_015387361.1_cds_XP_015676050.1_13336	1299	1296.25	67.7549	4.86802
lcl|NW_015387361.1_cds_XP_015676051.1_13337	1299	1296.25	67.7549	4.86802
lcl|NW_015387361.1_cds_XP_015676055.1_13338	2607	2644.8	365	12.8529
lcl|NW_015387361.1_cds_XP_015676056.1_13339	900	891.031	69.2344	7.23653
lcl|NW_015387362.1_cds_XP_015676075.2_13340	2704	2665.95	0	0
lcl|NW_015387362.1_cds_XP_015676064.1_13341	969	905.898	93	9.56103
lcl|NW_015387362.1_cds_XP_015676076.1_13342	759	687.772	81	10.9684
lcl|NW_015387362.1_cds_XP_029140794.1_13343	1380	1294.61	15	1.07908
lcl|NW_015387362.1_cds_XP_015676065.1_13344	1983	1836.24	18	0.912943
lcl|NW_015387362.1_cds_XP_015676078.1_13345	1329	1295.47	9	0.647019
lcl|NW_015387362.1_cds_XP_015676080.1_13346	1779	1666.48	31	1.73246
lcl|NW_015387362.1_cds_XP_015676081.1_13347	1704	1673.83	19	1.05717
lcl|NW_015387362.1_cds_XP_015676057.1_13348	1383	1297.56	9	0.645977
lcl|NW_015387362.1_cds_XP_015676082.1_13349	507	468.949	0	0
lcl|NW_015387362.1_cds_XP_029140795.1_13350	2214	2175.95	0	0
lcl|NW_015387362.1_cds_XP_015676066.1_13351	2817	2682.92	1	0.0347131
lcl|NW_015387362.1_cds_XP_029140792.1_13352	1002	971.237	2	0.191781
lcl|NW_015387362.1_cds_XP_015676084.1_13353	1083	994.489	46	4.30783
lcl|NW_015387362.1_cds_XP_015676059.1_13354	1098	1035.66	0.000916075	8.23787e-05
lcl|NW_015387362.1_cds_XP_015676058.1_13355	1089	1024.07	19.9991	1.81879
lcl|NW_015387362.1_cds_XP_015676085.1_13356	294	221.911	5	2.09842
lcl|NW_015387362.1_cds_XP_015676088.1_13357	1446	1343.32	1	0.0693301
lcl|NW_015387362.1_cds_XP_015676086.1_13358	1974	1882.6	0	0
lcl|NW_015387362.1_cds_XP_015676089.1_13359	321	267.612	888	309.036
lcl|NW_015387362.1_cds_XP_015676090.2_13360	1287	1191.89	27	2.10974
lcl|NW_015387362.1_cds_XP_015676091.1_13361	393	351.919	66	17.4664
lcl|NW_015387362.1_cds_XP_029140791.1_13362	1830	1685.32	36	1.98939
lcl|NW_015387362.1_cds_XP_015676068.1_13363	993	954.949	0	0
lcl|NW_015387362.1_cds_XP_015676092.1_13364	873	811.848	20	2.29433
lcl|NW_015387362.1_cds_XP_015676093.1_13365	903	837.405	218	24.245
lcl|NW_015387362.1_cds_XP_015676069.1_13366	522	467.135	5	0.996848
lcl|NW_015387362.1_cds_XP_015676070.1_13367	1731	1637.29	13	0.739467
lcl|NW_015387362.1_cds_XP_015676072.1_13368	1539	1427.64	117	7.6325
lcl|NW_015387362.1_cds_XP_015676094.1_13369	4380	3943.89	2	0.0472287
lcl|NW_015387362.1_cds_XP_015676062.1_13370	2187	2032.71	32	1.46614
lcl|NW_015387362.1_cds_XP_015676073.1_13371	1104	1057.94	14	1.23245
lcl|NW_015387362.1_cds_XP_029140793.1_13372	1104	1029.57	1	0.0904574
lcl|NW_015387362.1_cds_XP_015676063.1_13373	2046	2028.81	32	1.46896
lcl|NW_015387362.1_cds_XP_029140796.1_13374	2475	2279.92	13	0.531037
lcl|NW_015387363.1_cds_XP_029140797.1_13375	3342	3161.21	1	0.0294611
lcl|NW_015387364.1_cds_XP_029140798.1_13376	3989	4043.02	21	0.483743
lcl|NW_015387364.1_cds_XP_015676098.1_13377	3075	3050.68	129	3.93817
lcl|NW_015387364.1_cds_XP_015676099.1_13378	1011	910.979	50	5.11167
lcl|NW_015387365.1_cds_XP_029140799.1_13379	1506	1467.95	0	0
lcl|NW_015387365.1_cds_XP_029140800.1_13380	1395	1356.95	0	0
lcl|NW_015387365.1_cds_XP_029140801.1_13381	1329	1310	1	0.0710934
lcl|NW_015387365.1_cds_XP_015676104.1_13382	1470	1431.95	0	0
lcl|NW_015387366.1_cds_XP_015676111.2_13383	6129	6052.72	165	2.53884
lcl|NW_015387366.1_cds_XP_029140805.1_13384	345	306.949	0	0
lcl|NW_015387366.1_cds_XP_029140804.1_13385	2445	2478.04	633	23.7901
lcl|NW_015387366.1_cds_XP_015676105.1_13386	4260	4340.03	240	5.15015
lcl|NW_015387366.1_cds_XP_029140802.1_13387	840	801.931	4	0.464541
lcl|NW_015387366.1_cds_XP_015676115.1_13388	444	381.129	20	4.8872
lcl|NW_015387366.1_cds_XP_015676116.1_13389	444	381.129	20	4.8872
lcl|NW_015387366.1_cds_XP_015676117.1_13390	444	381.129	20	4.8872
lcl|NW_015387366.1_cds_XP_015676106.1_13391	3393	3426.11	139	3.77846
lcl|NW_015387366.1_cds_XP_015676118.1_13392	1122	1076.5	66.0036	5.71025
lcl|NW_015387366.1_cds_XP_015676119.2_13393	651	603.808	21.9613	3.38735
lcl|NW_015387366.1_cds_XP_015676107.1_13394	933	863.326	28	3.02054
lcl|NW_015387366.1_cds_XP_015676109.1_13395	1263	1225.17	23	1.74837
lcl|NW_015387366.1_cds_XP_015676110.1_13396	1584	1578.58	205	12.0946
lcl|NW_015387366.1_cds_XP_029140803.1_13397	1341	1302.95	0	0
lcl|NW_015387367.1_cds_XP_029140806.1_13398	3645	3663	13	0.330528
lcl|NW_015387368.1_cds_XP_015676122.1_13399	1785	1853.29	85	4.27148
lcl|NW_015387368.1_cds_XP_015676123.1_13400	828	815.832	418	47.7174
lcl|NW_015387369.1_cds_XP_015676124.1_13401	1482	1497.36	397	24.6925
lcl|NW_015387369.1_cds_XP_015676125.1_13402	2118	2021.39	279	12.8545
lcl|NW_015387369.1_cds_XP_015676126.1_13403	507	484.941	1	0.192049
lcl|NW_015387369.1_cds_XP_015676128.1_13404	1200	1193.16	0.000166981	1.30337e-05
lcl|NW_015387369.1_cds_XP_015676127.1_13405	1272	1268.04	469	34.4461
lcl|NW_015387371.1_cds_XP_015676129.1_13406	1323	1245.97	47	3.51312
lcl|NW_015387371.1_cds_XP_015676132.1_13407	1155	1088	429.408	36.7571
lcl|NW_015387371.1_cds_XP_015676130.1_13408	1350	1311.95	0	0
lcl|NW_015387371.1_cds_XP_015676133.1_13409	1152	1113.95	0	0
lcl|NW_015387371.1_cds_XP_015676134.1_13410	1350	1301.58	5	0.357767
lcl|NW_015387371.1_cds_XP_029140809.1_13411	1350	1330.07	2	0.140042
lcl|NW_015387371.1_cds_XP_029140808.1_13412	1677	1565.53	67.8754	4.03787
lcl|NW_015387372.1_cds_XP_015676138.1_13413	2214	2020.29	2	0.0921969
lcl|NW_015387372.1_cds_XP_015676139.1_13414	1111	993.666	4320.9	404.981
lcl|NW_015387372.1_cds_XP_029140813.1_13415	1089	972.334	3	0.287347
lcl|NW_015387372.1_cds_XP_015676158.1_13416	2211	2041.59	10	0.456177
lcl|NW_015387372.1_cds_XP_029140814.1_13417	3075	2744.23	4	0.13575
lcl|NW_015387372.1_cds_XP_015676137.1_13418	432	365.208	5949	1517.07
lcl|NW_015387372.1_cds_XP_015676159.1_13419	1050	1011.95	0	0
lcl|NW_015387372.1_cds_XP_029140810.1_13420	942	903.949	0	0
lcl|NW_015387372.1_cds_XP_015676160.1_13421	579	523.756	28.9818	5.15344
lcl|NW_015387372.1_cds_XP_015676161.1_13422	540	490.176	0.0182168	0.00346116
lcl|NW_015387372.1_cds_XP_015676144.1_13423	1377	1338.95	0	0
lcl|NW_015387372.1_cds_XP_015676145.1_13424	975	852.52	16	1.7479
lcl|NW_015387372.1_cds_XP_015676162.1_13425	471	369.934	7	1.76228
lcl|NW_015387372.1_cds_XP_029140815.1_13426	1113	1074.95	0	0
lcl|NW_015387372.1_cds_XP_015676163.1_13427	2442	2273.98	2.27162e-05	9.30356e-07
lcl|NW_015387372.1_cds_XP_029140811.1_13428	2418	2242.21	5.99998	0.249215
lcl|NW_015387372.1_cds_XP_015676147.1_13429	1905	1866.95	0	0
lcl|NW_015387372.1_cds_XP_015676148.1_13430	918	801.144	7	0.813745
lcl|NW_015387372.1_cds_XP_015676149.1_13431	1317	1197.41	15	1.16667
lcl|NW_015387372.1_cds_XP_015676164.1_13432	1344	1180.18	1	0.078914
lcl|NW_015387372.1_cds_XP_015676166.2_13433	405	366.949	0	0
lcl|NW_015387372.1_cds_XP_015676150.1_13434	714	675.949	0	0
lcl|NW_015387372.1_cds_XP_015676151.1_13435	2061	1909.58	2	0.0975425
lcl|NW_015387372.1_cds_XP_029140812.1_13436	1380	1259.05	1	0.0739707
lcl|NW_015387372.1_cds_XP_015676168.1_13437	429	360.395	11	2.8426
lcl|NW_015387372.1_cds_XP_015676169.1_13438	2070	1877.99	4	0.198366
lcl|NW_015387372.1_cds_XP_029140816.1_13439	1380	1341.95	0	0
lcl|NW_015387372.1_cds_XP_015676170.1_13440	1611	1486.33	10	0.626595
lcl|NW_015387372.1_cds_XP_015676153.1_13441	624	517.385	19	3.42012
lcl|NW_015387372.1_cds_XP_015676155.1_13442	1083	1044.95	0	0
lcl|NW_015387372.1_cds_XP_015676156.1_13443	486	447.949	0	0
lcl|NW_015387372.1_cds_XP_015676171.1_13444	492	453.949	0	0
lcl|NW_015387372.1_cds_XP_029140817.1_13445	5133	4714.9	1	0.0197528
lcl|NW_015387372.1_cds_XP_015676157.1_13446	657	618.949	0	0
lcl|NW_015387376.1_cds_XP_015676175.1_13447	2505	2466.95	0	0
lcl|NW_015387376.1_cds_XP_015676177.1_13448	2577	2538.95	0	0
lcl|NW_015387376.1_cds_XP_015676172.1_13449	1440	1371.44	150	10.1863
lcl|NW_015387376.1_cds_XP_015676174.1_13450	3744	3510.02	2	0.0530667
lcl|NW_015387376.1_cds_XP_015676173.1_13451	1692	1620.75	35	2.01119
lcl|NW_015387377.1_cds_XP_015676179.1_13452	639	549.655	42.7192	7.23825
lcl|NW_015387377.1_cds_XP_015676178.1_13453	1509	1436.59	466	30.2102
lcl|NW_015387378.1_cds_XP_015676180.1_13454	291	252.667	3964	1461.12
lcl|NW_015387378.1_cds_XP_015676181.1_13455	1251	1186.97	1885	147.902
lcl|NW_015387378.1_cds_XP_015676182.1_13456	465	416.497	7	1.56526
lcl|NW_015387378.1_cds_XP_015676183.1_13457	321	288.471	0	0
lcl|NW_015387379.1_cds_XP_015676185.1_13458	1851	1827.94	49	2.49653
lcl|NW_015387379.1_cds_XP_029140818.1_13459	2445	2406.95	0	0
lcl|NW_015387380.1_cds_XP_015676186.1_13460	2412	2349.75	1901	75.3461
lcl|NW_015387380.1_cds_XP_015676187.1_13461	2250	2292.61	399	16.2086
lcl|NW_015387380.1_cds_XP_015676189.1_13462	864	825.949	0	0
lcl|NW_015387380.1_cds_XP_015676190.1_13463	1491	1473.91	9.35806	0.591313
lcl|NW_015387380.1_cds_XP_015676191.2_13464	1437	1372.18	17.8318	1.21028
lcl|NW_015387380.1_cds_XP_029140819.1_13465	948	909.949	0	0
lcl|NW_015387380.1_cds_XP_015676188.1_13466	1491	1464.24	27.3632	1.74043
lcl|NW_015387380.1_cds_XP_015676193.1_13467	1764	1721.95	12.2236	0.661121
lcl|NW_015387380.1_cds_XP_015676194.1_13468	846	789.101	13.4408	1.58633
lcl|NW_015387381.1_cds_XP_015676200.2_13469	4836	4796.55	184	3.57265
lcl|NW_015387381.1_cds_XP_029140823.1_13470	1647	1665.3	49	2.74034
lcl|NW_015387381.1_cds_XP_029140822.1_13471	1287	1237.71	469.128	35.2999
lcl|NW_015387381.1_cds_XP_029140820.1_13472	1428	1374.7	822.872	55.7475
lcl|NW_015387381.1_cds_XP_015676201.1_13473	1284	1245.95	0	0
lcl|NW_015387381.1_cds_XP_029140824.1_13474	1941	1989.94	2	0.0936035
lcl|NW_015387382.1_cds_XP_015676209.1_13475	2982	2746.9	31	1.05104
lcl|NW_015387382.1_cds_XP_015676215.1_13476	825	786.949	0	0
lcl|NW_015387382.1_cds_XP_029140830.1_13477	1449	1410.95	0	0
lcl|NW_015387382.1_cds_XP_015676210.1_13478	1743	1704.95	0	0
lcl|NW_015387382.1_cds_XP_015676216.1_13479	3660	3438.84	2	0.054165
lcl|NW_015387382.1_cds_XP_029140834.1_13480	3762	3547.66	0	0
lcl|NW_015387382.1_cds_XP_029140831.1_13481	1755	1499.88	1	0.0620932
lcl|NW_015387382.1_cds_XP_015676211.1_13482	1182	1143.95	0	0
lcl|NW_015387382.1_cds_XP_015676212.1_13483	1293	1103.92	2	0.16873
lcl|NW_015387382.1_cds_XP_015676218.1_13484	2334	2147.95	39	1.69099
lcl|NW_015387382.1_cds_XP_015676213.1_13485	759	648.554	18	2.5848
lcl|NW_015387382.1_cds_XP_029140832.1_13486	1974	1790.46	1	0.052016
lcl|NW_015387382.1_cds_XP_015676214.1_13487	1026	869.58	1	0.107101
lcl|NW_015387382.1_cds_XP_015676221.1_13488	1050	932.475	41	4.09494
lcl|NW_015387382.1_cds_XP_015676204.1_13489	2802	2563.99	0	0
lcl|NW_015387382.1_cds_XP_029140825.1_13490	2799	2562.6	0	0
lcl|NW_015387382.1_cds_XP_015676205.1_13491	2736	2512.12	0	0
lcl|NW_015387382.1_cds_XP_029140826.1_13492	2706	2470.37	0	0
lcl|NW_015387382.1_cds_XP_015676206.1_13493	2703	2468.99	0	0
lcl|NW_015387382.1_cds_XP_015676207.1_13494	2640	2418.51	0	0
lcl|NW_015387382.1_cds_XP_029140827.1_13495	2652	2417.33	0	0
lcl|NW_015387382.1_cds_XP_029140828.1_13496	2649	2415.94	0	0
lcl|NW_015387382.1_cds_XP_029140829.1_13497	2586	2365.46	0	0
lcl|NW_015387382.1_cds_XP_015676208.1_13498	2382	2197.91	54	2.28815
lcl|NW_015387382.1_cds_XP_029140833.1_13499	2139	2016.01	1	0.0461965
lcl|NW_015387384.1_cds_XP_015676223.1_13500	1404	1379	2	0.135072
lcl|NW_015387384.1_cds_XP_029140835.1_13501	8748	8883.15	162	1.69844
lcl|NW_015387386.1_cds_XP_015676225.2_13502	1746	1756.86	6	0.318064
lcl|NW_015387386.1_cds_XP_015676226.1_13503	354	315.949	0	0
lcl|NW_015387387.1_cds_XP_015676227.1_13504	822	745.668	9	1.12408
lcl|NW_015387387.1_cds_XP_029140838.1_13505	732	685.524	3	0.407568
lcl|NW_015387387.1_cds_XP_015676231.1_13506	1941	1883.45	0.184668	0.00913143
lcl|NW_015387387.1_cds_XP_029140836.1_13507	1977	1915.62	26.2208	1.27479
lcl|NW_015387387.1_cds_XP_015676229.1_13508	2109	2045.77	0.264628	0.012047
lcl|NW_015387387.1_cds_XP_015676228.1_13509	2145	2077.94	25.3299	1.13528
lcl|NW_015387387.1_cds_XP_015676233.1_13510	3372	3347.21	31	0.862541
lcl|NW_015387387.1_cds_XP_015676232.1_13511	3924	3871.76	47.8764	1.15163
lcl|NW_015387388.1_cds_XP_029140839.1_13512	2235	2243.65	64	2.6566
lcl|NW_015387388.1_cds_XP_015676236.1_13513	1572	1583.52	0.496481	0.0291999
lcl|NW_015387389.1_cds_XP_015676237.1_13514	1017	962.986	3312	320.311
lcl|NW_015387389.1_cds_XP_015676238.1_13515	2490	2403.12	124	4.8056
lcl|NW_015387389.1_cds_XP_015676239.1_13516	1146	1141.43	14	1.1423
lcl|NW_015387390.1_cds_XP_015676240.1_13517	915	876.949	0	0
lcl|NW_015387391.1_cds_XP_015676243.1_13518	1134	1087.12	68	5.82547
lcl|NW_015387391.1_cds_XP_015676244.1_13519	1692	1577.4	22	1.29892
lcl|NW_015387391.1_cds_XP_015676245.1_13520	1470	1354.3	0	0
lcl|NW_015387391.1_cds_XP_015676242.1_13521	7032	7275.85	5	0.0640011
lcl|NW_015387392.1_cds_XP_015676246.1_13522	1173	1068.33	112	9.76366
lcl|NW_015387392.1_cds_XP_015676252.1_13523	393	332.353	24	6.72531
lcl|NW_015387392.1_cds_XP_015676259.1_13524	3555	3335.32	25	0.698079
lcl|NW_015387392.1_cds_XP_015676260.1_13525	513	450.559	709	146.553
lcl|NW_015387392.1_cds_XP_015676253.1_13526	4302	4112.07	10	0.226485
lcl|NW_015387392.1_cds_XP_015676247.1_13527	333	286.612	28358	9214.73
lcl|NW_015387392.1_cds_XP_015676261.1_13528	330	263.135	36	12.7416
lcl|NW_015387392.1_cds_XP_015676248.1_13529	1428	1356.71	84.4064	5.79414
lcl|NW_015387392.1_cds_XP_015676249.1_13530	1140	1099.53	93.5936	7.92755
lcl|NW_015387392.1_cds_XP_029140841.1_13531	2763	2690.82	8	0.27689
lcl|NW_015387392.1_cds_XP_029140842.1_13532	2562	2405.08	41	1.58765
lcl|NW_015387392.1_cds_XP_015676263.1_13533	840	749.345	100.515	12.4926
lcl|NW_015387392.1_cds_XP_029140843.1_13534	726	643.968	116.485	16.8463
lcl|NW_015387392.1_cds_XP_015676257.1_13535	1698	1620.34	101	5.80518
lcl|NW_015387392.1_cds_XP_015676258.1_13536	3882	3648.54	4	0.102104
lcl|NW_015387392.1_cds_XP_029140840.1_13537	699	618.166	3	0.451978
lcl|NW_015387393.1_cds_XP_015676264.1_13538	2448	2411.13	21	0.811147
lcl|NW_015387395.1_cds_XP_015676268.2_13539	2157	2202.46	36.4516	1.54138
lcl|NW_015387395.1_cds_XP_015676265.1_13540	867	791.551	55	6.4712
lcl|NW_015387395.1_cds_XP_015676270.1_13541	2895	2910.35	5	0.160002
lcl|NW_015387395.1_cds_XP_015676266.1_13542	963	891.873	31	3.23713
lcl|NW_015387395.1_cds_XP_015676267.1_13543	963	891.873	31	3.23713
lcl|NW_015387396.1_cds_XP_015676273.1_13544	1098	1068.22	192	16.7395
lcl|NW_015387396.1_cds_XP_029140844.1_13545	5124	5257.47	242	4.28686
lcl|NW_015387396.1_cds_XP_015676272.1_13546	2148	2174.1	2589	110.906
lcl|NW_015387396.1_cds_XP_015676276.1_13547	2382	2343.95	0	0
lcl|NW_015387396.1_cds_XP_015676275.1_13548	2388	2349.95	0	0
lcl|NW_015387397.1_cds_XP_015676277.1_13549	834	840.622	68	7.53372
lcl|NW_015387397.1_cds_XP_015676278.1_13550	273	203.61	303	138.594
lcl|NW_015387397.1_cds_XP_015676279.1_13551	1764	1723.38	58	3.13436
lcl|NW_015387397.1_cds_XP_029140846.1_13552	1782	1814.21	610	31.3144
lcl|NW_015387397.1_cds_XP_015676280.1_13553	1137	1093.45	66.5	5.66399
lcl|NW_015387397.1_cds_XP_015676281.1_13554	1137	1093.45	66.5	5.66399
lcl|NW_015387397.1_cds_XP_015676286.1_13555	486	454.651	528	108.158
lcl|NW_015387397.1_cds_XP_015676284.1_13556	1455	1527.81	0.812131	0.0495061
lcl|NW_015387397.1_cds_XP_015676285.1_13557	1446	1515.68	1000.19	61.4575
lcl|NW_015387397.1_cds_XP_015676287.1_13558	1260	1193.32	4779.29	372.999
lcl|NW_015387397.1_cds_XP_029140845.1_13559	1008	946.13	874.711	86.1024
lcl|NW_015387397.1_cds_XP_029140847.1_13560	4005	4102.35	3.80292	0.0863348
lcl|NW_015387397.1_cds_XP_015676292.1_13561	4008	4112.15	0.488784	0.0110701
lcl|NW_015387397.1_cds_XP_015676291.1_13562	3996	4104.59	2.70829	0.0614508
lcl|NW_015387397.1_cds_XP_015676288.1_13563	1266	1239.96	64	4.80701
lcl|NW_015387397.1_cds_XP_015676289.1_13564	1674	1603.57	189	10.9768
lcl|NW_015387399.1_cds_XP_015676303.1_13565	276	228.798	33	13.4327
lcl|NW_015387399.1_cds_XP_015676293.1_13566	852	829.71	114	12.7962
lcl|NW_015387399.1_cds_XP_015676296.1_13567	2046	2067.8	1372.85	61.8324
lcl|NW_015387399.1_cds_XP_015676294.1_13568	2091	2116.27	24.1498	1.06278
lcl|NW_015387399.1_cds_XP_015676297.1_13569	855	780.574	404	48.2024
lcl|NW_015387399.1_cds_XP_029140848.1_13570	2652	2524.72	29	1.06976
lcl|NW_015387399.1_cds_XP_015676298.1_13571	2247	2334.26	65	2.59337
lcl|NW_015387399.1_cds_XP_015676299.1_13572	2241	2223.06	58	2.42984
lcl|NW_015387399.1_cds_XP_015676300.1_13573	932	887.837	875	91.786
lcl|NW_015387399.1_cds_XP_015676301.1_13574	1290	1186.22	10	0.785117
lcl|NW_015387399.1_cds_XP_015676304.1_13575	456	417.949	0	0
lcl|NW_015387400.1_cds_13576	414	399.909	58.6652	13.6622
lcl|NW_015387400.1_cds_13577	489	450.949	0	0
lcl|NW_015387400.1_cds_13578	405	366.949	0	0
lcl|NW_015387400.1_cds_13579	525	504.313	1	0.184672
lcl|NW_015387400.1_cds_XP_015676306.1_13580	1116	1077.95	0	0
lcl|NW_015387400.1_cds_XP_015676307.1_13581	945	906.949	0	0
lcl|NW_015387400.1_cds_XP_015676308.1_13582	930	891.949	0	0
lcl|NW_015387400.1_cds_XP_015676310.1_13583	942	903.949	0	0
lcl|NW_015387400.1_cds_XP_015676311.1_13584	945	906.949	0	0
lcl|NW_015387400.1_cds_XP_015676313.1_13585	951	912.949	0	0
lcl|NW_015387400.1_cds_13586	444	448.337	1.34013	0.278384
lcl|NW_015387400.1_cds_13587	444	458.674	2.65987	0.540079
lcl|NW_015387400.1_cds_XP_015676314.1_13588	951	912.949	0	0
lcl|NW_015387400.1_cds_XP_015676315.2_13589	987	948.949	0	0
lcl|NW_015387400.1_cds_XP_015676316.1_13590	942	903.949	0	0
lcl|NW_015387400.1_cds_XP_015676318.2_13591	900	861.949	0	0
lcl|NW_015387400.1_cds_XP_015676319.1_13592	2601	2562.95	0	0
lcl|NW_015387400.1_cds_XP_015676320.1_13593	2703	2707.35	6.85022	0.235646
lcl|NW_015387400.1_cds_XP_015676321.2_13594	2226	2198.96	1	0.0423529
lcl|NW_015387400.1_cds_XP_029140850.1_13595	2160	2121.95	0	0
lcl|NW_015387400.1_cds_XP_029140851.1_13596	2712	2673.95	0	0
lcl|NW_015387400.1_cds_XP_015676323.1_13597	2577	2579.46	1.14978	0.0415134
lcl|NW_015387400.1_cds_XP_015676325.1_13598	951	912.949	0	0
lcl|NW_015387400.1_cds_XP_015676326.1_13599	951	912.949	0	0
lcl|NW_015387400.1_cds_XP_015676327.1_13600	951	912.949	0	0
lcl|NW_015387400.1_cds_XP_015676328.1_13601	951	912.949	0	0
lcl|NW_015387400.1_cds_XP_015676329.1_13602	951	912.949	0	0
lcl|NW_015387400.1_cds_XP_015676330.1_13603	939	900.949	0	0
lcl|NW_015387400.1_cds_XP_015676331.1_13604	954	915.949	0	0
lcl|NW_015387400.1_cds_XP_015676333.1_13605	954	915.949	0	0
lcl|NW_015387400.1_cds_XP_015676334.1_13606	954	915.949	0	0
lcl|NW_015387400.1_cds_XP_015676339.1_13607	942	903.949	0	0
lcl|NW_015387400.1_cds_XP_015676335.1_13608	909	870.949	0	0
lcl|NW_015387400.1_cds_XP_029140852.1_13609	789	750.949	0	0
lcl|NW_015387400.1_cds_XP_029140853.1_13610	951	912.949	0	0
lcl|NW_015387400.1_cds_XP_015676337.1_13611	939	900.949	0	0
lcl|NW_015387400.1_cds_XP_015676338.1_13612	621	582.949	0	0
lcl|NW_015387401.1_cds_XP_015676340.2_13613	1434	1388.16	336	22.5425
lcl|NW_015387402.1_cds_XP_015676341.1_13614	1161	1122.95	0	0
lcl|NW_015387403.1_cds_XP_015676342.1_13615	3361	3322.95	0	0
lcl|NW_015387403.1_cds_XP_015676343.1_13616	273	219.379	104	44.1509
lcl|NW_015387404.1_cds_XP_015676344.2_13617	1269	1221.18	34	2.59299
lcl|NW_015387406.1_cds_XP_029140854.1_13618	2307	2208.33	1	0.0421732
lcl|NW_015387407.1_cds_XP_015676348.2_13619	1218	1179.95	0	0
lcl|NW_015387407.1_cds_XP_015676346.2_13620	1821	1710.67	128	6.96861
lcl|NW_015387407.1_cds_XP_015676347.1_13621	2637	2574.64	15	0.542595
lcl|NW_015387407.1_cds_XP_029140855.1_13622	1287	1255.2	22	1.63234
lcl|NW_015387408.1_cds_XP_015676356.1_13623	2907	2832.91	65	2.13689
lcl|NW_015387408.1_cds_XP_015676362.1_13624	357	225.496	1	0.413012
lcl|NW_015387408.1_cds_XP_015676352.1_13625	729	690.949	0	0
lcl|NW_015387408.1_cds_XP_015676351.1_13626	780	702.977	3244.64	429.86
lcl|NW_015387408.1_cds_XP_015676350.1_13627	834	757.468	66.3555	8.15857
lcl|NW_015387408.1_cds_XP_015676354.2_13628	2061	1930.81	96	4.63056
lcl|NW_015387408.1_cds_XP_015676363.1_13629	348	243.76	44	16.8109
lcl|NW_015387408.1_cds_XP_015676355.2_13630	1608	1589.69	33	1.93331
lcl|NW_015387408.1_cds_XP_015676357.1_13631	1584	1545.95	0	0
lcl|NW_015387408.1_cds_XP_029140856.1_13632	1491	1452.95	0	0
lcl|NW_015387408.1_cds_XP_029140857.1_13633	1641	1580.21	1	0.0589366
lcl|NW_015387408.1_cds_XP_015676360.1_13634	993	954.949	0	0
lcl|NW_015387408.1_cds_XP_015676361.1_13635	1515	1476.95	0	0
lcl|NW_015387410.1_cds_XP_015676365.1_13636	1905	1887.94	55	2.71317
lcl|NW_015387410.1_cds_XP_015676366.1_13637	2109	2007.59	5	0.231951
lcl|NW_015387410.1_cds_XP_029140858.1_13638	1716	1677.95	0	0
lcl|NW_015387410.1_cds_XP_029140859.1_13639	2769	2715.23	22	0.754601
lcl|NW_015387410.1_cds_XP_015676367.1_13640	1410	1389.46	806	54.0245
lcl|NW_015387410.1_cds_XP_015676368.1_13641	729	694.073	29	3.8913
lcl|NW_015387411.1_cds_XP_015676372.1_13642	558	531.872	2	0.350206
lcl|NW_015387411.1_cds_XP_015676373.1_13643	1194	1238.64	7	0.526326
lcl|NW_015387411.1_cds_XP_015676371.1_13644	2715	2659.79	56	1.96084
lcl|NW_015387412.1_cds_XP_015676377.1_13645	417	363.894	105.022	26.8786
lcl|NW_015387412.1_cds_XP_015676378.1_13646	501	445.567	38.9782	8.14724
lcl|NW_015387412.1_cds_XP_029140860.1_13647	1110	1071.95	0	0
lcl|NW_015387412.1_cds_XP_029140861.1_13648	702	650.856	85	12.1629
lcl|NW_015387414.1_cds_XP_015676379.1_13649	1440	1398.42	421	28.038
lcl|NW_015387414.1_cds_XP_015676380.1_13650	1440	1398.42	421	28.038
lcl|NW_015387414.1_cds_XP_015676381.1_13651	963	954.363	55	5.36723
lcl|NW_015387415.1_cds_XP_015676384.1_13652	390	354.62	69.7782	18.3256
lcl|NW_015387415.1_cds_XP_015676385.1_13653	303	268.224	10.2218	3.5492
lcl|NW_015387415.1_cds_XP_015676383.1_13654	993	951.282	11	1.07692
lcl|NW_015387415.1_cds_XP_015676382.1_13655	1101	1054.54	15	1.32474
lcl|NW_015387415.1_cds_XP_015676387.1_13656	780	741.848	139	17.4502
lcl|NW_015387415.1_cds_XP_015676388.1_13657	300	253.903	352.666	129.359
lcl|NW_015387417.1_cds_XP_029140862.1_13658	1191	1152.95	0	0
lcl|NW_015387417.1_cds_XP_015676390.1_13659	573	534.949	0	0
lcl|NW_015387419.1_cds_XP_015676391.1_13660	825	743.866	15	1.87801
lcl|NW_015387419.1_cds_XP_015676392.1_13661	810	728.794	0	0
lcl|NW_015387420.1_cds_XP_015676393.1_13662	2151	2137.29	24	1.0458
lcl|NW_015387421.1_cds_XP_015676402.1_13663	972	971.672	3.43854e-06	3.29576e-07
lcl|NW_015387421.1_cds_XP_015676401.1_13664	981	985.038	66	6.24011
lcl|NW_015387421.1_cds_XP_015676394.1_13665	621	647.844	60.3333	8.67337
lcl|NW_015387421.1_cds_XP_015676395.1_13666	621	647.844	60.3333	8.67337
lcl|NW_015387421.1_cds_XP_015676396.1_13667	621	647.844	60.3333	8.67337
lcl|NW_015387421.1_cds_XP_029140863.1_13668	5451	5657.64	160	2.63382
lcl|NW_015387421.1_cds_XP_015676397.1_13669	546	499.387	2078	387.534
lcl|NW_015387421.1_cds_XP_015676399.1_13670	8370	8384.95	562	6.24219
lcl|NW_015387422.1_cds_XP_029140865.1_13671	2235	2209.83	169	7.12245
lcl|NW_015387423.1_cds_XP_015676405.1_13672	559	502.033	3	0.556532
lcl|NW_015387423.1_cds_XP_015676404.1_13673	1302	1195.34	24	1.86991
lcl|NW_015387423.1_cds_XP_015676406.1_13674	792	693.69	3	0.40277
lcl|NW_015387425.1_cds_XP_029140867.1_13675	1776	1564.4	1	0.0595323
lcl|NW_015387425.1_cds_XP_015676412.2_13676	462	423.949	0	0
lcl|NW_015387425.1_cds_XP_015676418.1_13677	591	524.624	23	4.08302
lcl|NW_015387425.1_cds_XP_015676407.1_13678	1155	1081.92	16	1.37729
lcl|NW_015387425.1_cds_XP_015676413.1_13679	2076	1880.1	14	0.693503
lcl|NW_015387425.1_cds_XP_029140866.1_13680	2733	2640.5	135	4.76156
lcl|NW_015387425.1_cds_XP_015676410.1_13681	987	939.938	156	15.457
lcl|NW_015387425.1_cds_XP_015676419.1_13682	1128	991.346	2	0.187891
lcl|NW_015387425.1_cds_XP_015676420.1_13683	297	233.176	266	106.243
lcl|NW_015387425.1_cds_XP_015676421.1_13684	297	233.122	0	0
lcl|NW_015387425.1_cds_XP_029140868.1_13685	1503	1464.95	0	0
lcl|NW_015387425.1_cds_XP_015676415.2_13686	801	762.949	0	0
lcl|NW_015387425.1_cds_XP_015676416.1_13687	729	729.059	73	9.32527
lcl|NW_015387426.1_cds_XP_015676427.1_13688	729	666.29	34.8833	4.87591
lcl|NW_015387426.1_cds_XP_029140872.1_13689	5811	5772.95	0	0
lcl|NW_015387426.1_cds_XP_015676424.1_13690	5934	5895.95	0	0
lcl|NW_015387426.1_cds_XP_015676422.1_13691	5967	5928.95	0	0
lcl|NW_015387426.1_cds_XP_029140870.1_13692	5973	5934.95	0	0
lcl|NW_015387426.1_cds_XP_015676426.1_13693	5811	5772.95	0	0
lcl|NW_015387426.1_cds_XP_015676425.1_13694	5934	5895.95	0	0
lcl|NW_015387426.1_cds_XP_029140871.1_13695	5946	5907.95	0	0
lcl|NW_015387427.1_cds_XP_015676428.1_13696	1248	1209.95	0	0
lcl|NW_015387431.1_cds_XP_015676435.1_13697	741	702.949	0	0
lcl|NW_015387431.1_cds_XP_015676430.1_13698	1128	1065.99	138.25	12.0785
lcl|NW_015387431.1_cds_XP_015676431.1_13699	1128	1065.99	138.25	12.0785
lcl|NW_015387431.1_cds_XP_015676432.1_13700	1128	1065.99	138.25	12.0785
lcl|NW_015387431.1_cds_XP_015676433.1_13701	1128	1065.99	138.25	12.0785
lcl|NW_015387431.1_cds_XP_015676436.1_13702	333	300.173	29	8.99762
lcl|NW_015387431.1_cds_XP_015676434.1_13703	366	309.549	137	41.2185
lcl|NW_015387431.1_cds_XP_015676437.1_13704	894	855.949	0	0
lcl|NW_015387432.1_cds_XP_015676439.1_13705	897	893.841	25.8863	2.69719
lcl|NW_015387432.1_cds_XP_015676438.1_13706	1026	1013.06	415.114	38.1622
lcl|NW_015387432.1_cds_XP_015676441.1_13707	708	690.154	286.58	38.6724
lcl|NW_015387432.1_cds_XP_015676440.1_13708	750	729.58	579.42	73.9642
lcl|NW_015387432.1_cds_XP_015676443.1_13709	504	464.964	136	27.2409
lcl|NW_015387432.1_cds_XP_015676444.1_13710	4011	3990.42	174	4.06099
lcl|NW_015387432.1_cds_XP_015676447.1_13711	240	216.954	5	2.14637
lcl|NW_015387432.1_cds_XP_029140874.1_13712	2511	2485.08	6	0.22486
lcl|NW_015387432.1_cds_XP_015676445.1_13713	3867	3924.21	130	3.08527
lcl|NW_015387433.1_cds_XP_015676457.1_13714	951	863.337	6	0.64725
lcl|NW_015387433.1_cds_XP_015676454.2_13715	1572	1505.42	2	0.123729
lcl|NW_015387433.1_cds_XP_015676455.1_13716	1902	1799.97	3.51628	0.181937
lcl|NW_015387433.1_cds_XP_015676458.1_13717	1266	1160.73	20	1.60472
lcl|NW_015387433.1_cds_XP_015676448.1_13718	1005	939.265	2	0.198309
lcl|NW_015387433.1_cds_XP_015676449.1_13719	1125	1064.26	0	0
lcl|NW_015387433.1_cds_XP_015676459.1_13720	1677	1638.95	0	0
lcl|NW_015387433.1_cds_XP_015676460.1_13721	1674	1635.95	0	0
lcl|NW_015387433.1_cds_XP_015676456.1_13722	795	756.949	0	0
lcl|NW_015387433.1_cds_XP_029140876.1_13723	1482	1403.83	351.319	23.307
lcl|NW_015387433.1_cds_XP_029140875.1_13724	819	764.492	90.6807	11.047
lcl|NW_015387433.1_cds_XP_015676453.1_13725	1515	1368.42	2	0.136117
lcl|NW_015387433.1_cds_XP_015676452.1_13726	1551	1522.39	7	0.428226
lcl|NW_015387433.1_cds_XP_015676461.1_13727	1566	1486.02	1	0.0626727
lcl|NW_015387434.1_cds_XP_015676462.1_13728	2643	2588.21	85.6934	3.08354
lcl|NW_015387434.1_cds_XP_015676464.1_13729	2556	2497.6	124.769	4.65249
lcl|NW_015387434.1_cds_XP_015676465.1_13730	2556	2497.6	124.769	4.65249
lcl|NW_015387434.1_cds_XP_015676466.1_13731	2556	2497.6	124.769	4.65249
lcl|NW_015387434.1_cds_XP_015676467.1_13732	6018	5804.42	965	15.4835
lcl|NW_015387434.1_cds_XP_015676468.1_13733	477	416.093	5	1.11913
lcl|NW_015387436.1_cds_XP_015676469.1_13734	1227	1188.95	0	0
lcl|NW_015387437.1_cds_XP_015676470.1_13735	1161	1102.62	164	13.8522
lcl|NW_015387437.1_cds_XP_029140878.1_13736	1293	1254.95	0	0
lcl|NW_015387437.1_cds_XP_015676472.1_13737	987	975.467	7	0.668324
lcl|NW_015387437.1_cds_XP_029140879.1_13738	13608	13755.1	2	0.0135415
lcl|NW_015387439.1_cds_XP_015676507.1_13739	1089	1050.95	0	0
lcl|NW_015387439.1_cds_XP_029140885.1_13740	915	876.949	0	0
lcl|NW_015387439.1_cds_XP_015676509.1_13741	1260	1177.01	3	0.237379
lcl|NW_015387439.1_cds_XP_029140886.1_13742	3945	3642.18	36	0.92054
lcl|NW_015387439.1_cds_XP_015676487.1_13743	1506	1307.83	2	0.142422
lcl|NW_015387439.1_cds_XP_029140887.1_13744	1830	1744.03	5	0.267004
lcl|NW_015387439.1_cds_XP_029140888.1_13745	2136	1898.91	1	0.0490451
lcl|NW_015387439.1_cds_XP_015676490.1_13746	798	732.074	1	0.127217
lcl|NW_015387439.1_cds_XP_029140889.1_13747	1575	1536.95	0	0
lcl|NW_015387439.1_cds_XP_015676511.1_13748	357	305.417	361.853	110.342
lcl|NW_015387439.1_cds_XP_015676512.1_13749	327	284.294	0.073309	0.0240154
lcl|NW_015387439.1_cds_XP_015676513.1_13750	327	284.294	0.073309	0.0240154
lcl|NW_015387439.1_cds_XP_029140890.1_13751	2283	2091.45	13	0.57889
lcl|NW_015387439.1_cds_XP_015676492.1_13752	1518	1414.41	4	0.263381
lcl|NW_015387439.1_cds_XP_029140891.1_13753	1941	1902.95	0	0
lcl|NW_015387439.1_cds_XP_015676482.1_13754	450	388.221	425	101.956
lcl|NW_015387439.1_cds_XP_015676480.1_13755	1098	1059.95	0	0
lcl|NW_015387439.1_cds_XP_015676484.1_13756	213	174.949	0	0
lcl|NW_015387439.1_cds_XP_029140892.1_13757	1800	1761.95	0	0
lcl|NW_015387439.1_cds_XP_029140881.1_13758	2202	2018.1	3	0.138446
lcl|NW_015387439.1_cds_XP_015676479.1_13759	1911	1694.03	1.99988	0.109947
lcl|NW_015387439.1_cds_XP_015676478.1_13760	1932	1712.22	0.000122833	6.68121e-06
lcl|NW_015387439.1_cds_XP_015676477.1_13761	1512	1345.82	1	0.0692015
lcl|NW_015387439.1_cds_XP_015676494.1_13762	606	502.695	199.972	37.0482
lcl|NW_015387439.1_cds_XP_015676481.1_13763	987	877.659	237.028	25.1521
lcl|NW_015387439.1_cds_XP_015676483.1_13764	429	362.628	39	10.0162
lcl|NW_015387439.1_cds_XP_015676475.1_13765	4515	4262.32	6	0.131101
lcl|NW_015387439.1_cds_XP_029140893.1_13766	2445	2406.95	0	0
lcl|NW_015387439.1_cds_XP_015676497.1_13767	531	420.062	12	2.66053
lcl|NW_015387439.1_cds_XP_015676514.1_13768	279	240.949	0	0
lcl|NW_015387439.1_cds_XP_015676515.1_13769	735	649.426	213	30.5458
lcl|NW_015387439.1_cds_XP_015676516.1_13770	378	337.003	242	66.8778
lcl|NW_015387439.1_cds_XP_015676498.1_13771	405	366.949	0	0
lcl|NW_015387439.1_cds_XP_029140894.1_13772	3636	3355.96	4	0.111005
lcl|NW_015387439.1_cds_XP_015676517.1_13773	1467	1290.47	4	0.288678
lcl|NW_015387439.1_cds_XP_029140895.1_13774	1650	1611.95	0	0
lcl|NW_015387439.1_cds_XP_015676520.1_13775	735	663.404	39	5.47505
lcl|NW_015387439.1_cds_XP_015676500.2_13776	1668	1540.54	38	2.29726
lcl|NW_015387439.1_cds_XP_015676521.1_13777	780	697.225	52	6.94595
lcl|NW_015387439.1_cds_XP_029140882.1_13778	627	555.015	1	0.167802
lcl|NW_015387439.1_cds_XP_015676522.1_13779	243	184.893	19	9.57047
lcl|NW_015387439.1_cds_XP_015676502.2_13780	1254	1215.95	0	0
lcl|NW_015387439.1_cds_XP_015676523.1_13781	642	603.949	0	0
lcl|NW_015387439.1_cds_XP_015676524.2_13782	573	473.349	4	0.78701
lcl|NW_015387439.1_cds_XP_015676504.1_13783	2034	1995.95	0	0
lcl|NW_015387439.1_cds_XP_029140884.1_13784	1170	1010.86	5	0.460659
lcl|NW_015387439.1_cds_XP_015676525.1_13785	3198	2982.77	0.00107982	3.37157e-05
lcl|NW_015387439.1_cds_XP_015676526.1_13786	3210	2993.92	67.1557	2.08903
lcl|NW_015387439.1_cds_XP_015676506.1_13787	1407	1310.91	13.8432	0.983483
lcl|NW_015387441.1_cds_XP_015676528.1_13788	600	536.66	1	0.173541
lcl|NW_015387441.1_cds_XP_015676527.1_13789	1893	1830.48	79	4.01942
lcl|NW_015387443.1_cds_XP_015676530.1_13790	1551	1501.39	999.116	61.9761
lcl|NW_015387443.1_cds_XP_029140896.1_13791	1362	1276.55	8.17853	0.596678
lcl|NW_015387443.1_cds_XP_015676532.1_13792	1563	1591.59	26.0305	1.52318
lcl|NW_015387444.1_cds_XP_015676537.1_13793	594	574.217	91	14.7593
lcl|NW_015387444.1_cds_XP_015676534.1_13794	468	393.872	3	0.709362
lcl|NW_015387444.1_cds_XP_015676535.1_13795	1608	1487.62	72	4.50755
lcl|NW_015387444.1_cds_XP_015676536.1_13796	867	769.694	245	29.6448
lcl|NW_015387445.1_cds_XP_029140898.1_13797	2988	2945.95	112.228	3.54794
lcl|NW_015387445.1_cds_XP_015676542.1_13798	1263	1224.95	0	0
lcl|NW_015387445.1_cds_XP_015676541.1_13799	429	398.743	29.5157	6.89384
lcl|NW_015387447.1_cds_XP_029140899.1_13800	5656	5636.29	4	0.0660949
lcl|NW_015387447.1_cds_XP_015676543.1_13801	552	489.663	1044	198.566
lcl|NW_015387447.1_cds_XP_015676544.1_13802	1809	1876.24	277	13.7496
lcl|NW_015387448.1_cds_XP_015676546.1_13803	1834	1795.95	0	0
lcl|NW_015387449.1_cds_XP_029140900.1_13804	1488	1480.18	1	0.0629195
lcl|NW_015387449.1_cds_XP_015676548.1_13805	513	463.916	43.8194	8.79687
lcl|NW_015387449.1_cds_XP_015676547.1_13806	588	547.491	0	0
lcl|NW_015387449.1_cds_XP_015676549.1_13807	477	432.155	126.181	27.1929
lcl|NW_015387449.1_cds_XP_015676550.1_13808	3507	3503.62	56	1.48858
lcl|NW_015387449.1_cds_XP_015676553.1_13809	795	735.923	3	0.379656
lcl|NW_015387449.1_cds_XP_015676554.1_13810	819	780.006	34	4.05959
lcl|NW_015387450.1_cds_XP_015676555.1_13811	2841	2796.08	254	8.46029
lcl|NW_015387450.1_cds_XP_015676556.1_13812	3861	3741.48	1.27534	0.0317456
lcl|NW_015387450.1_cds_XP_015676557.1_13813	3834	3716.43	568.733	14.2523
lcl|NW_015387450.1_cds_XP_015676558.1_13814	3792	3676.31	0.86177	0.0218313
lcl|NW_015387450.1_cds_XP_015676559.1_13815	3765	3651.26	428.527	10.9304
lcl|NW_015387451.1_cds_XP_015676560.1_13816	1587	1477.65	7	0.441192
lcl|NW_015387451.1_cds_XP_029140901.1_13817	1206	1138.03	9	0.736531
lcl|NW_015387451.1_cds_XP_029140902.1_13818	1791	1752.95	0	0
lcl|NW_015387451.1_cds_XP_029140903.1_13819	2088	2049.95	0	0
lcl|NW_015387451.1_cds_XP_029140904.1_13820	1455	1415.5	104	6.84263
lcl|NW_015387452.1_cds_XP_015676565.1_13821	915	911.537	6	0.613025
lcl|NW_015387453.1_cds_XP_015676566.1_13822	1059	951.221	11	1.07699
lcl|NW_015387453.1_cds_XP_029140905.1_13823	1314	1275.95	0	0
lcl|NW_015387453.1_cds_XP_015676568.1_13824	1233	1194.95	0	0
lcl|NW_015387453.1_cds_XP_015676569.1_13825	618	560.529	3	0.498453
lcl|NW_015387453.1_cds_XP_015676570.1_13826	1918	1879.95	0	0
lcl|NW_015387454.1_cds_XP_015676571.1_13827	360	311.226	263	78.7012
lcl|NW_015387454.1_cds_XP_015676572.1_13828	1164	1153.8	3	0.242153
lcl|NW_015387455.1_cds_XP_015676578.1_13829	1338	1293.4	21	1.51213
lcl|NW_015387455.1_cds_XP_015676573.1_13830	1026	1004.97	1034	95.8232
lcl|NW_015387455.1_cds_XP_015676577.1_13831	876	855.107	32.474	3.53685
lcl|NW_015387455.1_cds_XP_015676576.1_13832	879	859.896	20.526	2.22311
lcl|NW_015387457.1_cds_XP_015676584.1_13833	609	546.369	15	2.55686
lcl|NW_015387457.1_cds_XP_015676579.1_13834	846	803.087	317	36.7619
lcl|NW_015387457.1_cds_XP_015676580.1_13835	1629	1617.09	50	2.87964
lcl|NW_015387457.1_cds_XP_015676581.1_13836	5325	5320.18	453	7.93
lcl|NW_015387457.1_cds_XP_015676585.1_13837	7905	8005.94	54.5083	0.634091
lcl|NW_015387457.1_cds_XP_015676582.1_13838	1508	1446.14	28.7157	1.84931
lcl|NW_015387457.1_cds_XP_015676583.1_13839	1508	1446.14	28.7157	1.84931
lcl|NW_015387458.1_cds_XP_015676587.1_13840	3363	3223.35	20	0.577862
lcl|NW_015387458.1_cds_XP_015676588.1_13841	306	246.085	115	43.5224
lcl|NW_015387458.1_cds_XP_015676589.1_13842	618	518.736	716	128.549
lcl|NW_015387458.1_cds_XP_029140906.1_13843	768	707.643	1	0.131609
lcl|NW_015387458.1_cds_XP_015676592.1_13844	447	399.61	4.5267	1.05499
lcl|NW_015387458.1_cds_XP_015676590.1_13845	1707	1609.89	33.4733	1.93644
lcl|NW_015387458.1_cds_XP_015676593.1_13846	1683	1582.65	33.2106	1.95431
lcl|NW_015387458.1_cds_XP_015676594.1_13847	2862	2594.34	2	0.0717966
lcl|NW_015387458.1_cds_XP_015676598.1_13848	477	392.357	3.62219	0.859787
lcl|NW_015387458.1_cds_XP_015676599.1_13849	477	393.515	14.3778	3.40277
lcl|NW_015387458.1_cds_XP_015676595.1_13850	1356	1218	6	0.458782
lcl|NW_015387458.1_cds_XP_015676596.1_13851	783	697.35	3	0.400656
lcl|NW_015387459.1_cds_XP_015676600.1_13852	765	689.297	5	0.675562
lcl|NW_015387460.1_cds_XP_015676601.1_13853	1473	1438.04	47.2472	3.05989
lcl|NW_015387460.1_cds_XP_015676602.1_13854	1137	1133.68	44.7528	3.67647
lcl|NW_015387460.1_cds_XP_015676603.1_13855	984	986.143	1	0.0944411
lcl|NW_015387461.1_cds_XP_015676604.1_13856	1425	1355.72	73	5.0148
lcl|NW_015387461.1_cds_XP_015676605.1_13857	489	424.66	105	23.0277
lcl|NW_015387461.1_cds_XP_015676609.1_13858	1158	1119.95	0	0
lcl|NW_015387461.1_cds_XP_015676606.1_13859	951	910.516	106	10.8423
lcl|NW_015387461.1_cds_XP_015676608.1_13860	2277	2214.92	5381	226.259
lcl|NW_015387464.1_cds_XP_029140907.1_13861	720	712.303	4	0.522994
lcl|NW_015387465.1_cds_XP_015676611.2_13862	2784	2785.36	490	16.3838
lcl|NW_015387465.1_cds_XP_015676612.1_13863	1632	1593.95	0	0
lcl|NW_015387465.1_cds_XP_015676613.1_13864	1671	1625.09	1	0.0573092
lcl|NW_015387465.1_cds_XP_015676614.2_13865	1581	1541.2	18	1.08771
lcl|NW_015387465.1_cds_XP_029140908.1_13866	2472	2543.18	2	0.073241
lcl|NW_015387465.1_cds_XP_029140909.1_13867	3498	3450.82	36	0.971587
lcl|NW_015387466.1_cds_XP_029140910.1_13868	1467	1402.65	8	0.531179
lcl|NW_015387466.1_cds_XP_015676618.1_13869	2238	2266.15	304	12.4936
lcl|NW_015387467.1_cds_XP_015676623.1_13870	1581	1477	2	0.12611
lcl|NW_015387467.1_cds_XP_029140912.1_13871	1284	1300.96	5	0.357938
lcl|NW_015387467.1_cds_XP_029140911.1_13872	678	608.28	1.13859	0.174328
lcl|NW_015387468.1_cds_XP_029140913.1_13873	10555	10890.7	15.3638	0.131384
lcl|NW_015387468.1_cds_XP_029140916.1_13874	1560	1474.47	5	0.315816
lcl|NW_015387468.1_cds_XP_029140915.1_13875	900	828.035	20.2873	2.2818
lcl|NW_015387468.1_cds_XP_015676627.1_13876	3576	3446.6	44	1.18895
lcl|NW_015387469.1_cds_XP_029140917.1_13877	1461	1379.87	9.53589e-06	6.43613e-07
lcl|NW_015387469.1_cds_XP_015676630.1_13878	1458	1379.35	1.45479e-05	9.82261e-07
lcl|NW_015387469.1_cds_XP_029140918.1_13879	1434	1362.05	1.94302	0.132857
lcl|NW_015387469.1_cds_XP_029140919.1_13880	1434	1367.73	0.0569596	0.00387853
lcl|NW_015387470.1_cds_XP_029140922.1_13881	1390	1363.72	2	0.136586
lcl|NW_015387470.1_cds_XP_015676646.1_13882	1215	1176.95	0	0
lcl|NW_015387470.1_cds_XP_015676638.1_13883	930	820.607	1.91208	0.217007
lcl|NW_015387470.1_cds_XP_015676639.1_13884	1371	1298.25	950	68.1504
lcl|NW_015387470.1_cds_XP_015676640.1_13885	573	491.546	1	0.189469
lcl|NW_015387470.1_cds_XP_029140920.1_13886	3483	3255.1	10	0.286112
lcl|NW_015387470.1_cds_XP_029140921.1_13887	1173	1134.95	0	0
lcl|NW_015387470.1_cds_XP_015676643.1_13888	1293	1254.95	0	0
lcl|NW_015387470.1_cds_XP_015676631.1_13889	2178	2043.92	122	5.55901
lcl|NW_015387470.1_cds_XP_015676644.1_13890	1845	1679.2	79	4.38154
lcl|NW_015387470.1_cds_XP_015676632.1_13891	1383	1308.77	157.985	11.2422
lcl|NW_015387470.1_cds_XP_015676633.1_13892	921	861.179	8.01506	0.866791
lcl|NW_015387470.1_cds_XP_015676634.1_13893	1404	1309.6	221	15.7165
lcl|NW_015387470.1_cds_XP_015676635.1_13894	966	905.549	815	83.8199
lcl|NW_015387470.1_cds_XP_015676636.1_13895	963	900.422	3.10737e-08	3.21402e-09
lcl|NW_015387470.1_cds_XP_015676645.1_13896	2418	2379.95	0	0
lcl|NW_015387471.1_cds_XP_015676654.1_13897	852	852.403	6	0.655553
lcl|NW_015387471.1_cds_XP_029140924.1_13898	336	271.15	1	0.343472
lcl|NW_015387471.1_cds_XP_029140923.1_13899	3129	3090.95	0	0
lcl|NW_015387471.1_cds_XP_015676648.1_13900	1866	1869.33	59	2.93946
lcl|NW_015387471.1_cds_XP_015676649.1_13901	1860	1794.2	29	1.50532
lcl|NW_015387471.1_cds_XP_015676651.1_13902	288	251.429	213	78.898
lcl|NW_015387471.1_cds_XP_015676650.1_13903	507	525.021	877	155.569
lcl|NW_015387471.1_cds_XP_029140925.1_13904	1842	1748.21	3	0.15982
lcl|NW_015387471.1_cds_XP_015676652.1_13905	1488	1485.97	106	6.64351
lcl|NW_015387472.1_cds_XP_015676660.2_13906	1512	1436.86	2	0.129633
lcl|NW_015387472.1_cds_XP_015676657.1_13907	1638	1598.8	774	45.0868
lcl|NW_015387472.1_cds_XP_029140926.1_13908	3756	3779.76	6	0.147839
lcl|NW_015387472.1_cds_XP_015676659.1_13909	1830	1791.95	0	0
lcl|NW_015387472.1_cds_XP_015676661.1_13910	1914	1875.95	0	0
lcl|NW_015387474.1_cds_XP_029140927.1_13911	2991	2952.95	0	0
lcl|NW_015387474.1_cds_XP_015676663.1_13912	2622	2482.81	75	2.81332
lcl|NW_015387474.1_cds_XP_015676666.1_13913	948	877.482	262	27.8077
lcl|NW_015387474.1_cds_XP_015676664.1_13914	951	884.41	299	31.4861
lcl|NW_015387474.1_cds_XP_015676665.1_13915	2028	1980.71	8	0.376159
lcl|NW_015387475.1_cds_XP_015676669.1_13916	738	715.096	13.3317	1.73629
lcl|NW_015387475.1_cds_XP_015676670.1_13917	780	771.91	114.124	13.7693
lcl|NW_015387475.1_cds_XP_015676671.1_13918	780	771.91	114.124	13.7693
lcl|NW_015387475.1_cds_XP_015676672.1_13919	780	761.226	6.87613	0.841263
lcl|NW_015387475.1_cds_XP_015676673.1_13920	780	761.226	6.87613	0.841263
lcl|NW_015387475.1_cds_XP_015676674.1_13921	768	744.595	134.607	16.8363
lcl|NW_015387475.1_cds_XP_015676675.1_13922	765	747.859	18.8378	2.34592
lcl|NW_015387475.1_cds_XP_015676680.1_13923	633	594.949	0	0
lcl|NW_015387475.1_cds_XP_015676676.1_13924	1461	1511.07	60	3.69802
lcl|NW_015387475.1_cds_XP_029140928.1_13925	5583	5571.82	62.2039	1.03973
lcl|NW_015387475.1_cds_XP_015676678.1_13926	318	304.439	28	8.56562
lcl|NW_015387476.1_cds_XP_015676681.1_13927	4416	4377.95	0	0
lcl|NW_015387476.1_cds_XP_015676682.1_13928	1173	1169.13	46.1495	3.67626
lcl|NW_015387477.1_cds_XP_015676688.1_13929	2772	2697.4	3146	108.621
lcl|NW_015387477.1_cds_XP_015676683.1_13930	3528	3451.74	586	15.8111
lcl|NW_015387477.1_cds_XP_029140929.1_13931	2496	2511.7	20	0.74159
lcl|NW_015387477.1_cds_XP_015676685.1_13932	918	866.617	35	3.76134
lcl|NW_015387477.1_cds_XP_015676686.1_13933	693	663.873	574	80.5246
lcl|NW_015387477.1_cds_XP_015676687.1_13934	2316	2294.99	14	0.56813
lcl|NW_015387479.1_cds_XP_015676690.1_13935	846	804.046	290.007	33.5914
lcl|NW_015387479.1_cds_XP_015676691.1_13936	843	802.027	135.993	15.7917
lcl|NW_015387479.1_cds_XP_015676694.1_13937	1473	1374.75	1	0.0677452
lcl|NW_015387479.1_cds_XP_015676693.1_13938	2034	2012.52	1	0.0462767
lcl|NW_015387480.1_cds_XP_029140930.1_13939	7359	7323.1	49	0.623165
lcl|NW_015387480.1_cds_XP_015676696.1_13940	483	410.589	201	45.5922
lcl|NW_015387480.1_cds_XP_015676697.1_13941	1173	1157.95	62.757	5.04747
lcl|NW_015387480.1_cds_XP_029140931.1_13942	1866	1847.88	89.4714	4.50933
lcl|NW_015387482.1_cds_XP_029140932.1_13943	1680	1641.95	0	0
lcl|NW_015387482.1_cds_XP_015676702.1_13944	1200	1132.39	6.0333	0.496203
lcl|NW_015387482.1_cds_XP_015676703.1_13945	1203	1135.78	0.413194	0.0338813
lcl|NW_015387482.1_cds_XP_015676700.1_13946	1251	1212.95	0	0
lcl|NW_015387483.1_cds_XP_015676704.1_13947	861	834.934	46	5.13106
lcl|NW_015387483.1_cds_XP_015676705.1_13948	1905	1956.19	26	1.23784
lcl|NW_015387483.1_cds_XP_015676706.1_13949	1752	1773.52	1696.71	89.0989
lcl|NW_015387483.1_cds_XP_015676707.1_13950	888	889.588	106.5	11.1497
lcl|NW_015387483.1_cds_XP_015676708.1_13951	888	889.588	106.5	11.1497
lcl|NW_015387483.1_cds_XP_015676714.1_13952	1326	1287.95	0	0
lcl|NW_015387483.1_cds_XP_015676710.1_13953	1146	1158.54	331.704	26.6649
lcl|NW_015387483.1_cds_XP_015676709.1_13954	1299	1306.09	211.296	15.0667
lcl|NW_015387483.1_cds_XP_015676711.1_13955	1872	1822.41	30	1.53312
lcl|NW_015387483.1_cds_XP_015676715.1_13956	693	654.949	0	0
lcl|NW_015387483.1_cds_XP_015676712.1_13957	963	919.859	51.4005	5.20412
lcl|NW_015387483.1_cds_XP_015676713.1_13958	754	714.217	31.4161	4.0966
lcl|NW_015387485.1_cds_XP_015676716.1_13959	1317	1327.66	114.362	8.02229
lcl|NW_015387486.1_cds_XP_029140933.1_13960	3135	3030.32	4	0.122934
lcl|NW_015387486.1_cds_XP_015676717.1_13961	1677	1664.35	123	6.88273
lcl|NW_015387486.1_cds_XP_015676721.1_13962	183	136.584	107.877	73.5577
lcl|NW_015387486.1_cds_XP_015676720.1_13963	315	283.396	135.123	44.4056
lcl|NW_015387487.1_cds_XP_015676723.1_13964	1857	1893.88	125	6.14693
lcl|NW_015387487.1_cds_XP_029140934.1_13965	2925	2851.61	59	1.92692
lcl|NW_015387487.1_cds_XP_015676722.1_13966	3759	3868.64	1	0.0240737
lcl|NW_015387488.1_cds_XP_029140935.1_13967	729	690.949	0	0
lcl|NW_015387488.1_cds_XP_015676729.1_13968	213	173.188	87	46.7846
lcl|NW_015387488.1_cds_XP_015676728.1_13969	519	485.364	88130	16910.5
lcl|NW_015387488.1_cds_XP_015676730.1_13970	1497	1408.26	45	2.97598
lcl|NW_015387488.1_cds_XP_015676725.1_13971	3786	3673.07	337	8.5448
lcl|NW_015387488.1_cds_XP_015676727.1_13972	357	278.517	8	2.67509
lcl|NW_015387491.1_cds_XP_015676731.1_13973	921	883.769	6	0.632286
lcl|NW_015387491.1_cds_XP_029140938.1_13974	2400	2311.14	4	0.161189
lcl|NW_015387491.1_cds_XP_029140936.1_13975	4638	4682.07	34	0.676305
lcl|NW_015387491.1_cds_XP_015676735.1_13976	270	238.93	36	14.0324
lcl|NW_015387491.1_cds_XP_015676737.1_13977	270	238.93	36	14.0324
lcl|NW_015387491.1_cds_XP_029140937.1_13978	450	411.949	0	0
lcl|NW_015387491.1_cds_XP_015676738.1_13979	3864	3810.51	293	7.16119
lcl|NW_015387491.1_cds_XP_015676739.1_13980	768	779.615	5234	625.252
lcl|NW_015387491.1_cds_XP_015676740.1_13981	3939	3808.83	1464	35.7973
lcl|NW_015387491.1_cds_XP_015676741.1_13982	1266	1266.86	9	0.661631
lcl|NW_015387492.1_cds_XP_029140939.1_13983	1590	1551.95	0	0
lcl|NW_015387492.1_cds_XP_029140940.1_13984	1653	1543.96	1.04169	0.0628352
lcl|NW_015387492.1_cds_XP_015676744.1_13985	2721	2633.5	0	0
lcl|NW_015387492.1_cds_XP_015676745.1_13986	2739	2651.62	0	0
lcl|NW_015387492.1_cds_XP_029140941.1_13987	2649	2568.22	5.56273	0.201724
lcl|NW_015387492.1_cds_XP_015676746.1_13988	2313	2214.41	80.4373	3.38299
lcl|NW_015387493.1_cds_XP_015676748.1_13989	2943	2944.39	44	1.39174
lcl|NW_015387494.1_cds_XP_015676749.1_13990	2517	2409.07	26	1.00514
lcl|NW_015387494.1_cds_XP_015676750.1_13991	1314	1296.8	8	0.574535
lcl|NW_015387494.1_cds_XP_029140942.1_13992	2190	2080.74	16	0.716148
lcl|NW_015387494.1_cds_XP_015676751.1_13993	2259	2146.31	0	0
lcl|NW_015387494.1_cds_XP_015676752.1_13994	1797	1705.91	730	39.8537
lcl|NW_015387495.1_cds_XP_015676753.1_13995	1044	1018.97	0	0
lcl|NW_015387495.1_cds_XP_015676754.1_13996	990	968.075	1	0.0962039
lcl|NW_015387495.1_cds_XP_029140943.1_13997	2094	2055.1	13	0.58913
lcl|NW_015387495.1_cds_XP_015676758.1_13998	810	815.776	5	0.570822
lcl|NW_015387495.1_cds_XP_015676759.1_13999	1212	1208.27	283.5	21.852
lcl|NW_015387495.1_cds_XP_015676760.1_14000	1212	1208.27	283.5	21.852
lcl|NW_015387495.1_cds_XP_015676761.1_14001	663	657.744	173	24.4958
lcl|NW_015387495.1_cds_XP_015676762.1_14002	3333	3273.81	139	3.95424
lcl|NW_015387497.1_cds_XP_015676765.1_14003	540	501.949	0	0
lcl|NW_015387497.1_cds_XP_015676766.1_14004	744	705.949	0	0
lcl|NW_015387497.1_cds_XP_015676767.1_14005	2733	2753.29	778	26.3165
lcl|NW_015387497.1_cds_XP_015676768.1_14006	654	632.711	36	5.29905
lcl|NW_015387497.1_cds_XP_015676769.1_14007	654	632.711	36	5.29905
lcl|NW_015387497.1_cds_XP_015676770.1_14008	996	934.867	178	17.7326
lcl|NW_015387498.1_cds_XP_015676774.1_14009	3228	3160.39	74.5197	2.196
lcl|NW_015387498.1_cds_XP_015676773.1_14010	3138	3068.71	76.4803	2.32111
lcl|NW_015387499.1_cds_XP_015676775.1_14011	3576	3306.69	1	0.0281648
lcl|NW_015387500.1_cds_XP_029140946.1_14012	1692	1568.99	4	0.237433
lcl|NW_015387500.1_cds_XP_015676788.1_14013	471	383.428	137	33.2766
lcl|NW_015387500.1_cds_XP_015676784.1_14014	1230	1206.88	30	2.31505
lcl|NW_015387500.1_cds_XP_015676785.1_14015	762	721.908	55	7.09548
lcl|NW_015387500.1_cds_XP_015676786.1_14016	453	378.385	32	7.8762
lcl|NW_015387500.1_cds_XP_015676790.1_14017	924	810.14	319	36.6718
lcl|NW_015387500.1_cds_XP_029140945.1_14018	2244	2157.6	5	0.215825
lcl|NW_015387500.1_cds_XP_015676777.1_14019	3774	3564.33	14.7105	0.384373
lcl|NW_015387500.1_cds_XP_015676791.1_14020	681	602.026	5	0.773492
lcl|NW_015387500.1_cds_XP_015676778.1_14021	4047	3693.07	5	0.126091
lcl|NW_015387500.1_cds_XP_015676787.1_14022	567	501.685	229	42.5114
lcl|NW_015387500.1_cds_XP_015676779.1_14023	1443	1350.15	8	0.551834
lcl|NW_015387500.1_cds_XP_015676780.1_14024	602	563.949	0	0
lcl|NW_015387501.1_cds_XP_015676792.1_14025	498	457.462	13	2.64661
lcl|NW_015387502.1_cds_XP_015676794.1_14026	2136	2187.83	24	1.02164
lcl|NW_015387503.1_cds_XP_015676798.1_14027	2712	2655.01	69	2.42038
lcl|NW_015387503.1_cds_XP_015676795.1_14028	2400	2342.38	22	0.874714
lcl|NW_015387503.1_cds_XP_015676796.1_14029	1101	1125.08	5	0.413895
lcl|NW_015387503.1_cds_XP_029140947.1_14030	1305	1204.15	28	2.16561
lcl|NW_015387503.1_cds_XP_015676800.1_14031	1374	1268.95	0	0
lcl|NW_015387503.1_cds_XP_015676799.2_14032	1374	1268.95	0	0
lcl|NW_015387503.1_cds_XP_015676804.1_14033	1314	1351.1	94	6.47949
lcl|NW_015387503.1_cds_XP_015676803.1_14034	2535	2430.17	111	4.2539
lcl|NW_015387503.1_cds_XP_015676797.1_14035	1470	1417.74	16	1.05106
lcl|NW_015387504.1_cds_XP_015676805.1_14036	978	948.706	60	5.89007
lcl|NW_015387504.1_cds_XP_015676807.1_14037	3291	3455.8	308	8.30048
lcl|NW_015387504.1_cds_XP_015676806.1_14038	3297	3268.28	47.5502	1.35498
lcl|NW_015387505.1_cds_XP_029140948.1_14039	468	429.949	0	0
lcl|NW_015387506.1_cds_XP_015676810.1_14040	5157	5149.09	19	0.343656
lcl|NW_015387506.1_cds_XP_015676809.1_14041	1317	1278.95	0	0
lcl|NW_015387507.1_cds_XP_015676811.1_14042	1324	1191.71	4	0.312601
lcl|NW_015387507.1_cds_XP_029140949.1_14043	1560	1433	11	0.714906
lcl|NW_015387507.1_cds_XP_029140950.1_14044	1071	950.907	4	0.391763
lcl|NW_015387507.1_cds_XP_029140951.1_14045	672	580.411	21	3.36965
lcl|NW_015387507.1_cds_XP_015676814.1_14046	480	411.36	7	1.58481
lcl|NW_015387507.1_cds_XP_015676817.1_14047	237	191.846	160	77.6726
lcl|NW_015387507.1_cds_XP_029140952.1_14048	879	800.2	2	0.232773
lcl|NW_015387507.1_cds_XP_029140953.1_14049	1083	953.525	7	0.683703
lcl|NW_015387507.1_cds_XP_015676816.1_14050	2547	2508.95	0	0
lcl|NW_015387508.1_cds_XP_015676818.1_14051	1077	1038.95	0	0
lcl|NW_015387508.1_cds_XP_015676820.1_14052	2385	2324.66	3259	130.565
lcl|NW_015387508.1_cds_XP_015676819.1_14053	843	772.152	5	0.603071
lcl|NW_015387509.1_cds_XP_015676821.1_14054	3795	3879.84	2210	53.0493
lcl|NW_015387510.1_cds_XP_015676822.1_14055	1278	1271.31	77	5.64078
lcl|NW_015387510.1_cds_XP_015676823.1_14056	540	495.984	216	40.559
lcl|NW_015387511.1_cds_XP_015676829.1_14057	768	741.951	1916	240.504
lcl|NW_015387511.1_cds_XP_015676828.1_14058	1038	1024.72	423	38.4448
lcl|NW_015387511.1_cds_XP_015676830.1_14059	3303	3372.42	251	6.93161
lcl|NW_015387511.1_cds_XP_015676825.1_14060	597	558.949	0	0
lcl|NW_015387511.1_cds_XP_015676826.1_14061	597	558.949	0	0
lcl|NW_015387511.1_cds_XP_015676832.1_14062	1395	1369.5	308	20.9455
lcl|NW_015387511.1_cds_XP_015676833.1_14063	1389	1361.85	9.51527e-07	6.50717e-08
lcl|NW_015387511.1_cds_XP_015676834.1_14064	801	817.311	82	9.3439
lcl|NW_015387511.1_cds_XP_015676827.1_14065	1554	1471.61	37	2.34159
lcl|NW_015387511.1_cds_XP_015676836.1_14066	882	859.233	307	33.2758
lcl|NW_015387512.1_cds_XP_015676837.1_14067	1857	1890.58	5	0.246306
lcl|NW_015387512.1_cds_XP_015676838.1_14068	1806	1806.63	5	0.257753
lcl|NW_015387513.1_cds_XP_015676841.1_14069	6117	6073.16	122	1.87088
lcl|NW_015387513.1_cds_XP_029140954.1_14070	492	444.821	53	11.0967
lcl|NW_015387513.1_cds_XP_015676843.1_14071	1398	1334.25	45	3.14107
lcl|NW_015387513.1_cds_XP_015676844.1_14072	681	649.662	711	101.926
lcl|NW_015387513.1_cds_XP_015676840.1_14073	975	920.381	48	4.85708
lcl|NW_015387513.1_cds_XP_015676839.1_14074	4023	3984.95	0	0
lcl|NW_015387514.1_cds_XP_015676845.1_14075	837	830.158	22	2.4681
lcl|NW_015387514.1_cds_XP_015676847.1_14076	324	277.745	305	102.272
lcl|NW_015387514.1_cds_XP_015676848.1_14077	324	277.745	305	102.272
lcl|NW_015387514.1_cds_XP_015676846.1_14078	1368	1376.45	495	33.4925
lcl|NW_015387514.1_cds_XP_015676850.1_14079	2199	2241.38	7.08463e-07	2.94377e-08
lcl|NW_015387514.1_cds_XP_015676849.1_14080	2253	2291.25	402	16.3401
lcl|NW_015387515.1_cds_XP_029140955.1_14081	2916	2846.65	1	0.0327165
lcl|NW_015387516.1_cds_XP_029140956.1_14082	2088	2049.95	0	0
lcl|NW_015387516.1_cds_XP_015676852.1_14083	1797	1768.69	25	1.3164
lcl|NW_015387517.1_cds_XP_015676853.1_14084	561	522.949	0	0
lcl|NW_015387517.1_cds_XP_015676854.1_14085	561	522.949	0	0
lcl|NW_015387518.1_cds_XP_015676856.1_14086	7608	7668.57	157	1.90672
lcl|NW_015387518.1_cds_XP_015676858.1_14087	1233	1213.72	560	42.9704
lcl|NW_015387518.1_cds_XP_029140957.1_14088	1368	1338.85	7	0.48693
lcl|NW_015387519.1_cds_XP_015676862.1_14089	609	571.578	178	29.0032
lcl|NW_015387519.1_cds_XP_029140958.1_14090	1380	1341.95	0	0
lcl|NW_015387519.1_cds_XP_015676863.1_14091	4572	4607.42	3200	64.6834
lcl|NW_015387519.1_cds_XP_015676864.1_14092	927	915.252	445.744	45.3572
lcl|NW_015387519.1_cds_XP_015676860.1_14093	309	285.887	5.25635	1.71234
lcl|NW_015387519.1_cds_XP_015676865.1_14094	2973	3028.89	590	18.1413
lcl|NW_015387519.1_cds_XP_015676866.1_14095	4167	4317.44	304	6.55766
lcl|NW_015387520.1_cds_XP_015676867.1_14096	2667	2634.33	1	0.0353534
lcl|NW_015387520.1_cds_XP_015676871.1_14097	1518	1367.27	49	3.33767
lcl|NW_015387520.1_cds_XP_015676872.1_14098	1518	1367.27	49	3.33767
lcl|NW_015387520.1_cds_XP_015676869.1_14099	1548	1484.13	3	0.188257
lcl|NW_015387520.1_cds_XP_015676870.1_14100	1539	1514.67	1	0.0614871
lcl|NW_015387521.1_cds_XP_015676873.1_14101	1185	1146.95	0	0
lcl|NW_015387521.1_cds_XP_015676874.1_14102	1143	1104.95	0	0
lcl|NW_015387522.1_cds_XP_015676875.1_14103	642	598.895	0	0
lcl|NW_015387522.1_cds_XP_015676881.1_14104	1665	1626.06	57	3.26466
lcl|NW_015387522.1_cds_XP_015676879.1_14105	888	864.494	39	4.2015
lcl|NW_015387522.1_cds_XP_015676876.1_14106	4494	4491.41	96	1.99063
lcl|NW_015387522.1_cds_XP_029140959.1_14107	1968	1929.95	0	0
lcl|NW_015387523.1_cds_XP_029140961.1_14108	483	443.813	1	0.209846
lcl|NW_015387523.1_cds_XP_015676883.1_14109	483	444.949	0	0
lcl|NW_015387523.1_cds_XP_015676887.1_14110	882	792.266	26	3.05635
lcl|NW_015387523.1_cds_XP_029140960.1_14111	816	697.313	3	0.400677
lcl|NW_015387523.1_cds_XP_015676884.1_14112	951	895.367	41	4.26466
lcl|NW_015387523.1_cds_XP_015676885.1_14113	1008	976.97	27	2.57385
lcl|NW_015387523.1_cds_XP_015676888.2_14114	3045	2894.07	1	0.0321805
lcl|NW_015387523.1_cds_XP_015676886.1_14115	2271	2232.95	0	0
lcl|NW_015387524.1_cds_XP_015676889.1_14116	1254	1215.95	0	0
lcl|NW_015387524.1_cds_XP_015676890.1_14117	1299	1260.95	0	0
lcl|NW_015387525.1_cds_XP_015676891.1_14118	4101	4038.42	22	0.507356
lcl|NW_015387525.1_cds_XP_015676892.1_14119	2013	1935.97	364	17.5107
lcl|NW_015387525.1_cds_XP_015676893.1_14120	1017	961.871	3	0.290473
lcl|NW_015387525.1_cds_XP_029140962.1_14121	2448	2311.24	5	0.201478
lcl|NW_015387525.1_cds_XP_015676895.1_14122	726	687.949	0	0
lcl|NW_015387525.1_cds_XP_015676898.1_14123	1941	1836.63	2660	134.884
lcl|NW_015387525.1_cds_XP_015676899.1_14124	1092	1083.26	101	8.68338
lcl|NW_015387526.1_cds_XP_015676900.1_14125	559	472.438	22	4.3369
lcl|NW_015387526.1_cds_XP_015676901.1_14126	633	621.712	9	1.3482
lcl|NW_015387527.1_cds_XP_015676902.1_14127	3510	3401.23	36	0.985753
lcl|NW_015387528.1_cds_XP_015676912.1_14128	3468	3112.74	3	0.0897592
lcl|NW_015387528.1_cds_XP_015676903.1_14129	1062	981.543	22.583	2.14276
lcl|NW_015387528.1_cds_XP_015676913.1_14130	978	884.735	19.4346	2.0458
lcl|NW_015387528.1_cds_XP_015676922.1_14131	396	323.736	21	6.04129
lcl|NW_015387528.1_cds_XP_015676923.1_14132	1452	1330.06	457	31.9998
lcl|NW_015387528.1_cds_XP_015676924.1_14133	5319	5054.94	19	0.350057
lcl|NW_015387528.1_cds_XP_029140966.1_14134	5454	5189.44	0	0
lcl|NW_015387528.1_cds_XP_029140967.1_14135	3459	3420.95	0	0
lcl|NW_015387528.1_cds_XP_015676925.1_14136	3522	3254.66	14	0.400612
lcl|NW_015387528.1_cds_XP_029140969.1_14137	4041	3791.27	0	0
lcl|NW_015387528.1_cds_XP_029140968.1_14138	4071	3819.5	0	0
lcl|NW_015387528.1_cds_XP_015676914.1_14139	405	351.042	3	0.795909
lcl|NW_015387528.1_cds_XP_015676915.1_14140	783	713.012	4	0.522474
lcl|NW_015387528.1_cds_XP_015676926.1_14141	573	514.681	71	12.8476
lcl|NW_015387528.1_cds_XP_015676917.1_14142	246	196.073	8	3.79991
lcl|NW_015387528.1_cds_XP_015676904.1_14143	2787	2562.39	3	0.109038
lcl|NW_015387528.1_cds_XP_015676905.1_14144	2979	2797.12	7	0.233071
lcl|NW_015387528.1_cds_XP_029140963.1_14145	2010	1812.53	3	0.154148
lcl|NW_015387528.1_cds_XP_015676906.1_14146	963	853.23	23	2.51052
lcl|NW_015387528.1_cds_XP_015676919.1_14147	822	713.034	1	0.130614
lcl|NW_015387528.1_cds_XP_015676920.1_14148	2376	2092.01	12	0.534219
lcl|NW_015387528.1_cds_XP_015676907.1_14149	384	345.949	0	0
lcl|NW_015387528.1_cds_XP_015676909.1_14150	1017	866.911	4	0.429721
lcl|NW_015387528.1_cds_XP_029140964.1_14151	1452	1413.95	0	0
lcl|NW_015387528.1_cds_XP_029140965.1_14152	1554	1515.95	0	0
lcl|NW_015387528.1_cds_XP_015676910.1_14153	1434	1395.95	0	0
lcl|NW_015387528.1_cds_XP_015676928.1_14154	1305	1183.24	136	10.7045
lcl|NW_015387528.1_cds_XP_015676911.1_14155	307	240.773	2	0.773614
lcl|NW_015387529.1_cds_XP_029140970.1_14156	792	753.949	0	0
lcl|NW_015387529.1_cds_XP_015676932.1_14157	189	146.824	3	1.90294
lcl|NW_015387529.1_cds_XP_029140971.1_14158	5916	6131.19	40	0.607599
lcl|NW_015387530.1_cds_XP_015676933.1_14159	1803	1763.08	52	2.74683
lcl|NW_015387530.1_cds_XP_029140972.1_14160	1860	1834.95	17	0.86283
lcl|NW_015387530.1_cds_XP_015676936.1_14161	1536	1403.25	23	1.52649
lcl|NW_015387531.1_cds_XP_015676937.1_14162	636	586.23	36	5.71921
lcl|NW_015387531.1_cds_XP_015676940.1_14163	192	132.355	454	319.461
lcl|NW_015387531.1_cds_XP_015676941.1_14164	1098	1058.08	3.73167e-05	3.28464e-06
lcl|NW_015387531.1_cds_XP_015676942.1_14165	1086	1037.02	828.671	74.4211
lcl|NW_015387531.1_cds_XP_015676943.1_14166	999	955.701	55.6646	5.42448
lcl|NW_015387531.1_cds_XP_015676944.1_14167	999	955.701	55.6646	5.42448
lcl|NW_015387531.1_cds_XP_015676938.1_14168	1602	1563.95	0	0
lcl|NW_015387532.1_cds_XP_015676947.1_14169	450	411.949	0	0
lcl|NW_015387532.1_cds_XP_015676945.1_14170	1272	1233.95	0	0
lcl|NW_015387532.1_cds_XP_015676946.1_14171	1077	1038.95	0	0
lcl|NW_015387532.1_cds_XP_015676948.1_14172	603	572.35	68	11.0649
lcl|NW_015387533.1_cds_XP_015676949.1_14173	648	634.53	639	93.7887
lcl|NW_015387533.1_cds_XP_015676950.1_14174	1455	1457.99	22	1.4053
lcl|NW_015387534.1_cds_XP_029140973.1_14175	3981	3881.7	58	1.39158
lcl|NW_015387534.1_cds_XP_015676953.1_14176	870	850.507	32	3.50408
lcl|NW_015387534.1_cds_XP_015676954.1_14177	600	561.949	0	0
lcl|NW_015387534.1_cds_XP_015676952.1_14178	1045	1006.95	0	0
lcl|NW_015387535.1_cds_XP_015676958.1_14179	1032	1005.42	17	1.57471
lcl|NW_015387535.1_cds_XP_015676960.1_14180	558	526.13	11	1.94716
lcl|NW_015387535.1_cds_XP_015676962.1_14181	415	349.85	26	6.92139
lcl|NW_015387535.1_cds_XP_015676963.1_14182	1785	1774.33	247	12.9647
lcl|NW_015387535.1_cds_XP_015676956.1_14183	1224	1185.95	0	0
lcl|NW_015387535.1_cds_XP_015676964.1_14184	1323	1306.4	931.914	66.4356
lcl|NW_015387535.1_cds_XP_029140974.1_14185	3573	3475.59	68	1.82214
lcl|NW_015387535.1_cds_XP_015676965.1_14186	450	415.018	460	103.227
lcl|NW_015387536.1_cds_XP_015676966.1_14187	2127	2088.95	0	0
lcl|NW_015387536.1_cds_XP_015677000.1_14188	450	378.397	80	19.6899
lcl|NW_015387536.1_cds_XP_015677002.2_14189	1752	1646.65	37	2.09268
lcl|NW_015387536.1_cds_XP_015676967.1_14190	732	565.498	2	0.329382
lcl|NW_015387536.1_cds_XP_015677003.1_14191	1914	1732.45	27	1.45146
lcl|NW_015387536.1_cds_XP_015676982.1_14192	1059	933.502	26	2.59394
lcl|NW_015387536.1_cds_XP_015676968.1_14193	1164	1033.08	32	2.8848
lcl|NW_015387536.1_cds_XP_015676970.1_14194	687	560.153	5	0.831313
lcl|NW_015387536.1_cds_XP_029140976.1_14195	2370	2139.01	30	1.3062
lcl|NW_015387536.1_cds_XP_015676984.1_14196	2013	1772.74	5	0.262679
lcl|NW_015387536.1_cds_XP_029140977.1_14197	1986	1865.37	2	0.0998539
lcl|NW_015387536.1_cds_XP_015676985.1_14198	981	854.038	11	1.19955
lcl|NW_015387536.1_cds_XP_015676986.1_14199	2712	2491.15	5	0.186926
lcl|NW_015387536.1_cds_XP_015676972.1_14200	2898	2859.95	0	0
lcl|NW_015387536.1_cds_XP_015676987.1_14201	384	314.201	262	77.6596
lcl|NW_015387536.1_cds_XP_015676988.1_14202	519	472.265	386.651	76.2491
lcl|NW_015387536.1_cds_XP_015676989.1_14203	1338	1215.81	6	0.459608
lcl|NW_015387536.1_cds_XP_029140978.1_14204	426	387.949	0	0
lcl|NW_015387536.1_cds_XP_015677005.1_14205	1827	1593.04	49	2.86464
lcl|NW_015387536.1_cds_XP_015677007.1_14206	549	480.055	0	0
lcl|NW_015387536.1_cds_XP_015677006.1_14207	549	474.533	33	6.47663
lcl|NW_015387536.1_cds_XP_015676992.1_14208	2259	1975.44	10	0.471451
lcl|NW_015387536.1_cds_XP_029140982.1_14209	1116	996.959	11	1.02758
lcl|NW_015387536.1_cds_XP_015676993.1_14210	228	189.949	0	0
lcl|NW_015387536.1_cds_XP_015676994.1_14211	1212	1124.9	56	4.63635
lcl|NW_015387536.1_cds_XP_029140979.1_14212	867	828.949	0	0
lcl|NW_015387536.1_cds_XP_029140980.1_14213	996	957.949	0	0
lcl|NW_015387536.1_cds_XP_015676974.1_14214	933	805.476	130	15.0311
lcl|NW_015387536.1_cds_XP_015676975.1_14215	507	418.312	0	0
lcl|NW_015387536.1_cds_XP_015676995.1_14216	681	573.423	5	0.812076
lcl|NW_015387536.1_cds_XP_029140981.1_14217	768	631.037	5	0.737933
lcl|NW_015387536.1_cds_XP_015676996.1_14218	510	467.719	97	19.3147
lcl|NW_015387536.1_cds_XP_015677008.1_14219	741	681.595	15	2.04959
lcl|NW_015387536.1_cds_XP_015676976.1_14220	192	153.949	0	0
lcl|NW_015387536.1_cds_XP_015676977.2_14221	1143	1067.52	1	0.0872416
lcl|NW_015387536.1_cds_XP_015676997.1_14222	918	855.404	10	1.08876
lcl|NW_015387536.1_cds_XP_015676979.2_14223	378	339.949	0	0
lcl|NW_015387536.1_cds_XP_015676998.1_14224	495	432.638	1015	218.495
lcl|NW_015387538.1_cds_XP_029140983.1_14225	3924	4069.48	1	0.0228856
lcl|NW_015387538.1_cds_XP_015677012.1_14226	1062	1053.19	7	0.619003
lcl|NW_015387538.1_cds_XP_015677013.2_14227	1551	1545.85	691	41.6305
lcl|NW_015387538.1_cds_XP_015677014.1_14228	639	564.435	82	13.5301
lcl|NW_015387538.1_cds_XP_015677015.1_14229	312	247.331	39	14.6854
lcl|NW_015387538.1_cds_XP_015677016.1_14230	312	247.331	39	14.6854
lcl|NW_015387538.1_cds_XP_015677017.1_14231	528	462.337	1291	260.057
lcl|NW_015387538.1_cds_XP_015677018.1_14232	741	669.544	83	11.5452
lcl|NW_015387538.1_cds_XP_015677019.1_14233	933	921.34	414.021	41.8509
lcl|NW_015387538.1_cds_XP_015677020.1_14234	933	921.34	414.021	41.8509
lcl|NW_015387538.1_cds_XP_015677021.1_14235	933	921.34	414.021	41.8509
lcl|NW_015387538.1_cds_XP_015677022.1_14236	930	917.308	237.936	24.1571
lcl|NW_015387538.1_cds_XP_015677010.2_14237	1911	1926.7	122	5.89722
lcl|NW_015387538.1_cds_XP_015677024.1_14238	972	923.099	0	0
lcl|NW_015387539.1_cds_XP_015677026.1_14239	1935	1897.9	26	1.27586
lcl|NW_015387539.1_cds_XP_015677027.1_14240	1422	1383.95	0	0
lcl|NW_015387539.1_cds_XP_015677025.1_14241	1554	1515.95	0	0
lcl|NW_015387540.1_cds_XP_015677032.1_14242	1500	1507.65	47	2.90334
lcl|NW_015387540.1_cds_XP_015677028.1_14243	1605	1526.09	16	0.976427
lcl|NW_015387540.1_cds_XP_029140985.1_14244	1515	1404.12	4	0.265312
lcl|NW_015387540.1_cds_XP_015677030.1_14245	1212	1156.61	10	0.805217
lcl|NW_015387540.1_cds_XP_015677031.1_14246	747	702.871	20	2.65006
lcl|NW_015387541.1_cds_XP_015677033.1_14247	3321	3412.43	1.10104	0.0300496
lcl|NW_015387543.1_cds_XP_015677036.1_14248	2571	2629.92	3	0.106238
lcl|NW_015387543.1_cds_XP_015677035.1_14249	651	629.339	18	2.66372
lcl|NW_015387543.1_cds_XP_029140986.1_14250	1812	1804.32	38.7467	1.99996
lcl|NW_015387543.1_cds_XP_015677037.1_14251	912	904.563	2506	258.014
lcl|NW_015387544.1_cds_XP_015677039.2_14252	282	242.016	2	0.769639
lcl|NW_015387544.1_cds_XP_015677042.1_14253	1512	1486.33	37	2.3184
lcl|NW_015387544.1_cds_XP_015677044.1_14254	696	659.913	41	5.78627
lcl|NW_015387544.1_cds_XP_015677040.1_14255	2316	2299.27	23	0.931621
lcl|NW_015387544.1_cds_XP_015677041.1_14256	1239	1200.95	0	0
lcl|NW_015387545.1_cds_XP_015677045.1_14257	381	319.5	427	124.468
lcl|NW_015387545.1_cds_XP_015677047.1_14258	927	904.985	345.626	35.5685
lcl|NW_015387545.1_cds_XP_015677046.1_14259	1026	1003.33	113.374	10.5238
lcl|NW_015387545.1_cds_XP_015677048.1_14260	1008	948.92	436	42.7915
lcl|NW_015387545.1_cds_XP_015677049.1_14261	996	934.572	32	3.18888
lcl|NW_015387546.1_cds_XP_015677050.1_14262	7239	7628.27	1	0.0122089
lcl|NW_015387547.1_cds_XP_015677057.1_14263	1560	1540.02	95	5.7451
lcl|NW_015387547.1_cds_XP_015677058.1_14264	1362	1367.26	996.512	67.8786
lcl|NW_015387547.1_cds_XP_015677059.1_14265	1971	1942.62	38	1.82178
lcl|NW_015387547.1_cds_XP_015677061.1_14266	2871	2907.58	37	1.18514
lcl|NW_015387547.1_cds_XP_015677053.1_14267	957	909.048	5	0.512253
lcl|NW_015387547.1_cds_XP_015677056.1_14268	348	309.949	0	0
lcl|NW_015387547.1_cds_XP_015677055.1_14269	546	507.949	0	0
lcl|NW_015387547.1_cds_XP_015677062.1_14270	723	700.367	341	45.345
lcl|NW_015387547.1_cds_XP_015677052.1_14271	888	859.201	1.02904	0.111542
lcl|NW_015387549.1_cds_XP_029140988.1_14272	279	257.95	1.99838	0.721511
lcl|NW_015387549.1_cds_XP_015677063.1_14273	1098	1045.13	6	0.534664
lcl|NW_015387550.1_cds_XP_015677064.1_14274	1911	1852.72	12165	611.509
lcl|NW_015387550.1_cds_XP_015677066.1_14275	477	412.152	477	107.786
lcl|NW_015387550.1_cds_XP_015677065.1_14276	1101	1095.01	51	4.33765
lcl|NW_015387550.1_cds_XP_015677067.1_14277	1449	1482.2	56	3.5187
lcl|NW_015387551.1_cds_XP_015677069.1_14278	1932	1955.02	123.84	5.89943
lcl|NW_015387551.1_cds_XP_015677071.1_14279	1932	1955.02	123.84	5.89943
lcl|NW_015387551.1_cds_XP_015677072.1_14280	1866	1891.87	639.16	31.4644
lcl|NW_015387551.1_cds_XP_015677073.1_14281	1866	1891.87	639.16	31.4644
lcl|NW_015387551.1_cds_XP_029140989.1_14282	3294	3340.38	6	0.167285
lcl|NW_015387552.1_cds_XP_029140999.1_14283	3969	3930.95	0	0
lcl|NW_015387552.1_cds_XP_029140990.1_14284	1956	1917.95	0	0
lcl|NW_015387552.1_cds_XP_029140991.1_14285	1896	1857.95	0	0
lcl|NW_015387552.1_cds_XP_015677076.1_14286	2298	2089.15	1	0.0445791
lcl|NW_015387552.1_cds_XP_029140992.1_14287	1203	1017.98	8	0.731899
lcl|NW_015387552.1_cds_XP_029140998.1_14288	1275	1069.71	121	10.5347
lcl|NW_015387552.1_cds_XP_015677087.1_14289	1827	1659.65	3	0.168347
lcl|NW_015387552.1_cds_XP_015677078.1_14290	849	810.949	0	0
lcl|NW_015387552.1_cds_XP_015677079.1_14291	825	786.949	0	0
lcl|NW_015387552.1_cds_XP_015677088.1_14292	783	686.343	49	6.64899
lcl|NW_015387552.1_cds_XP_015677080.1_14293	786	747.949	0	0
lcl|NW_015387552.1_cds_XP_029140993.1_14294	1788	1625.39	3	0.171896
lcl|NW_015387552.1_cds_XP_029140994.1_14295	2685	2398.29	2	0.0776657
lcl|NW_015387552.1_cds_XP_029140995.1_14296	1314	1171.1	16	1.27241
lcl|NW_015387552.1_cds_XP_015677090.1_14297	2127	1960.84	215	10.2117
lcl|NW_015387552.1_cds_XP_029140996.1_14298	969	828.928	7	0.78647
lcl|NW_015387552.1_cds_XP_015677093.1_14299	1758	1551.7	2	0.120039
lcl|NW_015387552.1_cds_XP_029140997.1_14300	1098	946.133	1	0.0984349
lcl|NW_015387553.1_cds_XP_029141001.1_14301	555	516.949	0	0
lcl|NW_015387553.1_cds_XP_015677096.1_14302	1563	1553.4	79.5523	4.76949
lcl|NW_015387553.1_cds_XP_015677097.1_14303	963	896.752	2	0.207711
lcl|NW_015387553.1_cds_XP_015677098.1_14304	1146	1057.57	1	0.0880624
lcl|NW_015387553.1_cds_XP_029141002.1_14305	1530	1491.95	0	0
lcl|NW_015387553.1_cds_XP_015677095.1_14306	936	897.949	0	0
lcl|NW_015387554.1_cds_XP_029141003.1_14307	3828	3914.83	18.0463	0.429315
lcl|NW_015387555.1_cds_XP_015677100.1_14308	2892	2853.95	0	0
lcl|NW_015387555.1_cds_XP_015677101.1_14309	1815	1787.01	50	2.60581
lcl|NW_015387556.1_cds_XP_015677102.1_14310	570	531.949	0	0
lcl|NW_015387556.1_cds_XP_015677107.1_14311	1353	1346.35	45.6251	3.15608
lcl|NW_015387556.1_cds_XP_029141006.1_14312	1854	1815.95	0	0
lcl|NW_015387556.1_cds_XP_029141004.1_14313	8673	8615.5	8	0.086479
lcl|NW_015387556.1_cds_XP_015677108.1_14314	2724	2693.9	78	2.69659
lcl|NW_015387556.1_cds_XP_029141005.1_14315	4080	4041.95	0	0
lcl|NW_015387557.1_cds_XP_015677109.1_14316	855	833.947	37	4.13204
lcl|NW_015387557.1_cds_XP_029141007.1_14317	621	583.287	14	2.23536
lcl|NW_015387557.1_cds_XP_015677110.1_14318	2175	2064.19	133	6.00072
lcl|NW_015387557.1_cds_XP_015677111.1_14319	1332	1255.3	96.3109	7.14542
lcl|NW_015387558.1_cds_XP_015677112.1_14320	1791	1717.33	29	1.57269
lcl|NW_015387558.1_cds_XP_015677113.1_14321	1174	1135.95	0	0
lcl|NW_015387559.1_cds_XP_015677114.1_14322	1201	1119.17	2	0.166431
lcl|NW_015387559.1_cds_XP_015677117.1_14323	450	411.949	0	0
lcl|NW_015387560.1_cds_XP_015677118.1_14324	1032	956.084	8	0.779283
lcl|NW_015387561.1_cds_XP_015677119.1_14325	816	756.419	8	0.984983
lcl|NW_015387561.1_cds_XP_029141008.1_14326	1581	1489.35	6	0.375194
lcl|NW_015387561.1_cds_XP_015677120.1_14327	900	861.949	0	0
lcl|NW_015387561.1_cds_XP_029141009.1_14328	948	909.949	0	0
lcl|NW_015387561.1_cds_XP_015677123.1_14329	936	893.555	200	20.8454
lcl|NW_015387562.1_cds_XP_015677126.1_14330	855	816.949	0	0
lcl|NW_015387562.1_cds_XP_015677127.1_14331	2286	2305.73	1095	44.229
lcl|NW_015387562.1_cds_XP_015677124.1_14332	1227	1213.27	5	0.383809
lcl|NW_015387562.1_cds_XP_015677128.1_14333	555	532.535	338	59.1112
lcl|NW_015387565.1_cds_XP_029141010.1_14334	1192	1153.95	0	0
lcl|NW_015387566.1_cds_XP_015677129.2_14335	1410	1363.77	1	0.0682906
lcl|NW_015387566.1_cds_XP_015677133.1_14336	672	603.455	24	3.70397
lcl|NW_015387566.1_cds_XP_015677134.1_14337	783	721.289	29	3.74447
lcl|NW_015387566.1_cds_XP_015677137.1_14338	846	757.549	9	1.10645
lcl|NW_015387566.1_cds_XP_015677135.1_14339	1431	1353.68	461.713	31.7656
lcl|NW_015387566.1_cds_XP_015677130.1_14340	855	771.781	118.287	14.2739
lcl|NW_015387566.1_cds_XP_015677131.1_14341	1503	1410.38	13	0.858436
lcl|NW_015387566.1_cds_XP_015677138.1_14342	1200	1146.98	247	20.0559
lcl|NW_015387566.1_cds_XP_015677132.1_14343	636	597.949	0	0
lcl|NW_015387566.1_cds_XP_029141011.1_14344	7410	7828.54	192	2.28414
lcl|NW_015387566.1_cds_XP_015677140.1_14345	1782	1757.23	1554	82.3615
lcl|NW_015387567.1_cds_XP_015677143.1_14346	1023	1028.6	52	4.70826
lcl|NW_015387567.1_cds_XP_015677149.1_14347	753	684.757	5	0.68004
lcl|NW_015387567.1_cds_XP_015677144.1_14348	1515	1541.29	9.24781	0.558798
lcl|NW_015387567.1_cds_XP_015677146.1_14349	1500	1529.5	19.7522	1.20273
lcl|NW_015387567.1_cds_XP_015677147.1_14350	618	579.949	0	0
lcl|NW_015387567.1_cds_XP_015677142.1_14351	939	947.067	1	0.0983378
lcl|NW_015387567.1_cds_XP_015677150.1_14352	1392	1370.84	162	11.006
lcl|NW_015387567.1_cds_XP_015677151.1_14353	432	452.127	324	66.74
lcl|NW_015387567.1_cds_XP_015677152.1_14354	432	452.127	324	66.74
lcl|NW_015387567.1_cds_XP_015677153.1_14355	432	452.127	324	66.74
lcl|NW_015387567.1_cds_XP_015677141.1_14356	1199	1197.62	7	0.544351
lcl|NW_015387568.1_cds_XP_015677164.1_14357	576	534.471	293.339	51.1148
lcl|NW_015387568.1_cds_XP_015677161.1_14358	786	746.864	41	5.11262
lcl|NW_015387568.1_cds_XP_015677162.1_14359	768	716.803	14	1.81899
lcl|NW_015387568.1_cds_XP_015677154.1_14360	777	738.949	0	0
lcl|NW_015387568.1_cds_XP_015677165.1_14361	2904	2726.17	202	6.90079
lcl|NW_015387568.1_cds_XP_015677155.1_14362	852	813.949	0	0
lcl|NW_015387568.1_cds_XP_015677156.1_14363	624	583.167	6	0.958208
lcl|NW_015387568.1_cds_XP_015677157.1_14364	1599	1560.95	0	0
lcl|NW_015387568.1_cds_XP_015677158.1_14365	2493	2267.42	1	0.0410743
lcl|NW_015387568.1_cds_XP_029141013.1_14366	2787	2650.8	212	7.44836
lcl|NW_015387568.1_cds_XP_015677167.1_14367	1899	1843.33	48	2.42515
lcl|NW_015387568.1_cds_XP_015677168.1_14368	645	575.331	10	1.61876
lcl|NW_015387568.1_cds_XP_015677170.1_14369	2385	2257.55	66	2.72275
lcl|NW_015387568.1_cds_XP_015677169.1_14370	726	718.814	2	0.259128
lcl|NW_015387568.1_cds_XP_015677171.1_14371	1470	1433.46	220	14.2935
lcl|NW_015387568.1_cds_XP_029141012.1_14372	3363	3343.27	6	0.16714
lcl|NW_015387568.1_cds_XP_015677160.1_14373	1248	1000.63	44	4.09524
lcl|NW_015387568.1_cds_XP_015677163.1_14374	711	672.949	0	0
lcl|NW_015387569.1_cds_XP_015677175.1_14375	3156	3213.85	0	0
lcl|NW_015387569.1_cds_XP_015677174.1_14376	3039	3105.37	58	1.73946
lcl|NW_015387569.1_cds_XP_015677176.1_14377	1053	981.842	9	0.853694
lcl|NW_015387569.1_cds_XP_015677172.1_14378	966	987.494	31	2.92367
lcl|NW_015387569.1_cds_XP_015677177.1_14379	2070	2068.65	16913	761.437
lcl|NW_015387569.1_cds_XP_029141014.1_14380	582	557.831	336	56.0968
lcl|NW_015387569.1_cds_XP_015677178.1_14381	1404	1381.56	9	0.606699
lcl|NW_015387570.1_cds_XP_015677181.1_14382	1377	1338.65	113.5	7.89642
lcl|NW_015387570.1_cds_XP_015677182.1_14383	1377	1338.65	113.5	7.89642
lcl|NW_015387570.1_cds_XP_015677183.1_14384	624	596.864	20.2969	3.16705
lcl|NW_015387570.1_cds_XP_015677184.1_14385	624	596.864	20.2969	3.16705
lcl|NW_015387570.1_cds_XP_029141015.1_14386	3681	3704.29	235	5.90832
lcl|NW_015387570.1_cds_XP_015677179.1_14387	1557	1535.79	207	12.5528
lcl|NW_015387571.1_cds_XP_015677186.1_14388	1560	1603.66	64	3.7168
lcl|NW_015387572.1_cds_XP_015677187.1_14389	1035	961.077	463.187	44.8848
lcl|NW_015387572.1_cds_XP_015677189.1_14390	1035	961.077	463.187	44.8848
lcl|NW_015387572.1_cds_XP_015677188.1_14391	987	916.966	51.6258	5.24342
lcl|NW_015387572.1_cds_XP_015677192.1_14392	5931	5652.45	70.506	1.16169
lcl|NW_015387572.1_cds_XP_015677190.1_14393	5994	5717.89	0	0
lcl|NW_015387572.1_cds_XP_015677194.1_14394	6012	5738.98	46.494	0.754507
lcl|NW_015387573.1_cds_XP_015677205.1_14395	1470	1381.48	59	3.9775
lcl|NW_015387573.1_cds_XP_015677195.1_14396	1686	1446.92	14	0.901124
lcl|NW_015387573.1_cds_XP_015677196.1_14397	990	951.949	0	0
lcl|NW_015387573.1_cds_XP_015677206.1_14398	1254	1199.19	105	8.15461
lcl|NW_015387573.1_cds_XP_015677197.1_14399	3180	3095.92	61	1.83502
lcl|NW_015387573.1_cds_XP_015677198.1_14400	3792	3700.99	33	0.830418
lcl|NW_015387573.1_cds_XP_015677199.1_14401	1698	1564.91	18.5282	1.10267
lcl|NW_015387573.1_cds_XP_015677200.1_14402	1812	1781.21	20	1.04572
lcl|NW_015387573.1_cds_XP_029141016.1_14403	7131	7239.32	29	0.37308
lcl|NW_015387573.1_cds_XP_015677203.1_14404	552	438.565	24	5.09658
lcl|NW_015387573.1_cds_XP_015677204.1_14405	1059	818.085	2	0.227684
lcl|NW_015387576.1_cds_XP_015677207.1_14406	1737	1702.52	72	3.9386
lcl|NW_015387576.1_cds_XP_015677208.1_14407	663	596.433	8348	1303.53
lcl|NW_015387576.1_cds_XP_015677209.1_14408	723	687.001	505	68.4598
lcl|NW_015387576.1_cds_XP_015677210.1_14409	2295	2365.67	55	2.16526
lcl|NW_015387576.1_cds_XP_015677211.1_14410	1065	1074.66	10	0.866626
lcl|NW_015387576.1_cds_XP_015677212.1_14411	909	900.181	867	89.6996
lcl|NW_015387577.1_cds_XP_015677216.1_14412	333	290.247	17	5.45484
lcl|NW_015387577.1_cds_XP_015677214.1_14413	699	608.135	1	0.153144
lcl|NW_015387577.1_cds_XP_015677215.1_14414	1299	1174.71	1	0.0792813
lcl|NW_015387579.1_cds_XP_015677217.1_14415	2916	2877.96	56	1.81219
lcl|NW_015387580.1_cds_XP_015677221.1_14416	174	126.03	18.9733	14.0207
lcl|NW_015387580.1_cds_XP_015677220.1_14417	207	165.62	20.0267	11.2615
lcl|NW_015387580.1_cds_XP_015677222.1_14418	4917	5023.33	114	2.11356
lcl|NW_015387580.1_cds_XP_015677223.1_14419	771	666.889	21	2.93269
lcl|NW_015387580.1_cds_XP_029141017.1_14420	1230	1191.95	0	0
lcl|NW_015387580.1_cds_XP_015677219.1_14421	1158	1119.95	0	0
lcl|NW_015387582.1_cds_XP_029141019.1_14422	2541	2378.12	5	0.195811
lcl|NW_015387582.1_cds_XP_029141018.1_14423	882	835.713	12.4414	1.38648
lcl|NW_015387583.1_cds_XP_015677231.1_14424	2496	2514.35	544.281	20.1604
lcl|NW_015387583.1_cds_XP_029141020.1_14425	966	865.458	24	2.58266
lcl|NW_015387583.1_cds_XP_029141021.1_14426	2448	2390.94	1080	42.0684
lcl|NW_015387583.1_cds_XP_029141023.1_14427	1638	1659.78	10	0.561115
lcl|NW_015387583.1_cds_XP_029141022.1_14428	1656	1678.02	0	0
lcl|NW_015387583.1_cds_XP_015677229.1_14429	321	288.051	0	0
lcl|NW_015387583.1_cds_XP_015677230.1_14430	267	246.159	5	1.89171
lcl|NW_015387583.1_cds_XP_015677228.1_14431	2973	2952.81	318	10.0298
lcl|NW_015387584.1_cds_XP_029141024.1_14432	1542	1559.77	2	0.119418
lcl|NW_015387584.1_cds_XP_015677255.1_14433	426	370.627	10	2.51284
lcl|NW_015387584.1_cds_XP_015677262.1_14434	489	473.172	16	3.14921
lcl|NW_015387584.1_cds_XP_015677256.1_14435	837	810.668	17	1.95302
lcl|NW_015387584.1_cds_XP_015677263.1_14436	1737	1798.48	48	2.48563
lcl|NW_015387584.1_cds_XP_015677235.1_14437	3342	3334.26	1050.99	29.3562
lcl|NW_015387584.1_cds_XP_029141026.1_14438	2964	3121.67	1	0.0298342
lcl|NW_015387584.1_cds_XP_015677238.1_14439	1332	1307.63	1	0.0712224
lcl|NW_015387584.1_cds_XP_015677264.1_14440	1101	1097.33	56.5	4.79528
lcl|NW_015387584.1_cds_XP_015677265.1_14441	1101	1097.33	56.5	4.79528
lcl|NW_015387584.1_cds_XP_029141025.1_14442	1098	1071.06	2	0.173907
lcl|NW_015387584.1_cds_XP_015677266.1_14443	1752	1728.52	13	0.700439
lcl|NW_015387584.1_cds_XP_029141027.1_14444	3315	3276.95	0	0
lcl|NW_015387584.1_cds_XP_015677267.1_14445	723	697.018	76	10.1548
lcl|NW_015387584.1_cds_XP_015677268.1_14446	1251	1264.56	360.24	26.531
lcl|NW_015387584.1_cds_XP_015677240.1_14447	1236	1274.25	301.76	22.0551
lcl|NW_015387584.1_cds_XP_015677270.1_14448	1065	1007.84	12.1097	1.11904
lcl|NW_015387584.1_cds_XP_015677241.1_14449	3327	3453.2	4	0.10788
lcl|NW_015387584.1_cds_XP_015677242.1_14450	909	863.379	15.8903	1.71408
lcl|NW_015387584.1_cds_XP_015677259.1_14451	678	606.705	360	55.2619
lcl|NW_015387584.1_cds_XP_015677271.1_14452	627	600.41	106	16.4422
lcl|NW_015387584.1_cds_XP_015677260.1_14453	942	937.179	1	0.0993753
lcl|NW_015387584.1_cds_XP_015677243.1_14454	1119	1115.36	0	0
lcl|NW_015387584.1_cds_XP_015677244.1_14455	888	849.949	0	0
lcl|NW_015387584.1_cds_XP_015677245.1_14456	942	941.61	0.509466	0.0503901
lcl|NW_015387584.1_cds_XP_015677246.1_14457	942	903.949	0	0
lcl|NW_015387584.1_cds_XP_015677248.1_14458	942	903.949	0	0
lcl|NW_015387584.1_cds_XP_015677249.1_14459	942	940.837	1.49053	0.147547
lcl|NW_015387584.1_cds_XP_015677250.1_14460	942	903.949	0	0
lcl|NW_015387584.1_cds_XP_015677251.1_14461	942	903.949	0	0
lcl|NW_015387584.1_cds_XP_015677252.1_14462	936	897.949	0	0
lcl|NW_015387584.1_cds_XP_015677253.1_14463	993	954.949	0	0
lcl|NW_015387584.1_cds_XP_015677261.1_14464	942	903.949	0	0
lcl|NW_015387584.1_cds_XP_015677254.1_14465	765	726.949	0	0
lcl|NW_015387584.1_cds_XP_015677272.1_14466	543	520.91	32.6734	5.84162
lcl|NW_015387584.1_cds_XP_015677273.1_14467	453	444.851	0	0
lcl|NW_015387584.1_cds_XP_015677274.1_14468	777	763.43	195.55	23.8556
lcl|NW_015387585.1_cds_XP_015677275.1_14469	1251	1212.95	0	0
lcl|NW_015387586.1_cds_XP_029141032.1_14470	1146	1107.95	0	0
lcl|NW_015387586.1_cds_XP_029141035.1_14471	8170	8246.31	231.764	2.61751
lcl|NW_015387586.1_cds_XP_015677281.1_14472	2019	1980.95	0	0
lcl|NW_015387586.1_cds_XP_015677284.1_14473	999	1030.3	110	9.94334
lcl|NW_015387586.1_cds_XP_029141030.1_14474	933	905.715	3	0.308483
lcl|NW_015387586.1_cds_XP_015677278.1_14475	921	882.949	0	0
lcl|NW_015387586.1_cds_XP_029141034.1_14476	1002	963.949	0	0
lcl|NW_015387586.1_cds_XP_029141031.1_14477	957	918.949	0	0
lcl|NW_015387588.1_cds_XP_015677299.1_14478	846	798.371	42	4.89943
lcl|NW_015387588.1_cds_XP_029141038.1_14479	2811	2783.2	11	0.368086
lcl|NW_015387588.1_cds_XP_015677300.1_14480	888	806.416	41	4.73507
lcl|NW_015387588.1_cds_XP_015677305.1_14481	3429	3377.86	25	0.689286
lcl|NW_015387588.1_cds_XP_015677290.1_14482	153	114.949	0	0
lcl|NW_015387588.1_cds_XP_015677301.1_14483	195	159.636	144	84.0101
lcl|NW_015387588.1_cds_XP_015677291.1_14484	1509	1469.46	6	0.380272
lcl|NW_015387588.1_cds_XP_015677292.1_14485	936	897.949	0	0
lcl|NW_015387588.1_cds_XP_015677293.1_14486	1047	1008.95	0	0
lcl|NW_015387588.1_cds_XP_015677294.1_14487	1047	1008.95	0	0
lcl|NW_015387588.1_cds_XP_015677295.1_14488	927	888.949	0	0
lcl|NW_015387588.1_cds_XP_015677296.2_14489	975	936.949	0	0
lcl|NW_015387588.1_cds_XP_015677302.1_14490	930	891.949	0	0
lcl|NW_015387588.1_cds_XP_015677303.2_14491	939	900.949	0	0
lcl|NW_015387588.1_cds_XP_015677304.1_14492	933	894.949	0	0
lcl|NW_015387588.1_cds_XP_015677297.2_14493	957	918.949	0	0
lcl|NW_015387590.1_cds_XP_015677307.1_14494	1152	1145.83	124.887	10.1508
lcl|NW_015387590.1_cds_XP_015677308.1_14495	1140	1134.93	0.0562572	0.00461646
lcl|NW_015387590.1_cds_XP_015677309.1_14496	1140	1134.93	0.0562572	0.00461646
lcl|NW_015387590.1_cds_XP_015677306.1_14497	604	565.949	0	0
lcl|NW_015387591.1_cds_XP_015677315.1_14498	1956	1940.53	235	11.2784
lcl|NW_015387591.1_cds_XP_015677314.1_14499	2244	2244.15	110.212	4.57378
lcl|NW_015387591.1_cds_XP_015677316.1_14500	723	626.914	398	59.1257
lcl|NW_015387591.1_cds_XP_015677317.1_14501	669	631.108	30	4.4271
lcl|NW_015387591.1_cds_XP_015677312.1_14502	975	913.283	9	0.91778
lcl|NW_015387591.1_cds_XP_015677318.1_14503	654	586.01	82	13.032
lcl|NW_015387591.1_cds_XP_015677319.1_14504	4098	4126.31	15	0.338556
lcl|NW_015387591.1_cds_XP_029141040.1_14505	4452	4463.66	43	0.897179
lcl|NW_015387591.1_cds_XP_029141039.1_14506	1008	969.949	0	0
lcl|NW_015387591.1_cds_XP_015677320.1_14507	1557	1494.77	51.5	3.20874
lcl|NW_015387591.1_cds_XP_015677322.1_14508	1557	1494.77	51.5	3.20874
lcl|NW_015387592.1_cds_XP_015677324.1_14509	1560	1517.66	1997	122.547
lcl|NW_015387592.1_cds_XP_015677323.1_14510	603	547.044	12	2.04296
lcl|NW_015387592.1_cds_XP_015677325.1_14511	642	581.361	72	11.5342
lcl|NW_015387592.1_cds_XP_015677326.1_14512	1761	1722.95	0	0
lcl|NW_015387592.1_cds_XP_015677327.1_14513	2940	2912.72	56	1.79057
lcl|NW_015387592.1_cds_XP_015677328.1_14514	1050	1056.29	39.4637	3.47951
lcl|NW_015387592.1_cds_XP_015677330.1_14515	1026	1028.84	0.179028	0.016206
lcl|NW_015387592.1_cds_XP_015677329.1_14516	1047	1053.69	62.0732	5.48648
lcl|NW_015387592.1_cds_XP_015677331.1_14517	1023	1026.24	0.284046	0.0257775
lcl|NW_015387595.1_cds_XP_015677332.1_14518	2170	2086.62	1	0.0446331
lcl|NW_015387595.1_cds_XP_015677335.1_14519	1545	1415.24	18.1285	1.19298
lcl|NW_015387595.1_cds_XP_015677336.1_14520	1224	1212.06	7	0.537869
lcl|NW_015387595.1_cds_XP_015677337.1_14521	816	718.353	0.0297249	0.00385376
lcl|NW_015387595.1_cds_XP_015677339.1_14522	675	597.546	15.1911	2.36767
lcl|NW_015387595.1_cds_XP_015677338.1_14523	810	712.452	50.7791	6.63791
lcl|NW_015387595.1_cds_XP_015677340.1_14524	234	190.139	11	5.38794
lcl|NW_015387595.1_cds_XP_015677341.1_14525	810	713.335	46	6.00573
lcl|NW_015387596.1_cds_XP_015677342.1_14526	1356	1317.95	0	0
lcl|NW_015387597.1_cds_XP_015677343.1_14527	1734	1637.72	138	7.84767
lcl|NW_015387599.1_cds_XP_029141043.1_14528	276	231.313	4.50669	1.81451
lcl|NW_015387599.1_cds_XP_029141042.1_14529	600	561.949	0	0
lcl|NW_015387599.1_cds_XP_015677351.1_14530	1899	1881.25	329	16.2874
lcl|NW_015387599.1_cds_XP_015677345.1_14531	5301	5346.41	262	4.56394
lcl|NW_015387599.1_cds_XP_015677352.1_14532	864	820.572	32	3.63191
lcl|NW_015387599.1_cds_XP_015677354.1_14533	2664	2637.18	35	1.23603
lcl|NW_015387599.1_cds_XP_015677353.1_14534	900	866.737	45	4.83534
lcl|NW_015387599.1_cds_XP_015677349.1_14535	903	850.581	19	2.08036
lcl|NW_015387599.1_cds_XP_015677347.1_14536	2481	2568.58	1	0.0362583
lcl|NW_015387599.1_cds_XP_015677355.1_14537	1608	1614.24	50	2.88471
lcl|NW_015387599.1_cds_XP_015677350.1_14538	666	605.806	24.4036	3.75165
lcl|NW_015387600.1_cds_XP_015677356.1_14539	1005	973.468	50.5687	4.83795
lcl|NW_015387600.1_cds_XP_015677359.1_14540	2352	2313.7	16	0.644043
lcl|NW_015387600.1_cds_XP_015677360.1_14541	2250	2209.69	0	0
lcl|NW_015387600.1_cds_XP_015677361.1_14542	1266	1217.88	38	2.9059
lcl|NW_015387600.1_cds_XP_015677362.1_14543	1437	1398.95	0	0
lcl|NW_015387600.1_cds_XP_015677364.1_14544	2961	2878.3	790.653	25.583
lcl|NW_015387600.1_cds_XP_015677365.1_14545	1866	1789.82	117.347	6.10611
lcl|NW_015387600.1_cds_XP_015677363.1_14546	1323	1271.19	8	0.586113
lcl|NW_015387600.1_cds_XP_015677358.2_14547	771	763.892	1	0.121918
lcl|NW_015387602.1_cds_XP_015677367.1_14548	1320	1280.81	70	5.08997
lcl|NW_015387602.1_cds_XP_015677368.1_14549	4893	4775.8	603	11.7591
lcl|NW_015387602.1_cds_XP_015677366.1_14550	2229	2272.05	46	1.88557
lcl|NW_015387603.1_cds_XP_029141046.1_14551	948	909.949	0	0
lcl|NW_015387603.1_cds_XP_015677374.1_14552	1053	1030.5	1	0.0903765
lcl|NW_015387603.1_cds_XP_015677379.1_14553	2355	2299.93	431.239	17.4624
lcl|NW_015387603.1_cds_XP_015677381.1_14554	2328	2373.5	286	11.2222
lcl|NW_015387603.1_cds_XP_015677382.1_14555	1617	1532.6	30.7437	1.86823
lcl|NW_015387603.1_cds_XP_015677383.1_14556	1545	1458.9	617.256	39.4042
lcl|NW_015387603.1_cds_XP_015677376.1_14557	363	330.274	45	12.6894
lcl|NW_015387603.1_cds_XP_015677377.1_14558	1638	1627.73	54.1915	3.10062
lcl|NW_015387603.1_cds_XP_015677378.1_14559	243	216.009	6.8085	2.93549
lcl|NW_015387603.1_cds_XP_015677371.1_14560	3330	3313.09	9	0.252994
lcl|NW_015387603.1_cds_XP_015677372.1_14561	1362	1269.56	4	0.293432
lcl|NW_015387603.1_cds_XP_015677384.1_14562	1470	1495.74	122	7.59636
lcl|NW_015387603.1_cds_XP_015677385.1_14563	918	876.266	109	11.5849
lcl|NW_015387603.1_cds_XP_015677386.1_14564	1215	1151.25	132	10.6784
lcl|NW_015387603.1_cds_XP_029141045.1_14565	1005	966.949	0	0
lcl|NW_015387606.1_cds_XP_015677389.1_14566	3909	3737.51	4	0.0996733
lcl|NW_015387606.1_cds_XP_015677391.1_14567	1005	1008.63	30	2.77007
lcl|NW_015387606.1_cds_XP_015677390.1_14568	1158	1094.29	32.4435	2.76119
lcl|NW_015387607.1_cds_XP_015677399.1_14569	786	713.921	313	40.8315
lcl|NW_015387607.1_cds_XP_015677394.1_14570	825	786.949	0	0
lcl|NW_015387607.1_cds_XP_015677395.1_14571	939	936.835	8	0.795295
lcl|NW_015387607.1_cds_XP_015677397.1_14572	828	746.081	71	8.86285
lcl|NW_015387607.1_cds_XP_015677400.1_14573	1467	1413.88	6650	438.036
lcl|NW_015387607.1_cds_XP_029141047.1_14574	1647	1606.95	36.061	2.08996
lcl|NW_015387607.1_cds_XP_015677392.1_14575	2322	2238.88	74.939	3.11729
lcl|NW_015387607.1_cds_XP_015677393.1_14576	1695	1656.95	0	0
lcl|NW_015387607.1_cds_XP_015677403.1_14577	1632	1596.22	6	0.350074
lcl|NW_015387607.1_cds_XP_015677402.1_14578	1446	1407.95	0	0
lcl|NW_015387607.1_cds_XP_015677404.1_14579	1788	1754.17	771	40.9339
lcl|NW_015387607.1_cds_XP_029141048.1_14580	1371	1332.95	0	0
lcl|NW_015387610.1_cds_XP_015677405.1_14581	864	825.949	0	0
lcl|NW_015387611.1_cds_XP_015677411.1_14582	790	766.754	138	16.7619
lcl|NW_015387611.1_cds_XP_015677410.1_14583	1872	1821.52	5	0.255645
lcl|NW_015387611.1_cds_XP_029141050.1_14584	1503	1502.51	2	0.123969
lcl|NW_015387611.1_cds_XP_015677408.1_14585	1500	1479.08	6.49938	0.409242
lcl|NW_015387611.1_cds_XP_015677409.1_14586	366	341.218	0.500622	0.13664
lcl|NW_015387612.1_cds_XP_029141051.1_14587	3270	3237.43	76	2.18633
lcl|NW_015387612.1_cds_XP_015677414.1_14588	453	414.949	0	0
lcl|NW_015387612.1_cds_XP_015677415.2_14589	1038	1045.85	2	0.178099
lcl|NW_015387612.1_cds_XP_029141052.1_14590	2313	2274.95	0	0
lcl|NW_015387612.1_cds_XP_015677418.1_14591	4410	4515.6	218	4.49616
lcl|NW_015387612.1_cds_XP_015677416.1_14592	735	704.838	3	0.3964
lcl|NW_015387612.1_cds_XP_015677419.2_14593	819	792.235	0	0
lcl|NW_015387612.1_cds_XP_015677420.1_14594	684	669.178	36.4572	5.07391
lcl|NW_015387612.1_cds_XP_015677421.1_14595	636	617.25	84.5428	12.7561
lcl|NW_015387612.1_cds_XP_015677413.1_14596	2541	2498.4	24	0.894646
lcl|NW_015387613.1_cds_XP_029141054.1_14597	2379	2340.95	0	0
lcl|NW_015387613.1_cds_XP_029141055.1_14598	2046	2007.95	0	0
lcl|NW_015387613.1_cds_XP_015677424.1_14599	2667	2628.95	0	0
lcl|NW_015387613.1_cds_XP_015677425.2_14600	2061	2022.95	0	0
lcl|NW_015387613.1_cds_XP_029141056.1_14601	2460	2471.36	1.99861	0.075317
lcl|NW_015387613.1_cds_XP_029141057.1_14602	2469	2492.01	0.00139332	5.20719e-05
lcl|NW_015387613.1_cds_XP_029141058.1_14603	2454	2415.95	0	0
lcl|NW_015387613.1_cds_XP_029141059.1_14604	2352	2313.95	0	0
lcl|NW_015387613.1_cds_XP_029141060.1_14605	2571	2587.26	4.58273	0.164963
lcl|NW_015387616.1_cds_XP_015677428.1_14606	1803	1718.91	2	0.108363
lcl|NW_015387616.1_cds_XP_015677434.1_14607	1371	1343.48	278	19.2715
lcl|NW_015387616.1_cds_XP_029141061.1_14608	1344	1343.3	8	0.554649
lcl|NW_015387616.1_cds_XP_015677433.1_14609	324	285.949	0	0
lcl|NW_015387616.1_cds_XP_015677430.1_14610	249	210.949	0	0
lcl|NW_015387616.1_cds_XP_015677431.1_14611	786	755.049	38	4.68716
lcl|NW_015387616.1_cds_XP_015677432.2_14612	2214	2106.88	1045	46.1931
lcl|NW_015387616.1_cds_XP_015677435.1_14613	1083	1061.97	50.1539	4.39841
lcl|NW_015387616.1_cds_XP_015677436.1_14614	1083	1071.29	4.8461	0.421297
lcl|NW_015387616.1_cds_XP_015677437.1_14615	1098	1087.22	370	31.6946
lcl|NW_015387617.1_cds_XP_029141062.1_14616	1719	1680.95	0	0
lcl|NW_015387617.1_cds_XP_029141063.1_14617	2694	2513.15	5	0.18529
lcl|NW_015387617.1_cds_XP_015677441.1_14618	2877	2714.77	1	0.0343058
lcl|NW_015387618.1_cds_XP_015677443.1_14619	348	309.044	54	16.2733
lcl|NW_015387618.1_cds_XP_015677442.1_14620	2607	2679.41	6	0.208552
lcl|NW_015387621.1_cds_14621	113	72.1411	28	36.1474
lcl|NW_015387621.1_cds_XP_015677444.1_14622	468	419.686	38	8.43258
lcl|NW_015387621.1_cds_XP_015677448.1_14623	627	555.161	412	69.1162
lcl|NW_015387621.1_cds_XP_015677445.1_14624	1548	1502.28	5	0.30997
lcl|NW_015387621.1_cds_XP_015677446.1_14625	1266	1172.56	9	0.714838
lcl|NW_015387621.1_cds_XP_015677451.1_14626	1020	948.231	97.548	9.58089
lcl|NW_015387621.1_cds_XP_015677452.1_14627	768	695.494	20.452	2.73869
lcl|NW_015387621.1_cds_XP_015677449.1_14628	1890	1851.95	0	0
lcl|NW_015387622.1_cds_XP_015677454.1_14629	1449	1431.52	77.4373	5.03794
lcl|NW_015387622.1_cds_XP_015677464.1_14630	2475	2492.78	272.017	10.1628
lcl|NW_015387622.1_cds_XP_015677465.1_14631	1545	1507.32	1419.87	87.729
lcl|NW_015387622.1_cds_XP_029141070.1_14632	444	405.949	0	0
lcl|NW_015387622.1_cds_XP_029141071.1_14633	441	379.779	5	1.22614
lcl|NW_015387622.1_cds_XP_029141064.1_14634	1584	1523.36	6	0.366818
lcl|NW_015387622.1_cds_XP_015677455.1_14635	2604	2608.78	80	2.85597
lcl|NW_015387622.1_cds_XP_015677456.1_14636	1719	1579.91	2	0.117896
lcl|NW_015387622.1_cds_XP_015677469.1_14637	1191	1169.98	12	0.955221
lcl|NW_015387622.1_cds_XP_015677471.1_14638	1113	1055.44	59	5.20619
lcl|NW_015387622.1_cds_XP_015677473.1_14639	1065	1050.99	48	4.25349
lcl|NW_015387622.1_cds_XP_029141065.1_14640	1161	1133.33	12	0.986111
lcl|NW_015387622.1_cds_XP_015677457.1_14641	702	667.163	1	0.139595
lcl|NW_015387622.1_cds_XP_015677458.1_14642	909	915.159	65	6.61482
lcl|NW_015387622.1_cds_XP_029141067.1_14643	2292	2167.79	4	0.171848
lcl|NW_015387622.1_cds_XP_015677470.1_14644	1155	1118.95	82	6.82503
lcl|NW_015387622.1_cds_XP_015677467.1_14645	1281	1178.4	56	4.42584
lcl|NW_015387622.1_cds_XP_015677472.1_14646	1140	1034.8	6	0.540002
lcl|NW_015387622.1_cds_XP_029141068.1_14647	3609	3570.95	0	0
lcl|NW_015387622.1_cds_XP_029141069.1_14648	687	648.949	0	0
lcl|NW_015387623.1_cds_XP_015677475.2_14649	954	915.949	0	0
lcl|NW_015387623.1_cds_XP_015677476.1_14650	1104	1154.45	1	0.0806725
lcl|NW_015387623.1_cds_XP_015677477.1_14651	948	909.949	0	0
lcl|NW_015387623.1_cds_XP_015677478.2_14652	966	927.949	0	0
lcl|NW_015387623.1_cds_XP_029141074.1_14653	954	915.949	0	0
lcl|NW_015387623.1_cds_XP_015677480.1_14654	951	912.949	0	0
lcl|NW_015387623.1_cds_XP_015677482.1_14655	969	930.949	0	0
lcl|NW_015387623.1_cds_XP_015677483.1_14656	939	900.949	0	0
lcl|NW_015387623.1_cds_XP_029141075.1_14657	945	906.949	0	0
lcl|NW_015387623.1_cds_XP_015677486.2_14658	954	915.949	0	0
lcl|NW_015387623.1_cds_XP_029141077.1_14659	951	912.949	0	0
lcl|NW_015387623.1_cds_XP_015677488.1_14660	948	909.949	0	0
lcl|NW_015387623.1_cds_XP_015677489.1_14661	954	915.949	0	0
lcl|NW_015387623.1_cds_XP_015677490.1_14662	957	918.949	0	0
lcl|NW_015387623.1_cds_XP_015677492.1_14663	966	927.949	0	0
lcl|NW_015387623.1_cds_XP_015677493.1_14664	1311	1272.95	0	0
lcl|NW_015387623.1_cds_XP_015677494.1_14665	984	945.949	0	0
lcl|NW_015387625.1_cds_XP_015677504.1_14666	885	786.197	41	4.85684
lcl|NW_015387625.1_cds_XP_015677496.1_14667	2439	2358.91	36	1.42132
lcl|NW_015387625.1_cds_XP_015677505.1_14668	1263	1154.28	20	1.6137
lcl|NW_015387625.1_cds_XP_015677497.1_14669	1815	1613.9	4	0.230826
lcl|NW_015387625.1_cds_XP_015677500.1_14670	378	334.014	17	4.74008
lcl|NW_015387625.1_cds_XP_015677501.1_14671	2817	2622.67	3	0.106532
lcl|NW_015387625.1_cds_XP_015677502.1_14672	2265	2226.95	0	0
lcl|NW_015387625.1_cds_XP_015677503.1_14673	1764	1655.81	24	1.3499
lcl|NW_015387625.1_cds_XP_015677498.1_14674	1017	939.455	13	1.28875
lcl|NW_015387625.1_cds_XP_015677499.1_14675	951	880.222	78	8.25285
lcl|NW_015387625.1_cds_XP_015677506.1_14676	1527	1425.16	13	0.849537
lcl|NW_015387626.1_cds_XP_015677521.1_14677	1014	894.181	1	0.104154
lcl|NW_015387626.1_cds_XP_029141081.1_14678	1404	1216.44	2	0.153123
lcl|NW_015387626.1_cds_XP_015677509.1_14679	990	868.568	7	0.750577
lcl|NW_015387626.1_cds_XP_029141082.1_14680	1014	889.736	1	0.104674
lcl|NW_015387626.1_cds_XP_015677522.1_14681	1164	1049.9	6	0.532236
lcl|NW_015387626.1_cds_XP_029141083.1_14682	3411	3066	10	0.303759
lcl|NW_015387626.1_cds_XP_029141092.1_14683	174	135.949	0	0
lcl|NW_015387626.1_cds_XP_029141090.1_14684	2340	2301.95	0	0
lcl|NW_015387626.1_cds_XP_015677523.1_14685	2310	2271.95	0	0
lcl|NW_015387626.1_cds_XP_015677524.1_14686	2268	2229.95	0	0
lcl|NW_015387626.1_cds_XP_015677528.1_14687	1008	896.234	42	4.36445
lcl|NW_015387626.1_cds_XP_015677529.1_14688	1008	896.234	42	4.36445
lcl|NW_015387626.1_cds_XP_015677531.1_14689	1014	965.893	21	2.02484
lcl|NW_015387626.1_cds_XP_015677512.1_14690	1224	1160.31	1	0.080265
lcl|NW_015387626.1_cds_XP_015677532.1_14691	858	765.141	26	3.1647
lcl|NW_015387626.1_cds_XP_015677533.1_14692	858	765.141	26	3.1647
lcl|NW_015387626.1_cds_XP_015677513.1_14693	1257	1218.95	0	0
lcl|NW_015387626.1_cds_XP_015677534.1_14694	360	299.465	11	3.42096
lcl|NW_015387626.1_cds_XP_015677514.1_14695	990	758.925	38	4.66322
lcl|NW_015387626.1_cds_XP_015677515.1_14696	1974	1751.23	3	0.159544
lcl|NW_015387626.1_cds_XP_029141085.1_14697	1365	1326.95	0	0
lcl|NW_015387626.1_cds_XP_029141086.1_14698	1473	1434.95	0	0
lcl|NW_015387626.1_cds_XP_015677526.1_14699	1179	1098.7	1	0.0847661
lcl|NW_015387626.1_cds_XP_015677525.1_14700	1380	1300.32	0	0
lcl|NW_015387626.1_cds_XP_015677535.1_14701	1416	1314.13	125	8.85873
lcl|NW_015387626.1_cds_XP_029141087.1_14702	4170	3733.58	2	0.0498891
lcl|NW_015387626.1_cds_XP_015677527.1_14703	786	698.909	310	41.3088
lcl|NW_015387626.1_cds_XP_029141088.1_14704	3873	3572.93	18	0.469191
lcl|NW_015387627.1_cds_XP_015677536.2_14705	1056	1001.06	6	0.558201
lcl|NW_015387627.1_cds_XP_015677537.1_14706	522	447.36	4	0.83273
lcl|NW_015387628.1_cds_XP_015677538.1_14707	1851	1862.3	0	0
lcl|NW_015387628.1_cds_XP_029141096.1_14708	1854	1850.15	0	0
lcl|NW_015387628.1_cds_XP_029141094.1_14709	1857	1867.65	14	0.698125
lcl|NW_015387628.1_cds_XP_029141095.1_14710	1845	1853.83	0	0
lcl|NW_015387630.1_cds_XP_015677539.1_14711	753	714.949	0	0
lcl|NW_015387631.1_cds_XP_015677541.1_14712	645	617.576	6	0.90482
lcl|NW_015387631.1_cds_XP_015677544.1_14713	1269	1215.26	3235	247.917
lcl|NW_015387631.1_cds_XP_015677542.1_14714	1263	1229.67	3	0.227214
lcl|NW_015387631.1_cds_XP_029141098.1_14715	1686	1653.44	88	4.95674
lcl|NW_015387631.1_cds_XP_015677547.1_14716	684	616.193	103	15.5676
lcl|NW_015387631.1_cds_XP_015677546.1_14717	1632	1659.6	257	14.4222
lcl|NW_015387631.1_cds_XP_015677550.1_14718	777	726.831	803	102.892
lcl|NW_015387631.1_cds_XP_015677543.1_14719	1122	1075.75	17	1.47177
lcl|NW_015387632.1_cds_XP_015677551.1_14720	1116	1117.99	21	1.74937
lcl|NW_015387632.1_cds_XP_015677552.1_14721	471	374.985	33	8.19599
lcl|NW_015387632.1_cds_XP_015677553.1_14722	1164	1141.59	1002.43	81.7794
lcl|NW_015387632.1_cds_XP_015677555.1_14723	1068	1051.14	343.211	30.4092
lcl|NW_015387632.1_cds_XP_015677554.1_14724	1131	1103.76	1068.36	90.146
lcl|NW_015387632.1_cds_XP_015677558.1_14725	2235	2194.9	1166.71	49.5052
lcl|NW_015387632.1_cds_XP_015677556.1_14726	2481	2444.7	906.285	34.5255
lcl|NW_015387632.1_cds_XP_015677559.1_14727	1200	1223.28	152	11.5723
lcl|NW_015387634.1_cds_XP_015677562.1_14728	2736	2857.35	558.912	18.2172
lcl|NW_015387634.1_cds_XP_015677563.1_14729	2574	2682.27	22.0878	0.766921
lcl|NW_015387634.1_cds_XP_029141101.1_14730	2772	2876.05	2	0.0647643
lcl|NW_015387634.1_cds_XP_029141102.1_14731	3666	3808.68	4	0.0978107
lcl|NW_015387636.1_cds_XP_015677564.1_14732	5298	5526.36	12	0.202229
lcl|NW_015387637.1_cds_XP_015677565.1_14733	2265	2297.52	17	0.689113
lcl|NW_015387637.1_cds_XP_015677568.1_14734	771	743.702	9	1.12705
lcl|NW_015387637.1_cds_XP_015677569.1_14735	207	162.722	180	103.022
lcl|NW_015387637.1_cds_XP_015677570.1_14736	873	839.93	627	69.5226
lcl|NW_015387637.1_cds_XP_015677566.1_14737	1593	1532.86	1894.96	115.133
lcl|NW_015387637.1_cds_XP_015677571.1_14738	501	450.433	242	50.0364
lcl|NW_015387638.1_cds_XP_015677572.1_14739	1561	1552.99	2	0.11994
lcl|NW_015387639.1_cds_14740	534	522.621	31.6371	5.63781
lcl|NW_015387639.1_cds_14741	384	349.146	9	2.4007
lcl|NW_015387639.1_cds_XP_029141105.1_14742	960	954.342	927.723	90.5348
lcl|NW_015387639.1_cds_XP_015677573.2_14743	846	838.587	1350.28	149.96
lcl|NW_015387639.1_cds_XP_015677574.1_14744	966	934.646	4	0.398579
lcl|NW_015387639.1_cds_XP_029141106.1_14745	1662	1581.27	52	3.06266
lcl|NW_015387639.1_cds_XP_015677576.1_14746	846	807.949	0	0
lcl|NW_015387639.1_cds_XP_015677577.1_14747	1017	935.141	2	0.199184
lcl|NW_015387639.1_cds_XP_015677581.2_14748	1071	1032.95	0	0
lcl|NW_015387639.1_cds_XP_015677582.1_14749	1452	1332.89	7	0.489108
lcl|NW_015387639.1_cds_XP_015677578.1_14750	654	615.949	0	0
lcl|NW_015387639.1_cds_XP_015677584.1_14751	963	856.591	8	0.869797
lcl|NW_015387639.1_cds_XP_029141108.1_14752	4791	4513.3	23	0.474608
lcl|NW_015387641.1_cds_XP_015677590.1_14753	939	820.207	31	3.51998
lcl|NW_015387641.1_cds_XP_029141110.1_14754	1656	1539.65	1	0.0604896
lcl|NW_015387641.1_cds_XP_029141111.1_14755	7761	7377.48	22	0.277726
lcl|NW_015387641.1_cds_XP_029141112.1_14756	2154	2001.17	11	0.511929
lcl|NW_015387641.1_cds_XP_015677588.1_14757	717	630.725	2	0.295319
lcl|NW_015387642.1_cds_XP_015677591.1_14758	546	507.949	0	0
lcl|NW_015387643.1_cds_XP_015677592.1_14759	1047	970.409	45	4.31876
lcl|NW_015387643.1_cds_XP_015677595.1_14760	570	504.752	515	95.0234
lcl|NW_015387643.1_cds_XP_015677593.1_14761	984	945.949	0	0
lcl|NW_015387643.1_cds_XP_015677596.1_14762	1020	927.605	745	74.7988
lcl|NW_015387643.1_cds_XP_015677594.1_14763	1614	1575.95	0	0
lcl|NW_015387645.1_cds_XP_015677598.1_14764	963	905.066	35	3.60155
lcl|NW_015387645.1_cds_XP_029141113.1_14765	978	939.949	0	0
lcl|NW_015387645.1_cds_XP_015677599.1_14766	2865	2860.97	2	0.0651055
lcl|NW_015387646.1_cds_XP_015677602.1_14767	252	189.801	28	13.7392
lcl|NW_015387646.1_cds_XP_015677600.1_14768	1323	1329.61	38	2.6617
lcl|NW_015387646.1_cds_XP_015677604.1_14769	5145	5353.95	874.299	15.2085
lcl|NW_015387646.1_cds_XP_015677603.1_14770	5163	5375.54	331.701	5.7468
lcl|NW_015387646.1_cds_XP_029141117.1_14771	2175	2196.23	57	2.41712
lcl|NW_015387646.1_cds_XP_029141115.1_14772	687	701.556	37.0295	4.91572
lcl|NW_015387646.1_cds_XP_029141116.1_14773	366	341.585	11.9705	3.26373
lcl|NW_015387647.1_cds_XP_015677607.1_14774	2544	2505.95	0	0
lcl|NW_015387648.1_cds_XP_015677609.1_14775	4893	4890.79	43	0.818825
lcl|NW_015387648.1_cds_XP_029141118.1_14776	2307	2194.51	44	1.86731
lcl|NW_015387648.1_cds_XP_015677610.1_14777	1272	1261.82	17	1.25474
lcl|NW_015387649.1_cds_XP_015677611.1_14778	727	699.202	18	2.39757
lcl|NW_015387649.1_cds_XP_015677613.1_14779	567	530.166	1446	254.014
lcl|NW_015387649.1_cds_XP_015677614.1_14780	2655	2574.1	14	0.506528
lcl|NW_015387649.1_cds_XP_029141119.1_14781	1300	1193.88	153.97	12.0109
lcl|NW_015387650.1_cds_XP_015677621.1_14782	2256	2217.95	0	0
lcl|NW_015387650.1_cds_XP_029141123.1_14783	2220	2181.95	0	0
lcl|NW_015387650.1_cds_XP_015677615.1_14784	1608	1519.16	1	0.0613053
lcl|NW_015387650.1_cds_XP_029141124.1_14785	5883	5518.74	113	1.90695
lcl|NW_015387650.1_cds_XP_029141121.1_14786	2238	2034.29	11	0.503596
lcl|NW_015387650.1_cds_XP_015677622.1_14787	768	701.426	199	26.4224
lcl|NW_015387650.1_cds_XP_015677618.1_14788	1104	994.078	19	1.78006
lcl|NW_015387650.1_cds_XP_015677619.1_14789	1404	1275.99	2	0.145977
lcl|NW_015387650.1_cds_XP_015677620.2_14790	2235	2056.21	22	0.996451
lcl|NW_015387652.1_cds_XP_015677624.1_14791	2295	2299.51	2	0.081002
lcl|NW_015387653.1_cds_XP_015677626.1_14792	3084	3174.47	21	0.616098
lcl|NW_015387653.1_cds_XP_015677628.1_14793	603	565.814	79	13.0033
lcl|NW_015387653.1_cds_XP_015677625.1_14794	507	443.441	2	0.420045
lcl|NW_015387654.1_cds_XP_015677629.1_14795	1668	1648.51	21	1.1864
lcl|NW_015387655.1_cds_XP_015677630.1_14796	859	864.277	153	16.4869
lcl|NW_015387656.1_cds_XP_015677632.1_14797	942	881.632	9	0.950729
lcl|NW_015387656.1_cds_XP_015677631.1_14798	246	180.238	24	12.4013
lcl|NW_015387658.1_cds_XP_015677633.1_14799	936	897.949	0	0
lcl|NW_015387658.1_cds_XP_029141130.1_14800	6561	6631.68	11.0689	0.155446
lcl|NW_015387658.1_cds_XP_015677637.1_14801	1731	1692.95	0	0
lcl|NW_015387658.1_cds_XP_015677638.1_14802	888	778.416	8	0.957149
lcl|NW_015387658.1_cds_XP_029141128.1_14803	3423	3150.56	7	0.206924
lcl|NW_015387658.1_cds_XP_029141127.1_14804	3474	3201.87	3.06772e-06	8.92303e-08
lcl|NW_015387658.1_cds_XP_015677640.1_14805	3582	3314.58	0	0
lcl|NW_015387658.1_cds_XP_015677639.1_14806	3597	3331.67	0	0
lcl|NW_015387658.1_cds_XP_015677641.1_14807	1281	1180.17	15	1.18371
lcl|NW_015387658.1_cds_XP_015677642.1_14808	1386	1239.7	3	0.225376
lcl|NW_015387658.1_cds_XP_015677644.1_14809	1650	1508.23	5	0.308747
lcl|NW_015387659.1_cds_XP_015677646.2_14810	2544	2479.65	10	0.375587
lcl|NW_015387659.1_cds_XP_029141131.1_14811	3111	3127.33	8	0.238242
lcl|NW_015387659.1_cds_XP_015677648.1_14812	639	596.269	430	67.1626
lcl|NW_015387659.1_cds_XP_015677649.1_14813	1233	1193.17	21	1.63914
lcl|NW_015387659.1_cds_XP_015677650.1_14814	2124	2062.03	130	5.8715
lcl|NW_015387660.1_cds_XP_015677651.1_14815	1371	1427.66	84.6997	5.52533
lcl|NW_015387661.1_cds_XP_015677652.2_14816	1695	1639.74	12	0.681567
lcl|NW_015387662.1_cds_XP_029141134.1_14817	2805	2789.95	23.4253	0.781969
lcl|NW_015387662.1_cds_XP_015677659.1_14818	2406	2437.68	167	6.3803
lcl|NW_015387662.1_cds_XP_015677656.1_14819	246	195.681	23	10.9466
lcl|NW_015387662.1_cds_XP_015677661.1_14820	1596	1545.03	6	0.361672
lcl|NW_015387662.1_cds_XP_015677662.1_14821	1815	1765.47	857	45.2088
lcl|NW_015387662.1_cds_XP_015677657.1_14822	729	644.748	1	0.144448
lcl|NW_015387663.1_cds_XP_029141136.1_14823	7404	7563.85	10	0.123128
lcl|NW_015387663.1_cds_XP_015677667.1_14824	1359	1394.75	287.416	19.1918
lcl|NW_015387663.1_cds_XP_015677668.1_14825	1194	1229.79	14.5843	1.10448
lcl|NW_015387663.1_cds_XP_015677669.1_14826	402	340.953	280	76.4829
lcl|NW_015387663.1_cds_XP_015677664.1_14827	717	645.001	175	25.2685
lcl|NW_015387663.1_cds_XP_015677671.1_14828	1080	1084.6	505	43.3636
lcl|NW_015387663.1_cds_XP_015677666.1_14829	1152	1094.2	67	5.70269
lcl|NW_015387663.1_cds_XP_015677665.1_14830	492	453.949	0	0
lcl|NW_015387663.1_cds_XP_015677672.1_14831	3576	3480.76	183	4.89642
lcl|NW_015387663.1_cds_XP_015677673.1_14832	3555	3461.89	1.43949e-07	3.87255e-09
lcl|NW_015387665.1_cds_XP_015677674.1_14833	2538	2462.42	27	1.02118
lcl|NW_015387666.1_cds_XP_015677675.1_14834	840	828.625	9	1.01155
lcl|NW_015387667.1_cds_XP_015677677.1_14835	2004	1719.55	1	0.0541609
lcl|NW_015387667.1_cds_XP_029141138.1_14836	2901	2535.88	14	0.514163
lcl|NW_015387667.1_cds_XP_015677681.2_14837	1782	1733.84	18	0.966863
lcl|NW_015387667.1_cds_XP_029141139.1_14838	1890	1851.95	0	0
lcl|NW_015387667.1_cds_XP_029141140.1_14839	570	531.949	0	0
lcl|NW_015387667.1_cds_XP_029141141.1_14840	3165	2994.73	7	0.217692
lcl|NW_015387668.1_cds_XP_015677683.1_14841	477	458.164	0.00302052	0.000613992
lcl|NW_015387668.1_cds_XP_029141142.1_14842	1515	1468.22	1	0.0634321
lcl|NW_015387668.1_cds_XP_015677684.1_14843	2661	2622.95	0	0
lcl|NW_015387672.1_cds_XP_015677687.1_14844	522	491.685	21	3.97772
lcl|NW_015387672.1_cds_XP_015677695.1_14845	549	492.358	118	22.3204
lcl|NW_015387672.1_cds_XP_029141143.1_14846	5100	5391.88	49	0.846365
lcl|NW_015387672.1_cds_XP_015677696.1_14847	2475	2465.97	21	0.79311
lcl|NW_015387672.1_cds_XP_015677697.1_14848	597	589.956	262.115	41.3784
lcl|NW_015387672.1_cds_XP_015677698.1_14849	561	556.194	331.885	55.5728
lcl|NW_015387672.1_cds_XP_015677699.2_14850	6315	6435.12	476	6.88893
lcl|NW_015387672.1_cds_XP_029141144.1_14851	1851	1839.11	17	0.860879
lcl|NW_015387672.1_cds_XP_015677700.1_14852	1398	1337.99	434	30.2091
lcl|NW_015387672.1_cds_XP_015677689.1_14853	1917	1963.49	6	0.284592
lcl|NW_015387672.1_cds_XP_015677690.2_14854	417	392.678	9	2.13455
lcl|NW_015387672.1_cds_XP_015677701.1_14855	1059	1004.25	344	31.902
lcl|NW_015387672.1_cds_XP_015677702.1_14856	4227	4290.78	89	1.93177
lcl|NW_015387672.1_cds_XP_015677691.1_14857	408	341.616	12.4737	3.40062
lcl|NW_015387672.1_cds_XP_015677692.1_14858	300	238.18	21.8368	8.53857
lcl|NW_015387672.1_cds_XP_015677694.1_14859	300	238.18	21.8368	8.53857
lcl|NW_015387672.1_cds_XP_015677703.1_14860	1584	1538.14	30	1.81647
lcl|NW_015387672.1_cds_XP_029141145.1_14861	2892	2916.21	0	0
lcl|NW_015387672.1_cds_XP_015677704.1_14862	2895	2919.63	70.9997	2.2648
lcl|NW_015387672.1_cds_XP_029141146.1_14863	2931	2960.37	0.000277943	8.74402e-06
lcl|NW_015387672.1_cds_XP_015677706.1_14864	684	585.486	1393	221.583
lcl|NW_015387673.1_cds_XP_029141152.1_14865	3018	2710.8	8	0.274849
lcl|NW_015387673.1_cds_XP_015677717.1_14866	460	389.626	687.002	164.214
lcl|NW_015387673.1_cds_XP_015677718.1_14867	633	561.195	661.149	109.72
lcl|NW_015387673.1_cds_XP_029141151.1_14868	762	654.93	118.144	16.8004
lcl|NW_015387673.1_cds_XP_015677720.1_14869	852	735.835	11	1.39224
lcl|NW_015387673.1_cds_XP_015677728.1_14870	1626	1507.14	20	1.23588
lcl|NW_015387673.1_cds_XP_015677721.2_14871	1923	1641.06	9.7471	0.553162
lcl|NW_015387673.1_cds_XP_015677722.1_14872	1539	1304.33	27.2529	1.94593
lcl|NW_015387673.1_cds_XP_029141147.1_14873	807	768.949	0	0
lcl|NW_015387673.1_cds_XP_015677708.1_14874	1572	1421.95	1	0.0654965
lcl|NW_015387673.1_cds_XP_015677709.1_14875	3768	3729.95	0	0
lcl|NW_015387673.1_cds_XP_015677710.1_14876	798	689.085	3	0.405462
lcl|NW_015387673.1_cds_XP_015677725.1_14877	1173	1134.95	0	0
lcl|NW_015387673.1_cds_XP_015677729.1_14878	2376	2235.29	126	5.24975
lcl|NW_015387673.1_cds_XP_015677726.1_14879	816	710.507	52	6.8161
lcl|NW_015387673.1_cds_XP_029141148.1_14880	7857	7407.62	3.00407	0.0377687
lcl|NW_015387673.1_cds_XP_015677727.1_14881	987	913.101	285	29.0688
lcl|NW_015387673.1_cds_XP_015677713.1_14882	5382	5343.95	0	0
lcl|NW_015387673.1_cds_XP_029141149.1_14883	5178	5139.95	0	0
lcl|NW_015387673.1_cds_XP_029141150.1_14884	1617	1438.7	1	0.0647339
lcl|NW_015387673.1_cds_XP_015677716.1_14885	1590	1551.95	0	0
lcl|NW_015387674.1_cds_XP_015677730.1_14886	1041	1019.12	197	18.0029
lcl|NW_015387674.1_cds_XP_029141153.1_14887	471	418.964	56.5	12.5595
lcl|NW_015387674.1_cds_XP_029141154.1_14888	471	418.964	56.5	12.5595
lcl|NW_015387675.1_cds_XP_015677732.1_14889	1032	803.473	3	0.347737
lcl|NW_015387675.1_cds_XP_029141155.1_14890	639	585.966	13	2.0662
lcl|NW_015387675.1_cds_XP_015677734.1_14891	1992	1969.7	145	6.85599
lcl|NW_015387675.1_cds_XP_015677736.1_14892	1239	1169.09	47	3.74412
lcl|NW_015387675.1_cds_XP_015677737.1_14893	483	446.456	397	82.8158
lcl|NW_015387675.1_cds_XP_015677738.1_14894	744	670.626	66	9.16568
lcl|NW_015387677.1_cds_XP_015677739.1_14895	4176	4232.98	40	0.880065
lcl|NW_015387677.1_cds_XP_015677740.1_14896	1233	1156.92	150	12.0751
lcl|NW_015387680.1_cds_XP_029141157.1_14897	2958	2874.59	2	0.0647971
lcl|NW_015387681.1_cds_XP_015677742.1_14898	1431	1292.24	20	1.44142
lcl|NW_015387682.1_cds_XP_029141158.1_14899	7653	7976.4	16	0.186816
lcl|NW_015387682.1_cds_XP_029141159.1_14900	1179	1186.13	0	0
lcl|NW_015387683.1_cds_XP_015677747.1_14901	1299	1302.98	69	4.93187
lcl|NW_015387683.1_cds_XP_015677748.1_14902	1080	980.245	628	59.6659
lcl|NW_015387683.1_cds_XP_015677746.1_14903	1776	1818.91	2	0.102405
lcl|NW_015387683.1_cds_XP_015677750.1_14904	645	540.724	690	118.843
lcl|NW_015387683.1_cds_XP_015677749.1_14905	2268	2255.42	735.58	30.3741
lcl|NW_015387684.1_cds_XP_015677751.1_14906	780	770.275	7	0.846357
lcl|NW_015387685.1_cds_XP_015677752.1_14907	1776	1737.95	0	0
lcl|NW_015387686.1_cds_XP_015677754.1_14908	699	660.949	0	0
lcl|NW_015387686.1_cds_XP_015677753.1_14909	858	847.666	1	0.109869
lcl|NW_015387686.1_cds_XP_015677756.1_14910	618	611.427	102	15.5366
lcl|NW_015387687.1_cds_XP_015677760.1_14911	684	636.533	1064	155.676
lcl|NW_015387687.1_cds_XP_015677761.1_14912	1128	1101.76	17	1.43702
lcl|NW_015387687.1_cds_XP_029141160.1_14913	3141	3112.31	19	0.568554
lcl|NW_015387687.1_cds_XP_015677762.1_14914	1254	1221.44	163.201	12.4438
lcl|NW_015387687.1_cds_XP_029141161.1_14915	1149	1116.66	224.799	18.7488
lcl|NW_015387687.1_cds_XP_015677763.1_14916	918	917.484	27	2.74073
lcl|NW_015387687.1_cds_XP_015677759.1_14917	804	765.949	0	0
lcl|NW_015387688.1_cds_XP_015677764.1_14918	1626	1583.21	33	1.94123
lcl|NW_015387688.1_cds_XP_015677765.2_14919	858	772.444	2.66985	0.3219
lcl|NW_015387688.1_cds_XP_015677768.1_14920	699	591.24	9	1.41769
lcl|NW_015387688.1_cds_XP_015677769.1_14921	747	708.949	0	0
lcl|NW_015387690.1_cds_XP_015677771.1_14922	522	491.564	12	2.27354
lcl|NW_015387690.1_cds_XP_015677772.1_14923	1482	1520.67	74.2654	4.54835
lcl|NW_015387691.1_cds_XP_029141163.1_14924	3318	3299.64	3	0.0846751
lcl|NW_015387691.1_cds_XP_015677776.1_14925	1041	1024.34	25	2.27299
lcl|NW_015387691.1_cds_XP_015677777.1_14926	714	695.35	36.1796	4.84575
lcl|NW_015387691.1_cds_XP_015677778.1_14927	714	693.62	0	0
lcl|NW_015387691.1_cds_XP_015677779.1_14928	591	560.814	4.82045	0.800516
lcl|NW_015387691.1_cds_XP_015677774.1_14929	681	611.469	37	5.63545
lcl|NW_015387691.1_cds_XP_015677780.1_14930	2598	2560.85	5833.13	212.138
lcl|NW_015387691.1_cds_XP_015677781.1_14931	1776	1749.62	197.841	10.5311
lcl|NW_015387691.1_cds_XP_015677782.1_14932	1599	1561.29	0.159386	0.00950752
lcl|NW_015387691.1_cds_XP_015677783.1_14933	1341	1328.46	67.5814	4.73784
lcl|NW_015387691.1_cds_XP_015677784.1_14934	1143	1151.58	23.8455	1.92848
lcl|NW_015387691.1_cds_XP_015677785.1_14935	1113	1109.63	102.573	8.6091
lcl|NW_015387692.1_cds_XP_015677787.1_14936	1299	1234.48	2	0.150886
lcl|NW_015387692.1_cds_XP_015677793.1_14937	345	305.749	696.644	212.201
lcl|NW_015387692.1_cds_XP_015677792.1_14938	351	305.478	44.3561	13.523
lcl|NW_015387692.1_cds_XP_015677794.1_14939	657	621.481	24	3.59654
lcl|NW_015387692.1_cds_XP_015677788.2_14940	2157	2063.57	72	3.24948
lcl|NW_015387692.1_cds_XP_015677795.1_14941	1866	1877.04	83	4.11819
lcl|NW_015387692.1_cds_XP_015677790.1_14942	1038	999.344	139	12.9539
lcl|NW_015387692.1_cds_XP_015677791.1_14943	519	416.512	133	29.739
lcl|NW_015387692.1_cds_XP_015677789.1_14944	423	384.949	0	0
lcl|NW_015387693.1_cds_XP_015677796.1_14945	615	576.949	0	0
lcl|NW_015387694.1_cds_XP_015677798.1_14946	1215	1204.34	6	0.463985
lcl|NW_015387694.1_cds_XP_015677799.1_14947	1290	1122.51	12	0.995617
lcl|NW_015387695.1_cds_XP_015677803.1_14948	1080	1041.95	0	0
lcl|NW_015387695.1_cds_XP_029141165.1_14949	1821	1782.95	0	0
lcl|NW_015387695.1_cds_XP_015677804.2_14950	1236	1104.92	20.1016	1.69434
lcl|NW_015387695.1_cds_XP_015677805.1_14951	681	622.265	44	6.58535
lcl|NW_015387695.1_cds_XP_015677806.1_14952	1011	936.659	2	0.198861
lcl|NW_015387695.1_cds_XP_029141164.1_14953	4452	4240.97	1	0.0219602
lcl|NW_015387695.1_cds_XP_015677802.1_14954	933	837.273	4	0.444932
lcl|NW_015387696.1_cds_XP_029141166.1_14955	1077	1038.95	0	0
lcl|NW_015387696.1_cds_XP_029141167.1_14956	897	841.987	7	0.774273
lcl|NW_015387696.1_cds_XP_015677810.1_14957	3525	3239.41	14	0.402498
lcl|NW_015387696.1_cds_XP_029141168.1_14958	180	141.949	0	0
lcl|NW_015387696.1_cds_XP_015677811.1_14959	1486	1438.98	44	2.84773
lcl|NW_015387697.1_cds_XP_015677812.1_14960	718	679.949	0	0
lcl|NW_015387698.1_cds_XP_029141169.1_14961	2539	2449.73	157.479	5.98694
lcl|NW_015387698.1_cds_XP_029141170.1_14962	858	811.743	4	0.458926
lcl|NW_015387698.1_cds_XP_015677817.2_14963	1272	1245.08	9	0.673202
lcl|NW_015387698.1_cds_XP_015677818.1_14964	1146	1113.31	2	0.167308
lcl|NW_015387698.1_cds_XP_015677819.1_14965	2148	2119.5	35	1.53793
lcl|NW_015387698.1_cds_XP_015677821.1_14966	1467	1461.71	95	6.0529
lcl|NW_015387698.1_cds_XP_015677816.1_14967	471	417.247	238	53.1233
lcl|NW_015387698.1_cds_XP_015677822.1_14968	2493	2490.84	103	3.85117
lcl|NW_015387698.1_cds_XP_015677823.1_14969	699	672.412	486	67.3135
lcl|NW_015387698.1_cds_XP_015677824.1_14970	1368	1344.22	83	5.75054
lcl|NW_015387698.1_cds_XP_015677825.1_14971	2046	2046.22	530	24.1227
lcl|NW_015387698.1_cds_XP_015677826.1_14972	1659	1659.14	340	19.0852
lcl|NW_015387699.1_cds_XP_015677829.1_14973	897	877.064	388	41.2004
lcl|NW_015387699.1_cds_XP_015677828.1_14974	207	193.065	44	21.2252
lcl|NW_015387699.1_cds_XP_015677830.1_14975	1419	1389.07	95.7905	6.42246
lcl|NW_015387699.1_cds_XP_015677831.1_14976	1398	1372.14	100.209	6.80161
lcl|NW_015387699.1_cds_XP_015677827.1_14977	1305	1285.52	1	0.0724474
lcl|NW_015387700.1_cds_XP_015677832.1_14978	4812	4773.95	0	0
lcl|NW_015387701.1_cds_XP_015677833.1_14979	13269	13457.5	46	0.318343
lcl|NW_015387701.1_cds_XP_029141171.1_14980	1500	1421.79	2	0.131008
lcl|NW_015387701.1_cds_XP_029141172.1_14981	447	408.949	0	0
lcl|NW_015387701.1_cds_XP_029141173.1_14982	1317	1313	33.4932	2.37571
lcl|NW_015387702.1_cds_XP_015677839.1_14983	516	477.949	0	0
lcl|NW_015387703.1_cds_XP_015677840.1_14984	9711	9536.69	2116	20.6642
lcl|NW_015387704.1_cds_XP_015677842.1_14985	1077	1089.23	48.4116	4.13935
lcl|NW_015387704.1_cds_XP_015677841.1_14986	1089	1095.75	0	0
lcl|NW_015387704.1_cds_XP_029141174.1_14987	1005	1021.73	129.743	11.8263
lcl|NW_015387704.1_cds_XP_029141175.1_14988	813	812.688	96.1111	11.0142
lcl|NW_015387704.1_cds_XP_015677843.1_14989	903	914.221	18.7348	1.90853
lcl|NW_015387704.1_cds_XP_015677844.1_14990	1323	1263.44	32.4498	2.39198
lcl|NW_015387704.1_cds_XP_015677845.1_14991	1254	1201.69	74.5502	5.77773
lcl|NW_015387704.1_cds_XP_015677846.1_14992	882	813.484	15	1.71729
lcl|NW_015387704.1_cds_XP_015677847.2_14993	2157	2172.02	49	2.10103
lcl|NW_015387705.1_cds_XP_015677848.1_14994	2640	2612.11	426	15.1887
lcl|NW_015387706.1_cds_XP_015677849.2_14995	1626	1587.95	0	0
lcl|NW_015387706.1_cds_XP_015677850.1_14996	5064	5168.22	193	3.47791
lcl|NW_015387706.1_cds_XP_015677851.1_14997	2295	2308.96	137.429	5.54326
lcl|NW_015387706.1_cds_XP_015677852.1_14998	2250	2258.55	98.5705	4.0646
lcl|NW_015387706.1_cds_XP_015677853.1_14999	957	878.637	66	6.99578
lcl|NW_015387708.1_cds_XP_015677854.1_15000	1473	1498.07	110	6.83853
lcl|NW_015387710.1_cds_XP_015677855.1_15001	3231	2991.98	28	0.871566
lcl|NW_015387710.1_cds_XP_029141176.1_15002	1797	1571.12	0.000253561	1.50306e-05
lcl|NW_015387710.1_cds_XP_015677856.1_15003	1782	1556.8	0.999746	0.0598077
lcl|NW_015387710.1_cds_XP_015677857.1_15004	2550	2366.73	5	0.196754
lcl|NW_015387710.1_cds_XP_015677859.1_15005	1899	1741.3	14	0.748784
lcl|NW_015387710.1_cds_XP_029141177.1_15006	1806	1654.26	0	0
lcl|NW_015387710.1_cds_XP_015677858.1_15007	1969	1813.83	133.436	6.85136
lcl|NW_015387711.1_cds_XP_015677860.1_15008	334	302.655	1	0.307718
lcl|NW_015387711.1_cds_XP_015677865.1_15009	672	618.345	473	71.2413
lcl|NW_015387711.1_cds_XP_015677866.1_15010	1959	1880.49	16	0.79241
lcl|NW_015387711.1_cds_XP_015677864.2_15011	885	750.493	5	0.620476
lcl|NW_015387711.1_cds_XP_015677862.1_15012	819	761.504	23	2.81292
lcl|NW_015387711.1_cds_XP_015677863.1_15013	522	443.047	4	0.840835
lcl|NW_015387712.1_cds_XP_015677867.1_15014	1488	1449.95	0	0
lcl|NW_015387712.1_cds_XP_015677868.1_15015	402	336.094	203	56.2519
lcl|NW_015387713.1_cds_XP_015677869.1_15016	363	324.949	0	0
lcl|NW_015387714.1_cds_XP_029141178.1_15017	423	384.949	0	0
lcl|NW_015387714.1_cds_XP_015677870.1_15018	2943	2899.71	35	1.12412
lcl|NW_015387714.1_cds_XP_029141180.1_15019	2397	2371.19	223	8.75871
lcl|NW_015387714.1_cds_XP_015677873.1_15020	1086	1034.73	9	0.810058
lcl|NW_015387715.1_cds_XP_015677874.1_15021	8514	8671.29	1083	11.6318
lcl|NW_015387715.1_cds_XP_015677875.1_15022	435	404.978	690	158.679
lcl|NW_015387715.1_cds_XP_015677876.1_15023	435	402.737	0	0
lcl|NW_015387715.1_cds_XP_015677877.1_15024	570	529.906	1661	291.925
lcl|NW_015387715.1_cds_XP_015677878.1_15025	1251	1175.23	27	2.13965
lcl|NW_015387715.1_cds_XP_015677879.1_15026	2234	2272.87	749	30.6908
lcl|NW_015387716.1_cds_XP_029141181.1_15027	5112	5295.24	45	0.791459
lcl|NW_015387720.1_cds_XP_015677882.1_15028	828	817.351	154.5	17.6044
lcl|NW_015387720.1_cds_XP_015677883.1_15029	828	817.351	154.5	17.6044
lcl|NW_015387720.1_cds_XP_015677884.1_15030	2376	2434.64	29	1.10934
lcl|NW_015387721.1_cds_XP_015677885.1_15031	3396	3323.59	12	0.33626
lcl|NW_015387721.1_cds_XP_029141183.1_15032	1332	1221.78	131.255	10.0052
lcl|NW_015387721.1_cds_XP_015677887.1_15033	1461	1375.11	35	2.37046
lcl|NW_015387722.1_cds_XP_015677888.1_15034	1121	1137.55	29	2.37426
lcl|NW_015387723.1_cds_XP_015677894.1_15035	549	495.443	116	21.8055
lcl|NW_015387723.1_cds_XP_015677893.1_15036	735	688.659	17	2.29904
lcl|NW_015387723.1_cds_XP_015677889.1_15037	1878	1876.96	367	18.2101
lcl|NW_015387723.1_cds_XP_015677890.2_15038	885	846.949	0	0
lcl|NW_015387723.1_cds_XP_029141185.1_15039	1020	981.949	0	0
lcl|NW_015387724.1_cds_XP_015677895.1_15040	1731	1716.73	12	0.651001
lcl|NW_015387724.1_cds_XP_015677897.1_15041	693	652.821	139.5	19.9013
lcl|NW_015387724.1_cds_XP_015677898.1_15042	693	652.821	139.5	19.9013
lcl|NW_015387726.1_cds_XP_029141186.1_15043	1638	1625.29	56	3.20892
lcl|NW_015387727.1_cds_XP_015677902.1_15044	561	522.949	0	0
lcl|NW_015387727.1_cds_XP_015677901.1_15045	2046	2007.95	0	0
lcl|NW_015387727.1_cds_XP_029141188.1_15046	537	483.809	3	0.577495
lcl|NW_015387727.1_cds_XP_015677903.1_15047	411	376.107	1	0.247622
lcl|NW_015387727.1_cds_XP_015677904.1_15048	2733	2694.41	1.60155	0.0553577
lcl|NW_015387727.1_cds_XP_015677905.1_15049	5817	5584.5	0.00801074	0.000133595
lcl|NW_015387727.1_cds_XP_015677906.1_15050	5778	5548.26	2.99199	0.0502233
lcl|NW_015387727.1_cds_XP_015677907.1_15051	5553	5317.2	0	0
lcl|NW_015387727.1_cds_XP_015677908.1_15052	1251	1223.93	83	6.3157
lcl|NW_015387728.1_cds_XP_015677909.1_15053	1710	1626.14	1	0.057272
lcl|NW_015387728.1_cds_XP_015677910.1_15054	2160	2071.37	7	0.314733
lcl|NW_015387729.1_cds_XP_015677911.1_15055	1278	1239.95	0	0
lcl|NW_015387730.1_cds_XP_015677914.1_15056	756	729.705	1	0.12763
lcl|NW_015387731.1_cds_XP_029141189.1_15057	5925	6007.84	10	0.155018
lcl|NW_015387732.1_cds_XP_015677916.1_15058	3837	3673.53	29	0.735217
lcl|NW_015387733.1_cds_XP_015677917.1_15059	684	632.369	9.52081	1.40218
lcl|NW_015387733.1_cds_XP_029141190.1_15060	480	450.802	1	0.206593
lcl|NW_015387733.1_cds_XP_015677923.1_15061	1317	1269.75	17	1.2469
lcl|NW_015387733.1_cds_XP_029141191.1_15062	2091	2052.95	0	0
lcl|NW_015387733.1_cds_XP_015677920.1_15063	2238	2199.95	0	0
lcl|NW_015387733.1_cds_XP_029141192.1_15064	375	336.949	0	0
lcl|NW_015387733.1_cds_XP_015677926.1_15065	372	342.941	98	26.6138
lcl|NW_015387733.1_cds_XP_029141193.1_15066	951	930.681	6	0.600415
lcl|NW_015387733.1_cds_XP_015677927.1_15067	1659	1619.64	138	7.93527
lcl|NW_015387733.1_cds_XP_029141194.1_15068	771	703.517	2	0.264762
lcl|NW_015387733.1_cds_XP_015677922.1_15069	555	538.428	88	15.2215
lcl|NW_015387734.1_cds_XP_029141196.1_15070	1839	1800.95	0	0
lcl|NW_015387734.1_cds_XP_029141197.1_15071	2019	1980.95	0	0
lcl|NW_015387734.1_cds_XP_029141198.1_15072	2382	2343.95	0	0
lcl|NW_015387734.1_cds_XP_015677929.1_15073	1329	1290.95	0	0
lcl|NW_015387734.1_cds_XP_015677930.1_15074	1833	1877.87	19.5797	0.971051
lcl|NW_015387734.1_cds_XP_029141199.1_15075	1692	1625.14	30	1.71922
lcl|NW_015387734.1_cds_XP_029141200.1_15076	2544	2663.07	9	0.314747
lcl|NW_015387734.1_cds_XP_029141195.1_15077	1569	1663.54	5.24132	0.293433
lcl|NW_015387735.1_cds_XP_029141202.1_15078	2160	2113.62	2	0.0881259
lcl|NW_015387735.1_cds_XP_015677933.1_15079	1302	1198.83	3	0.233059
lcl|NW_015387737.1_cds_XP_015677936.1_15080	381	347.358	225	60.3264
lcl|NW_015387737.1_cds_XP_015677938.1_15081	312	256.814	71.785	26.0325
lcl|NW_015387737.1_cds_XP_015677937.1_15082	372	328.997	15.215	4.30706
lcl|NW_015387737.1_cds_XP_015677939.1_15083	255	203.674	16	7.31619
lcl|NW_015387737.1_cds_XP_029141203.1_15084	1746	1651.9	234	13.1927
lcl|NW_015387737.1_cds_XP_015677935.1_15085	3927	3821.31	22	0.536182
lcl|NW_015387738.1_cds_XP_015677940.1_15086	2388	2471.17	54	2.03513
lcl|NW_015387738.1_cds_XP_015677941.1_15087	1110	1109.26	1	0.0839588
lcl|NW_015387739.1_cds_XP_015677942.1_15088	564	540.465	32	5.51422
lcl|NW_015387739.1_cds_XP_015677944.1_15089	2031	1932.32	98.0899	4.72766
lcl|NW_015387739.1_cds_XP_015677945.1_15090	1164	1176.95	29	2.29477
lcl|NW_015387739.1_cds_XP_015677946.1_15091	1548	1480.62	78	4.90627
lcl|NW_015387743.1_cds_XP_029141205.1_15092	450	411.949	0	0
lcl|NW_015387743.1_cds_XP_015677948.1_15093	2100	2085.77	7	0.312559
lcl|NW_015387743.1_cds_XP_015677949.1_15094	1068	1059.27	13	1.14298
lcl|NW_015387744.1_cds_XP_015677951.1_15095	279	240.949	0	0
lcl|NW_015387744.1_cds_XP_029141206.1_15096	648	629.707	15	2.21847
lcl|NW_015387744.1_cds_XP_015677954.1_15097	696	613.094	10	1.51906
lcl|NW_015387744.1_cds_XP_015677955.2_15098	3582	3675.85	71	1.79888
lcl|NW_015387744.1_cds_XP_015677952.1_15099	651	612.949	0	0
lcl|NW_015387746.1_cds_XP_015677956.1_15100	933	882.274	10	1.0556
lcl|NW_015387746.1_cds_XP_015677957.1_15101	591	534.748	4.66291	0.812099
lcl|NW_015387747.1_cds_XP_015677958.1_15102	1110	1071.95	0	0
lcl|NW_015387748.1_cds_XP_015677959.1_15103	1314	1243.2	844	63.2269
lcl|NW_015387749.1_cds_XP_029141207.1_15104	2388	2349.95	0	0
lcl|NW_015387749.1_cds_XP_015677962.1_15105	1953	1914.95	0	0
lcl|NW_015387750.1_cds_XP_015677963.1_15106	975	936.949	0	0
lcl|NW_015387750.1_cds_XP_015677964.1_15107	1026	987.949	0	0
lcl|NW_015387750.1_cds_XP_029141208.1_15108	1299	1215.52	1	0.0766195
lcl|NW_015387750.1_cds_XP_029141209.1_15109	1014	975.949	0	0
lcl|NW_015387750.1_cds_XP_029141210.1_15110	1479	1455.58	1	0.063983
lcl|NW_015387750.1_cds_XP_029141211.1_15111	1590	1551.95	0	0
lcl|NW_015387750.1_cds_XP_015677966.1_15112	1221	1179.39	501	39.5624
lcl|NW_015387750.1_cds_XP_015677967.1_15113	1086	1047.57	1.17908e-08	1.04824e-09
lcl|NW_015387750.1_cds_XP_015677965.1_15114	1092	1024.64	71	6.45337
lcl|NW_015387751.1_cds_XP_015677968.1_15115	573	542.535	30	5.14986
lcl|NW_015387752.1_cds_XP_029141212.1_15116	582	543.949	0	0
lcl|NW_015387752.1_cds_XP_029141213.1_15117	801	762.949	0	0
lcl|NW_015387752.1_cds_XP_029141214.1_15118	693	654.949	0	0
lcl|NW_015387753.1_cds_XP_015677970.1_15119	1572	1615.42	1	0.0576523
lcl|NW_015387753.1_cds_XP_015677971.2_15120	3162	3123.95	0	0
lcl|NW_015387753.1_cds_XP_015677973.1_15121	1644	1611.2	60.8918	3.51973
lcl|NW_015387753.1_cds_XP_029141215.1_15122	1137	1090.52	2	0.170803
lcl|NW_015387754.1_cds_XP_029141216.1_15123	3369	3440.4	6	0.162422
lcl|NW_015387754.1_cds_XP_015677975.1_15124	294	237.237	1	0.392571
lcl|NW_015387755.1_cds_XP_015677977.1_15125	1359	1320.95	0	0
lcl|NW_015387757.1_cds_XP_029141218.1_15126	1530	1491.95	0	0
lcl|NW_015387757.1_cds_XP_029141217.1_15127	942	903.949	0	0
lcl|NW_015387757.1_cds_XP_015677989.1_15128	1548	1509.95	0	0
lcl|NW_015387757.1_cds_XP_015677980.2_15129	876	837.949	0	0
lcl|NW_015387757.1_cds_XP_015677982.2_15130	1017	978.949	0	0
lcl|NW_015387757.1_cds_XP_015677981.1_15131	942	903.949	0	0
lcl|NW_015387757.1_cds_XP_015677984.1_15132	948	909.949	0	0
lcl|NW_015387757.1_cds_XP_015677985.1_15133	924	885.949	0	0
lcl|NW_015387757.1_cds_XP_015677986.1_15134	945	906.949	0	0
lcl|NW_015387757.1_cds_XP_015677987.1_15135	936	940.081	2	0.198137
lcl|NW_015387757.1_cds_XP_029141219.1_15136	939	900.949	0	0
lcl|NW_015387757.1_cds_XP_015677988.2_15137	948	909.949	0	0
lcl|NW_015387757.1_cds_XP_015677990.1_15138	936	907.098	3	0.308013
lcl|NW_015387757.1_cds_XP_015677991.1_15139	936	924.882	1	0.100697
lcl|NW_015387757.1_cds_XP_015677992.1_15140	936	897.949	0	0
lcl|NW_015387757.1_cds_XP_015677994.1_15141	936	897.949	0	0
lcl|NW_015387757.1_cds_XP_015677995.1_15142	936	897.949	0	0
lcl|NW_015387758.1_cds_XP_029141221.1_15143	900	861.949	0	0
lcl|NW_015387758.1_cds_XP_015677997.1_15144	2556	2517.95	0	0
lcl|NW_015387758.1_cds_XP_015677998.1_15145	2535	2496.95	0	0
lcl|NW_015387758.1_cds_XP_015677999.1_15146	1176	1147.24	4	0.324719
lcl|NW_015387758.1_cds_XP_015678001.1_15147	1095	1056.95	0	0
lcl|NW_015387758.1_cds_XP_015678002.1_15148	2637	2598.95	0	0
lcl|NW_015387758.1_cds_XP_015678003.1_15149	2322	2357.51	1	0.0395047
lcl|NW_015387758.1_cds_XP_029141222.1_15150	2451	2412.95	0	0
lcl|NW_015387761.1_cds_XP_029141223.1_15151	3876	3855.74	34	0.821245
lcl|NW_015387761.1_cds_XP_029141224.1_15152	891	869.594	5	0.535494
lcl|NW_015387761.1_cds_XP_029141225.1_15153	981	938.303	2	0.198513
lcl|NW_015387761.1_cds_XP_015678005.1_15154	471	418.648	1	0.22246
lcl|NW_015387763.1_cds_XP_015678018.1_15155	1947	1848.67	652	32.8465
lcl|NW_015387763.1_cds_XP_029141226.1_15156	588	547.483	2	0.34022
lcl|NW_015387763.1_cds_XP_029141227.1_15157	588	549.949	0	0
lcl|NW_015387763.1_cds_XP_015678011.1_15158	696	670.324	8	1.11149
lcl|NW_015387763.1_cds_XP_015678012.1_15159	603	564.949	0	0
lcl|NW_015387763.1_cds_XP_015678013.1_15160	603	564.949	0	0
lcl|NW_015387763.1_cds_XP_015678014.1_15161	603	564.949	0	0
lcl|NW_015387763.1_cds_XP_015678015.1_15162	765	748.032	16	1.99206
lcl|NW_015387763.1_cds_XP_015678016.1_15163	765	748.032	16	1.99206
lcl|NW_015387763.1_cds_XP_015678019.1_15164	390	343.479	684	185.463
lcl|NW_015387763.1_cds_XP_029141228.1_15165	454	427.735	304	66.1912
lcl|NW_015387764.1_cds_XP_015678021.1_15166	954	915.949	0	0
lcl|NW_015387764.1_cds_XP_015678028.1_15167	1812	1781.76	29.2394	1.52834
lcl|NW_015387764.1_cds_XP_015678029.1_15168	4119	4076.28	181	4.13538
lcl|NW_015387764.1_cds_XP_015678023.1_15169	621	569.458	28.3454	4.63578
lcl|NW_015387764.1_cds_XP_015678024.1_15170	495	456.949	0	0
lcl|NW_015387764.1_cds_XP_015678022.1_15171	501	462.949	0	0
lcl|NW_015387764.1_cds_XP_015678030.1_15172	432	368.31	311	78.6409
lcl|NW_015387764.1_cds_XP_015678025.2_15173	549	475.024	1	0.196058
lcl|NW_015387764.1_cds_XP_015678031.1_15174	1275	1231.29	94	7.10999
lcl|NW_015387764.1_cds_XP_015678032.1_15175	1002	907.319	216	22.1715
lcl|NW_015387764.1_cds_XP_015678026.1_15176	1419	1293.59	46	3.31178
lcl|NW_015387764.1_cds_XP_015678027.1_15177	474	435.949	0	0
lcl|NW_015387768.1_cds_XP_029141231.1_15178	1200	1161.95	0	0
lcl|NW_015387768.1_cds_XP_029141232.1_15179	804	765.949	0	0
lcl|NW_015387768.1_cds_XP_029141229.1_15180	2082	2043.95	0	0
lcl|NW_015387768.1_cds_XP_015678038.1_15181	948	900.14	379	39.2131
lcl|NW_015387768.1_cds_XP_015678039.1_15182	378	330.816	574	161.594
lcl|NW_015387768.1_cds_XP_015678040.1_15183	327	279.453	159	52.9895
lcl|NW_015387768.1_cds_XP_015678035.1_15184	2184	2132.55	6	0.262031
lcl|NW_015387768.1_cds_XP_015678036.1_15185	2292	2215.26	4	0.168165
lcl|NW_015387768.1_cds_XP_029141230.1_15186	1500	1468.21	46	2.91791
lcl|NW_015387768.1_cds_XP_015678041.1_15187	771	755.51	277.5	34.2077
lcl|NW_015387768.1_cds_XP_015678042.1_15188	771	755.51	277.5	34.2077
lcl|NW_015387768.1_cds_XP_015678043.1_15189	4329	4289.55	125	2.71394
lcl|NW_015387768.1_cds_XP_015678044.1_15190	1683	1664.92	2	0.111877
lcl|NW_015387770.1_cds_XP_015678047.1_15191	669	630.949	0	0
lcl|NW_015387770.1_cds_XP_015678048.1_15192	1692	1653.95	0	0
lcl|NW_015387770.1_cds_XP_015678055.1_15193	924	845.647	154	16.9603
lcl|NW_015387770.1_cds_XP_015678056.1_15194	324	271.844	480	164.446
lcl|NW_015387770.1_cds_XP_015678050.1_15195	528	439.552	0	0
lcl|NW_015387770.1_cds_XP_015678049.1_15196	612	524.028	215	38.2107
lcl|NW_015387770.1_cds_XP_015678045.1_15197	2871	2698.78	39.7524	1.37182
lcl|NW_015387770.1_cds_XP_015678051.1_15198	1560	1433.68	222.286	14.4398
lcl|NW_015387770.1_cds_XP_015678052.1_15199	360	293.708	2	0.634183
lcl|NW_015387770.1_cds_XP_015678057.1_15200	1107	1067.59	71	6.19378
lcl|NW_015387770.1_cds_XP_029141233.1_15201	1290	1114.97	2	0.167058
lcl|NW_015387770.1_cds_XP_015678053.1_15202	2538	2349.51	8	0.317112
lcl|NW_015387770.1_cds_XP_015678058.1_15203	693	620.971	397	59.5416
lcl|NW_015387770.1_cds_XP_015678059.1_15204	960	916.93	237	24.0721
lcl|NW_015387770.1_cds_XP_015678061.1_15205	465	403.258	720	166.284
lcl|NW_015387770.1_cds_XP_015678054.1_15206	1713	1674.95	0	0
lcl|NW_015387772.1_cds_XP_015678063.1_15207	1431	1389.95	1	0.067004
lcl|NW_015387772.1_cds_XP_015678064.1_15208	1155	1144.98	42	3.41626
lcl|NW_015387772.1_cds_XP_029141234.1_15209	6660	6602.04	137	1.93261
lcl|NW_015387772.1_cds_XP_015678066.1_15210	1026	1044.64	92	8.20207
lcl|NW_015387772.1_cds_XP_015678062.1_15211	1725	1677.59	337	18.7088
lcl|NW_015387773.1_cds_XP_015678069.1_15212	8133	8270.35	0.153631	0.00173004
lcl|NW_015387773.1_cds_XP_029141236.1_15213	8235	8349.49	2.30184e-05	2.56753e-07
lcl|NW_015387773.1_cds_XP_029141235.1_15214	8088	8212.39	80.8463	0.916837
lcl|NW_015387773.1_cds_XP_015678070.1_15215	1260	1226.33	119	9.03732
lcl|NW_015387775.1_cds_XP_015678073.1_15216	2364	2323.36	104	4.16888
lcl|NW_015387775.1_cds_XP_015678074.1_15217	3432	3483.53	79	2.11207
lcl|NW_015387775.1_cds_XP_015678072.1_15218	1770	1785.35	205	10.6938
lcl|NW_015387777.1_cds_XP_015678075.1_15219	1521	1558.38	3	0.179287
lcl|NW_015387777.1_cds_XP_015678076.1_15220	309	275.976	15	5.062
lcl|NW_015387778.1_cds_XP_029141237.1_15221	3837	3869.65	86	2.0698
lcl|NW_015387778.1_cds_XP_015678078.1_15222	1482	1435.43	18	1.16786
lcl|NW_015387778.1_cds_XP_015678080.1_15223	1131	1102.37	18	1.52071
lcl|NW_015387778.1_cds_XP_029141238.1_15224	429	401.642	18.7659	4.35142
lcl|NW_015387779.1_cds_XP_029141239.1_15225	2040	1794.87	13	0.674546
lcl|NW_015387779.1_cds_XP_015678084.1_15226	687	610.359	78	11.9017
lcl|NW_015387779.1_cds_XP_015678085.1_15227	1152	989.031	5	0.470827
lcl|NW_015387780.1_cds_XP_015678086.1_15228	987	948.949	0	0
lcl|NW_015387780.1_cds_XP_015678087.1_15229	1641	1597.35	1	0.0583045
lcl|NW_015387780.1_cds_XP_015678088.1_15230	1065	1015.91	37	3.39195
lcl|NW_015387780.1_cds_XP_015678089.1_15231	1332	1329.33	218	15.2731
lcl|NW_015387781.1_cds_XP_029141240.1_15232	12690	12443.4	408	3.05368
lcl|NW_015387782.1_cds_XP_015678091.1_15233	7092	7164.54	82.2518	1.0692
lcl|NW_015387784.1_cds_XP_015678092.1_15234	1023	1018.7	5.56255	0.508544
lcl|NW_015387785.1_cds_XP_015678096.1_15235	741	650.134	86	12.3196
lcl|NW_015387785.1_cds_XP_015678097.1_15236	270	261.172	302	107.691
lcl|NW_015387785.1_cds_XP_015678093.1_15237	936	840.932	474	52.4951
lcl|NW_015387785.1_cds_XP_015678094.1_15238	2355	2238.52	56	2.32985
lcl|NW_015387785.1_cds_XP_015678095.1_15239	498	480.353	127	24.6232
lcl|NW_015387786.1_cds_XP_015678099.1_15240	1377	1342.89	1	0.0693525
lcl|NW_015387786.1_cds_XP_015678098.1_15241	6468	6429.95	0	0
lcl|NW_015387787.1_cds_XP_015678100.1_15242	1194	1108.56	181	15.2062
lcl|NW_015387787.1_cds_XP_015678101.2_15243	3201	3015.57	9	0.277955
lcl|NW_015387787.1_cds_XP_015678104.1_15244	570	518.653	45	8.08048
lcl|NW_015387787.1_cds_XP_015678102.1_15245	2745	2694.08	1166	40.3079
lcl|NW_015387787.1_cds_XP_029141241.1_15246	1191	1194.55	3	0.233893
lcl|NW_015387788.1_cds_XP_015678106.2_15247	693	660.018	0	0
lcl|NW_015387789.1_cds_XP_015678107.1_15248	504	388.14	94	22.5549
lcl|NW_015387790.1_cds_XP_015678108.1_15249	1275	1236.95	0	0
lcl|NW_015387790.1_cds_XP_015678109.1_15250	948	975.559	1	0.0954658
lcl|NW_015387790.1_cds_XP_015678117.1_15251	945	906.171	3	0.308328
lcl|NW_015387790.1_cds_XP_015678118.1_15252	945	906.171	3	0.308328
lcl|NW_015387790.1_cds_XP_015678110.1_15253	927	888.949	0	0
lcl|NW_015387790.1_cds_XP_015678113.2_15254	939	900.949	0	0
lcl|NW_015387790.1_cds_XP_015678116.1_15255	942	903.949	0	0
lcl|NW_015387790.1_cds_XP_015678111.1_15256	957	918.949	0	0
lcl|NW_015387790.1_cds_XP_015678112.1_15257	1089	1050.95	0	0
lcl|NW_015387791.1_cds_XP_029141242.1_15258	1896	1789.83	7.30543	0.380132
lcl|NW_015387791.1_cds_XP_015678119.1_15259	1284	1255	316.38	23.4784
lcl|NW_015387791.1_cds_XP_015678120.1_15260	861	802.317	21	2.43767
lcl|NW_015387791.1_cds_XP_015678121.1_15261	756	717.949	0	0
lcl|NW_015387791.1_cds_XP_015678125.1_15262	2955	2836.81	2	0.0656601
lcl|NW_015387791.1_cds_XP_015678126.1_15263	1455	1380.69	2	0.134907
lcl|NW_015387791.1_cds_XP_015678123.1_15264	705	666.949	0	0
lcl|NW_015387791.1_cds_XP_015678128.1_15265	411	372.949	0	0
lcl|NW_015387791.1_cds_XP_015678127.1_15266	312	230.662	2	0.807525
lcl|NW_015387791.1_cds_XP_015678130.1_15267	306	267.949	0	0
lcl|NW_015387791.1_cds_XP_015678129.1_15268	315	276.949	0	0
lcl|NW_015387792.1_cds_XP_015678131.1_15269	666	609.009	5.43777	0.83157
lcl|NW_015387792.1_cds_XP_029141243.1_15270	1359	1362.27	3	0.205097
lcl|NW_015387792.1_cds_XP_015678133.1_15271	3066	3079.25	32	0.967848
lcl|NW_015387793.1_cds_XP_015678139.1_15272	2964	2865.33	120	3.90038
lcl|NW_015387793.1_cds_XP_015678140.1_15273	1104	1027.63	1826	165.487
lcl|NW_015387793.1_cds_XP_029141244.1_15274	1974	1660.54	14	0.785199
lcl|NW_015387793.1_cds_XP_015678136.1_15275	531	492.949	0	0
lcl|NW_015387793.1_cds_XP_015678137.1_15276	615	536.618	3	0.520664
lcl|NW_015387793.1_cds_XP_015678141.1_15277	1692	1581.74	6	0.35328
lcl|NW_015387793.1_cds_XP_015678142.1_15278	576	550.849	99	16.738
lcl|NW_015387793.1_cds_XP_015678138.1_15279	528	489.949	0	0
lcl|NW_015387794.1_cds_XP_015678145.1_15280	1965	1847.06	40	2.01688
lcl|NW_015387794.1_cds_XP_029141245.1_15281	1584	1502.9	114	7.06442
lcl|NW_015387794.1_cds_XP_015678146.1_15282	5538	5586.66	148.034	2.46781
lcl|NW_015387794.1_cds_XP_015678144.1_15283	453	392.489	7	1.66101
lcl|NW_015387795.1_cds_XP_015678147.1_15284	1083	1030.16	19	1.71772
lcl|NW_015387796.1_cds_XP_029141246.1_15285	1086	1034.07	5	0.450321
lcl|NW_015387796.1_cds_XP_015678149.1_15286	1944	1837.53	18.4614	0.935691
lcl|NW_015387797.1_cds_XP_015678152.1_15287	672	608.953	12	1.83527
lcl|NW_015387797.1_cds_XP_015678155.1_15288	1272	1130.11	28	2.30749
lcl|NW_015387797.1_cds_XP_015678153.1_15289	774	656.681	3	0.425469
lcl|NW_015387797.1_cds_XP_015678157.1_15290	441	413.038	10	2.25482
lcl|NW_015387797.1_cds_XP_015678150.1_15291	1002	840.556	69	7.64511
lcl|NW_015387797.1_cds_XP_015678154.1_15292	1032	909.55	114	11.6729
lcl|NW_015387797.1_cds_XP_015678158.1_15293	870	781.882	680	80.997
lcl|NW_015387797.1_cds_XP_015678151.1_15294	2727	2438.55	7	0.267343
lcl|NW_015387797.1_cds_XP_029141247.1_15295	993	921.119	10	1.01108
lcl|NW_015387798.1_cds_XP_015678160.1_15296	585	500.219	271.04	50.4632
lcl|NW_015387798.1_cds_XP_015678161.1_15297	555	486.695	13.9599	2.67134
lcl|NW_015387798.1_cds_XP_015678162.1_15298	1632	1596.01	12017	701.23
lcl|NW_015387798.1_cds_XP_015678163.1_15299	2034	1918.99	97	4.70761
lcl|NW_015387799.1_cds_XP_015678164.1_15300	1185	1219.08	32	2.44467
lcl|NW_015387799.1_cds_XP_015678165.1_15301	1434	1376.65	53	3.58552
lcl|NW_015387800.1_cds_XP_015678166.1_15302	7014	7178.1	22	0.28544
lcl|NW_015387800.1_cds_XP_015678167.1_15303	1572	1493.69	96	5.98566
lcl|NW_015387800.1_cds_XP_015678169.1_15304	819	835.285	16	1.78397
lcl|NW_015387801.1_cds_XP_029141248.1_15305	3865	3580.36	9.20495	0.23944
lcl|NW_015387802.1_cds_XP_015678171.2_15306	3795	3911.43	129	3.07153
lcl|NW_015387803.1_cds_XP_015678172.1_15307	3477	3495.94	295	7.85885
lcl|NW_015387803.1_cds_XP_015678177.1_15308	777	738.949	0	0
lcl|NW_015387803.1_cds_XP_015678173.1_15309	1326	1287.95	0	0
lcl|NW_015387803.1_cds_XP_029141250.1_15310	1617	1572.29	79	4.67947
lcl|NW_015387803.1_cds_XP_015678178.1_15311	2406	2279.65	794	32.438
lcl|NW_015387803.1_cds_XP_015678180.2_15312	6423	6485.21	72	1.03397
lcl|NW_015387803.1_cds_XP_015678175.1_15313	1173	1105.27	4	0.33705
lcl|NW_015387803.1_cds_XP_029141249.1_15314	1494	1428.37	23	1.49964
lcl|NW_015387803.1_cds_XP_015678181.1_15315	981	908.032	147	15.0771
lcl|NW_015387803.1_cds_XP_015678182.1_15316	2580	2517.5	8	0.295952
lcl|NW_015387804.1_cds_XP_015678183.1_15317	2994	3134.87	10	0.297086
lcl|NW_015387805.1_cds_XP_015678184.1_15318	1684	1645.95	0	0
lcl|NW_015387805.1_cds_XP_029141251.1_15319	2202	2111.24	1	0.0441128
lcl|NW_015387806.1_cds_XP_015678186.1_15320	3171	3023.9	7	0.215592
lcl|NW_015387808.1_cds_XP_015678188.1_15321	1077	1077.82	170	14.6894
lcl|NW_015387808.1_cds_XP_015678190.1_15322	1077	1077.82	170	14.6894
lcl|NW_015387808.1_cds_XP_015678187.1_15323	3069	3030.95	0	0
lcl|NW_015387809.1_cds_XP_029141254.1_15324	2415	2348.18	238.501	9.45932
lcl|NW_015387809.1_cds_XP_029141253.1_15325	2535	2463.02	126.499	4.78322
lcl|NW_015387809.1_cds_XP_029141252.1_15326	2112	2055.95	6	0.271795
lcl|NW_015387809.1_cds_XP_015678192.1_15327	1119	1085.56	110	9.43718
lcl|NW_015387810.1_cds_XP_015678194.1_15328	885	866.324	80	8.60025
lcl|NW_015387810.1_cds_XP_015678195.1_15329	300	261.949	0	0
lcl|NW_015387810.1_cds_XP_015678198.1_15330	1170	1160.03	802	64.388
lcl|NW_015387810.1_cds_XP_015678193.1_15331	1227	1188.95	0	0
lcl|NW_015387810.1_cds_XP_015678199.1_15332	1278	1250.05	156	11.6224
lcl|NW_015387810.1_cds_XP_029141256.1_15333	4980	4935.65	782	14.7558
lcl|NW_015387810.1_cds_XP_015678202.1_15334	1158	1195.03	46	3.58493
lcl|NW_015387810.1_cds_XP_015678196.1_15335	2190	2239.34	0.509997	0.0212104
lcl|NW_015387810.1_cds_XP_015678197.1_15336	2181	2232.22	9.49	0.39594
lcl|NW_015387811.1_cds_XP_015678203.1_15337	1668	1656.75	3.50413	0.196981
lcl|NW_015387811.1_cds_XP_015678205.1_15338	1284	1253.98	64	4.75324
lcl|NW_015387811.1_cds_XP_015678204.1_15339	1161	1216.68	4	0.306185
lcl|NW_015387812.1_cds_XP_015678207.1_15340	915	910.02	73.971	7.57028
lcl|NW_015387812.1_cds_XP_015678208.1_15341	993	823.466	35	3.95844
lcl|NW_015387812.1_cds_XP_015678209.1_15342	1242	1212.33	144.601	11.1084
lcl|NW_015387812.1_cds_XP_015678210.1_15343	1137	1086.57	42.3994	3.63415
lcl|NW_015387812.1_cds_XP_015678211.1_15344	1611	1587.91	147	8.62167
lcl|NW_015387812.1_cds_XP_015678206.2_15345	2799	2760.95	0	0
lcl|NW_015387813.1_cds_XP_015678213.1_15346	3126	3078.66	5	0.151255
lcl|NW_015387813.1_cds_XP_015678214.2_15347	2277	2343.77	42	1.66892
lcl|NW_015387814.1_cds_XP_015678217.1_15348	2526	2442.95	12	0.457476
lcl|NW_015387814.1_cds_XP_015678216.1_15349	2646	2421.49	13.5702	0.52192
lcl|NW_015387814.1_cds_XP_015678219.1_15350	432	393.735	7.25912	1.71704
lcl|NW_015387814.1_cds_XP_015678218.1_15351	438	400.13	10.4496	2.4322
lcl|NW_015387815.1_cds_XP_015678221.1_15352	615	564.458	396	65.3378
lcl|NW_015387815.1_cds_XP_029141257.1_15353	2295	2311.34	7	0.282057
lcl|NW_015387815.1_cds_XP_015678223.1_15354	1335	1357.77	2943	201.867
lcl|NW_015387816.1_cds_XP_015678226.1_15355	1005	980.013	249	23.663
lcl|NW_015387816.1_cds_XP_015678227.1_15356	2163	2048.86	2	0.0909118
lcl|NW_015387816.1_cds_XP_015678225.1_15357	474	422.99	78	17.1738
lcl|NW_015387816.1_cds_XP_015678228.1_15358	888	809.441	8	0.920462
lcl|NW_015387817.1_cds_XP_015678229.1_15359	414	396.691	210	49.3025
lcl|NW_015387819.1_cds_XP_015678234.1_15360	3249	3090.41	374	11.2709
lcl|NW_015387819.1_cds_XP_029141259.1_15361	1125	1086.95	0	0
lcl|NW_015387819.1_cds_XP_029141258.1_15362	6117	6008.45	69	1.06952
lcl|NW_015387819.1_cds_XP_015678233.1_15363	1539	1485.96	307	19.2412
lcl|NW_015387820.1_cds_XP_029141260.1_15364	2253	2265.96	18.1123	0.744428
lcl|NW_015387824.1_cds_XP_015678236.1_15365	3105	3117.91	23.4886	0.701609
lcl|NW_015387824.1_cds_XP_029141261.1_15366	1077	1024.52	83	7.54496
lcl|NW_015387824.1_cds_XP_029141262.1_15367	2583	2424.74	157	6.03026
lcl|NW_015387824.1_cds_XP_015678237.1_15368	1848	1816.05	24	1.2308
lcl|NW_015387824.1_cds_XP_015678238.1_15369	414	353.97	24.4437	6.43135
lcl|NW_015387825.1_cds_XP_015678241.1_15370	1986	2016.66	5	0.230907
lcl|NW_015387826.1_cds_XP_029141263.1_15371	6213	6052.94	333	5.12365
lcl|NW_015387826.1_cds_XP_015678244.1_15372	1065	959.499	11.5408	1.12019
lcl|NW_015387826.1_cds_XP_015678242.2_15373	957	918.949	0	0
lcl|NW_015387826.1_cds_XP_015678245.1_15374	627	578.255	104	16.75
lcl|NW_015387827.1_cds_XP_015678252.1_15375	1839	1800.95	0	0
lcl|NW_015387827.1_cds_XP_015678246.1_15376	1710	1671.95	0	0
lcl|NW_015387827.1_cds_XP_015678253.1_15377	1821	1782.95	0	0
lcl|NW_015387827.1_cds_XP_015678247.1_15378	3135	3096.95	0	0
lcl|NW_015387827.1_cds_XP_015678248.2_15379	1701	1535.23	2	0.121327
lcl|NW_015387827.1_cds_XP_015678254.1_15380	213	170.911	432	235.405
lcl|NW_015387827.1_cds_XP_029141264.1_15381	1326	1172.05	1	0.0794615
lcl|NW_015387827.1_cds_XP_015678251.1_15382	1530	1491.95	0	0
lcl|NW_015387828.1_cds_XP_015678255.2_15383	2460	2421.95	0	0
lcl|NW_015387830.1_cds_XP_015678257.1_15384	2307	2317.21	1347	54.1382
lcl|NW_015387830.1_cds_XP_015678256.1_15385	1389	1350.95	0	0
lcl|NW_015387831.1_cds_XP_015678258.1_15386	7695	7769.65	19	0.227748
lcl|NW_015387831.1_cds_XP_015678259.1_15387	2490	2470.68	290	10.9316
lcl|NW_015387831.1_cds_XP_015678262.1_15388	930	846.475	12.2361	1.34626
lcl|NW_015387831.1_cds_XP_015678260.1_15389	780	708.118	1.76392	0.231993
lcl|NW_015387831.1_cds_XP_015678263.1_15390	837	812.158	244	27.9802
lcl|NW_015387831.1_cds_XP_015678264.1_15391	1035	1018.09	116	10.6115
lcl|NW_015387831.1_cds_XP_015678265.2_15392	1950	1964.91	121	5.73514
lcl|NW_015387832.1_cds_XP_029141265.1_15393	1086	1058.47	0	0
lcl|NW_015387832.1_cds_XP_015678273.1_15394	2865	2841.04	82	2.68805
lcl|NW_015387832.1_cds_XP_015678274.1_15395	1428	1353.2	29	1.99589
lcl|NW_015387832.1_cds_XP_029141266.1_15396	627	606.231	85	13.0582
lcl|NW_015387832.1_cds_XP_015678275.1_15397	1476	1444.88	39	2.51382
lcl|NW_015387832.1_cds_XP_015678276.1_15398	1476	1444.88	39	2.51382
lcl|NW_015387832.1_cds_XP_015678268.1_15399	696	657.949	0	0
lcl|NW_015387832.1_cds_XP_029141267.1_15400	936	918.162	1	0.101434
lcl|NW_015387832.1_cds_XP_015678270.1_15401	807	768.949	0	0
lcl|NW_015387832.1_cds_XP_015678277.2_15402	2760	2739.05	181	6.15433
lcl|NW_015387832.1_cds_XP_015678271.1_15403	1308	1288	23.1927	1.67701
lcl|NW_015387833.1_cds_XP_015678278.1_15404	875	858.349	57	6.18461
lcl|NW_015387833.1_cds_XP_015678279.1_15405	1002	963.949	0	0
lcl|NW_015387833.1_cds_XP_015678280.1_15406	744	705.949	0	0
lcl|NW_015387833.1_cds_XP_029141268.1_15407	2094	2071.3	27	1.21401
lcl|NW_015387834.1_cds_XP_015678282.1_15408	5388	5386.49	282	4.87579
lcl|NW_015387834.1_cds_XP_015678283.1_15409	2916	2912.22	1111	35.5296
lcl|NW_015387834.1_cds_XP_015678285.1_15410	2094	2050.83	344.139	15.6281
lcl|NW_015387834.1_cds_XP_015678286.1_15411	2094	2050.83	344.139	15.6281
lcl|NW_015387834.1_cds_XP_015678287.1_15412	2076	2033.93	440.124	20.153
lcl|NW_015387834.1_cds_XP_015678288.1_15413	1995	1959.66	1320.55	62.7589
lcl|NW_015387834.1_cds_XP_015678289.1_15414	1977	1940.33	1432.05	68.7356
lcl|NW_015387834.1_cds_XP_015678281.1_15415	804	756.128	5	0.615852
lcl|NW_015387835.1_cds_XP_015678290.1_15416	1263	1208.58	11	0.847656
lcl|NW_015387836.1_cds_XP_015678291.1_15417	1749	1636.95	1	0.056894
lcl|NW_015387837.1_cds_XP_015678292.1_15418	786	747.949	0	0
lcl|NW_015387837.1_cds_XP_015678298.1_15419	6468	6377.99	195	2.84742
lcl|NW_015387837.1_cds_XP_015678297.1_15420	894	841.27	653	72.2902
lcl|NW_015387837.1_cds_XP_015678293.1_15421	648	634.873	15	2.20042
lcl|NW_015387837.1_cds_XP_015678296.1_15422	237	216.368	16.698	7.18742
lcl|NW_015387839.1_cds_XP_015678299.1_15423	450	411.949	0	0
lcl|NW_015387839.1_cds_XP_015678300.1_15424	1311	1305.48	69	4.92243
lcl|NW_015387839.1_cds_XP_015678303.1_15425	735	723.459	84	10.8135
lcl|NW_015387839.1_cds_XP_015678304.1_15426	900	860.798	1693	183.171
lcl|NW_015387839.1_cds_XP_015678305.1_15427	2466	2388.44	10	0.38993
lcl|NW_015387839.1_cds_XP_015678301.1_15428	651	605.031	0	0
lcl|NW_015387839.1_cds_XP_015678302.1_15429	564	526.031	104	18.4129
lcl|NW_015387840.1_cds_XP_015678307.2_15430	2571	2394.95	53	2.06102
lcl|NW_015387840.1_cds_XP_015678309.1_15431	1566	1440.87	13	0.840271
lcl|NW_015387840.1_cds_XP_015678310.1_15432	459	422.522	34	7.49429
lcl|NW_015387840.1_cds_XP_015678311.1_15433	531	440.998	39	8.23624
lcl|NW_015387840.1_cds_XP_015678312.1_15434	483	401.221	1.96766e-05	4.56738e-06
lcl|NW_015387840.1_cds_XP_029141269.1_15435	480	441.949	0	0
lcl|NW_015387840.1_cds_XP_015678308.1_15436	942	903.949	0	0
lcl|NW_015387841.1_cds_XP_015678315.1_15437	324	281.28	99	32.7792
lcl|NW_015387841.1_cds_XP_015678316.1_15438	516	474.349	4698.61	922.512
lcl|NW_015387841.1_cds_XP_015678317.1_15439	513	472.402	2040.39	402.257
lcl|NW_015387841.1_cds_XP_015678314.1_15440	418	347.735	10.2499	2.74518
lcl|NW_015387842.1_cds_XP_015678318.1_15441	1239	1206.53	468	36.1251
lcl|NW_015387843.1_cds_XP_015678319.1_15442	4065	3874.09	4	0.0961593
lcl|NW_015387843.1_cds_XP_015678321.1_15443	2010	1979.93	26	1.223
lcl|NW_015387843.1_cds_XP_015678320.1_15444	465	426.949	0	0
lcl|NW_015387844.1_cds_XP_015678322.1_15445	2184	2236.88	519	21.6086
lcl|NW_015387844.1_cds_XP_015678323.2_15446	3459	3481.64	227	6.07216
lcl|NW_015387846.1_cds_XP_015678325.1_15447	8850	8915.68	90	0.940134
lcl|NW_015387846.1_cds_XP_015678326.1_15448	996	957.949	0	0
lcl|NW_015387847.1_cds_XP_029141270.1_15449	5194	5155.95	0	0
lcl|NW_015387847.1_cds_XP_029141271.1_15450	921	877.876	21	2.22786
lcl|NW_015387847.1_cds_XP_015678330.1_15451	1656	1598.22	11	0.641
lcl|NW_015387847.1_cds_XP_015678328.1_15452	570	510.013	46.1837	8.43352
lcl|NW_015387849.1_cds_XP_015678332.1_15453	549	518.494	12	2.15545
lcl|NW_015387849.1_cds_XP_015678331.1_15454	1464	1437.42	17	1.10146
lcl|NW_015387850.1_cds_XP_015678333.1_15455	1680	1639.93	49	2.78273
lcl|NW_015387851.1_cds_XP_015678334.1_15456	2343	2308.61	3	0.121024
lcl|NW_015387853.1_cds_XP_029141272.1_15457	5442	5268.19	5	0.0883914
lcl|NW_015387854.1_cds_XP_015678337.1_15458	2280	2241.95	0	0
lcl|NW_015387854.1_cds_XP_015678338.1_15459	378	366.009	328	83.4609
lcl|NW_015387855.1_cds_XP_015678342.1_15460	1392	1284.17	5	0.362618
lcl|NW_015387855.1_cds_XP_015678343.1_15461	1476	1437.95	0	0
lcl|NW_015387855.1_cds_XP_015678344.1_15462	828	781.492	30.9597	3.68956
lcl|NW_015387855.1_cds_XP_015678345.1_15463	807	760.132	0.0402641	0.00493322
lcl|NW_015387855.1_cds_XP_015678340.1_15464	336	296.118	2	0.629022
lcl|NW_015387855.1_cds_XP_015678346.1_15465	1464	1317.03	19	1.34357
lcl|NW_015387855.1_cds_XP_015678341.1_15466	944	863.211	6	0.647344
lcl|NW_015387856.1_cds_XP_029141273.1_15467	6978	7279.47	42	0.537342
lcl|NW_015387856.1_cds_XP_015678348.1_15468	2814	2964.46	247	7.75983
lcl|NW_015387858.1_cds_XP_015678350.1_15469	1032	1002.37	29	2.69446
lcl|NW_015387858.1_cds_XP_015678352.1_15470	2367	2289.99	15	0.610042
lcl|NW_015387858.1_cds_XP_029141274.1_15471	2136	2086	13.3307	0.595169
lcl|NW_015387858.1_cds_XP_029141275.1_15472	1953	1929.52	25.6693	1.23898
lcl|NW_015387859.1_cds_XP_015678353.1_15473	948	870.282	42	4.4946
lcl|NW_015387859.1_cds_XP_029141276.1_15474	2445	2271.28	5	0.205022
lcl|NW_015387859.1_cds_XP_029141277.1_15475	609	527.76	2	0.352935
lcl|NW_015387860.1_cds_XP_015678356.1_15476	252	213.949	0	0
lcl|NW_015387860.1_cds_XP_015678357.1_15477	1152	1044.38	9	0.802573
lcl|NW_015387860.1_cds_XP_015678358.1_15478	678	609.475	20	3.05615
lcl|NW_015387861.1_cds_XP_015678360.1_15479	528	516.12	22.1957	4.00515
lcl|NW_015387861.1_cds_XP_015678361.1_15480	522	510.986	112.804	20.5598
lcl|NW_015387861.1_cds_XP_015678363.1_15481	828	798.409	1	0.116648
lcl|NW_015387861.1_cds_XP_015678359.1_15482	1062	1023.95	0	0
lcl|NW_015387862.1_cds_XP_015678364.1_15483	3795	3627.25	26	0.66757
lcl|NW_015387863.1_cds_XP_015678368.1_15484	549	450.956	273	56.3806
lcl|NW_015387863.1_cds_XP_029141279.1_15485	735	705.922	14	1.84703
lcl|NW_015387863.1_cds_XP_015678369.1_15486	447	386.742	75	18.061
lcl|NW_015387863.1_cds_XP_015678367.1_15487	1890	1655.75	20	1.12496
lcl|NW_015387864.1_cds_XP_015678370.1_15488	1401	1362.95	0	0
lcl|NW_015387864.1_cds_XP_015678371.1_15489	234	195.949	0	0
lcl|NW_015387865.1_cds_XP_015678372.1_15490	723	680.493	11	1.50546
lcl|NW_015387865.1_cds_XP_015678374.1_15491	786	763.894	51650	6297.07
lcl|NW_015387866.1_cds_XP_015678375.1_15492	537	492.501	281.887	53.3051
lcl|NW_015387866.1_cds_XP_015678376.1_15493	876	713.25	91	11.8823
lcl|NW_015387867.1_cds_XP_029141281.1_15494	873	842.289	18.1827	2.01047
lcl|NW_015387867.1_cds_XP_029141280.1_15495	348	281.735	9	2.97511
lcl|NW_015387872.1_cds_XP_029141282.1_15496	1077	1038.95	0	0
lcl|NW_015387872.1_cds_XP_015678379.1_15497	954	908.102	124	12.7171
lcl|NW_015387872.1_cds_XP_015678380.1_15498	951	912.949	0	0
lcl|NW_015387872.1_cds_XP_029141284.1_15499	675	636.949	0	0
lcl|NW_015387872.1_cds_XP_015678382.1_15500	957	918.949	0	0
lcl|NW_015387872.1_cds_XP_015678383.1_15501	951	912.949	0	0
lcl|NW_015387872.1_cds_XP_015678381.1_15502	969	930.949	0	0
lcl|NW_015387872.1_cds_XP_015678385.1_15503	1063	1013.87	74	6.79753
lcl|NW_015387872.1_cds_XP_015678390.1_15504	648	609.804	4394.66	671.176
lcl|NW_015387872.1_cds_XP_015678387.1_15505	3546	3675.4	2.46704e-07	6.25133e-09
lcl|NW_015387872.1_cds_XP_015678388.1_15506	3543	3672.19	5.49962e-07	1.39479e-08
lcl|NW_015387872.1_cds_XP_015678389.1_15507	3468	3593.99	158.337	4.10306
lcl|NW_015387872.1_cds_XP_015678391.1_15508	504	427.847	42.5264	9.25703
lcl|NW_015387872.1_cds_XP_015678392.1_15509	483	408.949	2004.47	456.491
lcl|NW_015387872.1_cds_XP_029141285.1_15510	1980	1941.95	0	0
lcl|NW_015387872.1_cds_XP_015678393.1_15511	1002	951.061	719.562	70.463
lcl|NW_015387872.1_cds_XP_015678394.1_15512	996	946.711	29.4906	2.90113
lcl|NW_015387872.1_cds_XP_015678386.1_15513	1137	1052.64	13	1.15018
lcl|NW_015387872.1_cds_XP_015678395.1_15514	2697	2743.33	53	1.79928
lcl|NW_015387872.1_cds_XP_015678396.1_15515	642	603.949	0	0
lcl|NW_015387872.1_cds_XP_015678398.1_15516	456	409.505	2019.05	459.188
lcl|NW_015387872.1_cds_XP_015678399.1_15517	456	409.287	222.945	50.7308
lcl|NW_015387872.1_cds_XP_015678400.1_15518	3837	3747.81	173	4.29902
lcl|NW_015387872.1_cds_XP_015678401.1_15519	954	914.91	14	1.42512
lcl|NW_015387872.1_cds_XP_015678402.1_15520	633	596.441	43	6.71433
lcl|NW_015387872.1_cds_XP_015678403.1_15521	543	502.388	158	29.29
lcl|NW_015387872.1_cds_XP_015678404.1_15522	543	502.388	158	29.29
lcl|NW_015387874.1_cds_XP_029141286.1_15523	1350	1311.95	0	0
lcl|NW_015387874.1_cds_XP_015678407.1_15524	1311	1272.95	0	0
lcl|NW_015387874.1_cds_XP_015678410.1_15525	1203	1164.95	0	0
lcl|NW_015387874.1_cds_XP_015678412.1_15526	1110	1071.95	0	0
lcl|NW_015387874.1_cds_XP_015678408.1_15527	1269	1230.95	0	0
lcl|NW_015387874.1_cds_XP_015678411.1_15528	1161	1122.95	0	0
lcl|NW_015387874.1_cds_XP_015678413.1_15529	1068	1029.95	0	0
lcl|NW_015387874.1_cds_XP_015678414.1_15530	1038	999.949	0	0
lcl|NW_015387874.1_cds_XP_015678418.2_15531	1722	1626.49	259	14.8303
lcl|NW_015387874.1_cds_XP_015678415.1_15532	501	480.788	208	40.2913
lcl|NW_015387874.1_cds_XP_015678416.1_15533	501	480.788	208	40.2913
lcl|NW_015387874.1_cds_XP_015678417.1_15534	441	405.099	55	12.6445
lcl|NW_015387874.1_cds_XP_015678406.1_15535	1047	1031.58	11	0.993097
lcl|NW_015387875.1_cds_XP_015678419.1_15536	1164	1140.6	1	0.0816523
lcl|NW_015387876.1_cds_XP_015678421.1_15537	441	402.949	0	0
lcl|NW_015387876.1_cds_XP_015678429.1_15538	489	460.678	13.1384	2.65612
lcl|NW_015387876.1_cds_XP_015678428.1_15539	429	403.402	4.86157	1.12238
lcl|NW_015387876.1_cds_XP_015678422.1_15540	1098	1048.08	15.1911	1.34988
lcl|NW_015387876.1_cds_XP_015678430.1_15541	351	319.996	2	0.582086
lcl|NW_015387876.1_cds_XP_015678432.1_15542	771	687.756	347	46.989
lcl|NW_015387876.1_cds_XP_015678439.1_15543	1638	1517.32	0	0
lcl|NW_015387876.1_cds_XP_015678438.1_15544	1629	1506.81	16	0.988927
lcl|NW_015387876.1_cds_XP_015678440.1_15545	1194	1080.69	121	10.4277
lcl|NW_015387876.1_cds_XP_015678433.1_15546	1092	940.477	20	1.98054
lcl|NW_015387876.1_cds_XP_015678434.1_15547	1461	1410.82	81	5.34706
lcl|NW_015387876.1_cds_XP_015678423.1_15548	975	936.949	0	0
lcl|NW_015387876.1_cds_XP_015678424.1_15549	1215	1176.95	0	0
lcl|NW_015387876.1_cds_XP_015678442.1_15550	3183	2998.33	114	3.54101
lcl|NW_015387876.1_cds_XP_015678444.1_15551	975	920.478	35	3.54125
lcl|NW_015387876.1_cds_XP_015678435.1_15552	1986	1892.3	10	0.492164
lcl|NW_015387876.1_cds_XP_029141290.1_15553	1086	1047.95	0	0
lcl|NW_015387876.1_cds_XP_015678426.1_15554	1137	1098.95	0	0
lcl|NW_015387876.1_cds_XP_015678436.1_15555	1137	1087.56	28	2.39777
lcl|NW_015387876.1_cds_XP_015678437.1_15556	1059	953.599	38	3.71124
lcl|NW_015387876.1_cds_XP_015678445.2_15557	1377	1267.06	6	0.441018
lcl|NW_015387876.1_cds_XP_015678427.1_15558	1548	1485.77	72	4.51319
lcl|NW_015387877.1_cds_XP_015678448.1_15559	828	743.529	65.7501	8.23569
lcl|NW_015387877.1_cds_XP_029141291.1_15560	1362	1314.52	25	1.77123
lcl|NW_015387877.1_cds_XP_015678447.1_15561	645	609.929	3	0.458082
lcl|NW_015387877.1_cds_XP_029141293.1_15562	639	619.222	77	11.581
lcl|NW_015387877.1_cds_XP_029141292.1_15563	672	633.949	0	0
lcl|NW_015387878.1_cds_XP_015678451.1_15564	249	209.803	76	33.7368
lcl|NW_015387878.1_cds_XP_015678452.1_15565	984	932.881	1916	191.28
lcl|NW_015387878.1_cds_XP_029141294.1_15566	1953	1916.43	240.514	11.6882
lcl|NW_015387878.1_cds_XP_029141295.1_15567	2754	2715.95	0	0
lcl|NW_015387878.1_cds_XP_015678457.2_15568	2670	2631.95	0	0
lcl|NW_015387878.1_cds_XP_015678456.1_15569	2754	2644.26	384.289	13.5349
lcl|NW_015387878.1_cds_XP_015678455.1_15570	2670	2568.67	78.7113	2.85384
lcl|NW_015387878.1_cds_XP_015678450.1_15571	1086	1038.91	2	0.179289
lcl|NW_015387878.1_cds_XP_015678458.1_15572	888	860.034	24	2.59895
lcl|NW_015387879.1_cds_XP_015678460.1_15573	273	226.551	611.908	251.548
lcl|NW_015387879.1_cds_XP_015678461.1_15574	246	202.16	35.0917	16.1663
lcl|NW_015387879.1_cds_XP_015678462.1_15575	1005	943.556	292	28.8215
lcl|NW_015387879.1_cds_XP_015678459.1_15576	621	582.949	0	0
lcl|NW_015387882.1_cds_XP_015678463.1_15577	1152	1113.95	0	0
lcl|NW_015387882.1_cds_XP_015678465.1_15578	378	306.431	8	2.43141
lcl|NW_015387882.1_cds_XP_015678470.1_15579	2718	2464.74	426	16.0968
lcl|NW_015387882.1_cds_XP_029141298.1_15580	3150	3062.8	9	0.273668
lcl|NW_015387882.1_cds_XP_029141296.1_15581	693	703.329	1	0.132417
lcl|NW_015387882.1_cds_XP_029141297.1_15582	1734	1695.95	0	0
lcl|NW_015387882.1_cds_XP_015678472.1_15583	819	752.557	320	39.6015
lcl|NW_015387882.1_cds_XP_015678473.1_15584	1101	1041.89	32	2.86042
lcl|NW_015387882.1_cds_XP_015678474.2_15585	1089	1091.92	23	1.96173
lcl|NW_015387882.1_cds_XP_015678469.1_15586	642	572.045	147	23.9325
lcl|NW_015387882.1_cds_XP_015678468.1_15587	543	504.949	0	0
lcl|NW_015387883.1_cds_XP_015678479.1_15588	270	209.345	241.324	107.359
lcl|NW_015387883.1_cds_XP_015678475.1_15589	1080	1031.1	13.4942	1.21885
lcl|NW_015387883.1_cds_XP_015678480.1_15590	507	462.623	214.385	43.1587
lcl|NW_015387883.1_cds_XP_015678482.1_15591	504	457.176	60.6153	12.3481
lcl|NW_015387883.1_cds_XP_015678484.1_15592	507	464.24	0	0
lcl|NW_015387883.1_cds_XP_015678485.1_15593	504	458.883	0	0
lcl|NW_015387883.1_cds_XP_029141300.1_15594	2433	2134.59	76	3.31589
lcl|NW_015387883.1_cds_XP_015678489.1_15595	957	850.308	2	0.219056
lcl|NW_015387883.1_cds_XP_015678488.1_15596	885	780.003	25	2.985
lcl|NW_015387883.1_cds_XP_015678487.1_15597	489	412.292	67	15.1346
lcl|NW_015387883.1_cds_XP_015678477.1_15598	1044	944.044	4	0.394611
lcl|NW_015387883.1_cds_XP_015678486.1_15599	1854	1738.94	75	4.01679
lcl|NW_015387883.1_cds_XP_015678478.1_15600	554	515.949	0	0
lcl|NW_015387885.1_cds_XP_015678490.1_15601	564	525.949	0	0
lcl|NW_015387885.1_cds_XP_015678491.2_15602	594	591.481	12	1.88948
lcl|NW_015387885.1_cds_XP_015678492.1_15603	4491	4491.79	153	3.17229
lcl|NW_015387886.1_cds_XP_015678499.1_15604	2625	2642.94	160	5.63812
lcl|NW_015387886.1_cds_XP_015678500.1_15605	2533	2524.73	929.838	34.2999
lcl|NW_015387886.1_cds_XP_015678495.1_15606	240	190.423	5	2.44541
lcl|NW_015387886.1_cds_XP_029141302.1_15607	1809	1770.95	0	0
lcl|NW_015387886.1_cds_XP_015678496.1_15608	1131	1042.99	3	0.267881
lcl|NW_015387886.1_cds_XP_015678497.1_15609	471	379.233	1	0.245582
lcl|NW_015387886.1_cds_XP_015678498.1_15610	789	763.302	4	0.488051
lcl|NW_015387886.1_cds_XP_015678501.1_15611	1521	1511.54	130.317	8.02938
lcl|NW_015387886.1_cds_XP_015678502.1_15612	1365	1348.6	11.683	0.806814
lcl|NW_015387886.1_cds_XP_015678503.1_15613	1353	1335.06	0	0
lcl|NW_015387886.1_cds_XP_015678506.1_15614	1578	1563.73	50	2.9779
lcl|NW_015387887.1_cds_XP_015678507.1_15615	1914	1875.95	0	0
lcl|NW_015387887.1_cds_XP_015678508.1_15616	201	162.949	0	0
lcl|NW_015387887.1_cds_XP_015678509.1_15617	3057	2909.66	2	0.064016
lcl|NW_015387887.1_cds_XP_029141303.1_15618	2226	2187.95	0	0
lcl|NW_015387888.1_cds_XP_015678513.1_15619	1077	1058.87	42	3.69411
lcl|NW_015387888.1_cds_XP_015678514.1_15620	1470	1444.82	21	1.35365
lcl|NW_015387888.1_cds_XP_015678515.1_15621	1455	1398.54	11.6022	0.772624
lcl|NW_015387888.1_cds_XP_015678510.1_15622	2178	2139.95	0	0
lcl|NW_015387888.1_cds_XP_029141304.1_15623	750	695.825	13.3978	1.79322
lcl|NW_015387888.1_cds_XP_015678517.1_15624	1191	1127.44	276	22.799
lcl|NW_015387888.1_cds_XP_015678512.1_15625	855	772.868	20	2.41005
lcl|NW_015387890.1_cds_XP_015678518.1_15626	1128	1048.01	1	0.0888657
lcl|NW_015387890.1_cds_XP_015678520.2_15627	1218	1014.51	5	0.459004
lcl|NW_015387890.1_cds_XP_015678521.1_15628	714	592.541	4	0.6287
lcl|NW_015387890.1_cds_XP_015678522.2_15629	864	771.924	6.09886	0.735827
lcl|NW_015387890.1_cds_XP_015678519.1_15630	525	486.949	0	0
lcl|NW_015387892.1_cds_XP_029141306.1_15631	879	770.848	233	28.1507
lcl|NW_015387892.1_cds_XP_029141307.1_15632	951	912.949	0	0
lcl|NW_015387892.1_cds_XP_029141308.1_15633	984	945.949	0	0
lcl|NW_015387892.1_cds_XP_015678524.1_15634	1179	1140.95	0	0
lcl|NW_015387892.1_cds_XP_015678525.1_15635	2193	2041.85	7	0.319282
lcl|NW_015387893.1_cds_XP_015678526.1_15636	2520	2521.93	23	0.849367
lcl|NW_015387893.1_cds_XP_015678528.1_15637	987	1001.92	8	0.743635
lcl|NW_015387893.1_cds_XP_015678529.1_15638	987	1001.92	8	0.743635
lcl|NW_015387894.1_cds_XP_015678530.1_15639	1396	1330.92	15.2602	1.06784
lcl|NW_015387894.1_cds_XP_015678531.1_15640	1302	1201.88	1	0.0774892
lcl|NW_015387894.1_cds_XP_015678536.1_15641	1509	1482.59	153	9.61106
lcl|NW_015387894.1_cds_XP_029141311.1_15642	1521	1462.11	147.916	9.42185
lcl|NW_015387894.1_cds_XP_029141310.1_15643	1056	985.896	26.0845	2.46406
lcl|NW_015387894.1_cds_XP_015678532.2_15644	906	859.117	1	0.108405
lcl|NW_015387894.1_cds_XP_015678533.1_15645	771	736.898	5	0.631923
lcl|NW_015387894.1_cds_XP_015678538.2_15646	2793	2922.57	291	9.27319
lcl|NW_015387895.1_cds_XP_015678541.1_15647	984	917.068	60	6.09328
lcl|NW_015387895.1_cds_XP_015678543.1_15648	591	547.547	1000	170.09
lcl|NW_015387895.1_cds_XP_015678542.1_15649	2313	2099.23	27	1.19786
lcl|NW_015387896.1_cds_XP_015678545.1_15650	360	331.837	34.5816	9.70561
lcl|NW_015387896.1_cds_XP_029141312.1_15651	819	780.949	0	0
lcl|NW_015387896.1_cds_XP_015678548.1_15652	1131	1119.46	65.2005	5.42429
lcl|NW_015387896.1_cds_XP_015678547.1_15653	1407	1368.95	0	0
lcl|NW_015387897.1_cds_XP_015678549.1_15654	1110	951.198	13.9297	1.36387
lcl|NW_015387897.1_cds_XP_015678554.1_15655	1611	1467.32	8	0.507769
lcl|NW_015387897.1_cds_XP_029141314.1_15656	5436	5247.41	15	0.266224
lcl|NW_015387897.1_cds_XP_015678550.1_15657	3795	3756.95	0	0
lcl|NW_015387897.1_cds_XP_015678551.1_15658	2199	2055.89	5	0.226502
lcl|NW_015387897.1_cds_XP_015678557.1_15659	897	839.392	479	53.1462
lcl|NW_015387897.1_cds_XP_029141313.1_15660	1410	1280.37	8.38016	0.609564
lcl|NW_015387897.1_cds_XP_015678553.1_15661	1812	1773.95	0	0
lcl|NW_015387898.1_cds_XP_029141316.1_15662	10338	10994	225.042	1.90637
lcl|NW_015387898.1_cds_XP_029141315.1_15663	7278	7609.63	87.1254	1.06631
lcl|NW_015387899.1_cds_XP_015678561.1_15664	930	911.698	183.863	18.7821
lcl|NW_015387899.1_cds_XP_015678559.1_15665	969	944.05	0.0640933	0.00632293
lcl|NW_015387899.1_cds_XP_015678560.1_15666	951	931.617	433.073	43.2937
lcl|NW_015387899.1_cds_XP_029141317.1_15667	2751	2630.47	273	9.66563
lcl|NW_015387900.1_cds_XP_015678563.1_15668	1329	1303.34	12	0.857483
lcl|NW_015387900.1_cds_XP_015678564.1_15669	639	599.621	3980	618.17
lcl|NW_015387900.1_cds_XP_015678567.1_15670	363	316.076	705	207.73
lcl|NW_015387900.1_cds_XP_015678566.1_15671	2136	2190.24	426	18.1142
lcl|NW_015387901.1_cds_XP_029141319.1_15672	306	267.949	0	0
lcl|NW_015387901.1_cds_XP_015678568.1_15673	2157	2189.78	5	0.212653
lcl|NW_015387901.1_cds_XP_029141320.1_15674	1920	1853.5	6	0.301482
lcl|NW_015387901.1_cds_XP_029141321.1_15675	1863	1835.16	1	0.0507491
lcl|NW_015387902.1_cds_XP_029141322.1_15676	3153	3135.11	2	0.0594126
lcl|NW_015387902.1_cds_XP_015678572.1_15677	603	564.949	0	0
lcl|NW_015387905.1_cds_XP_029141323.1_15678	828	789.949	0	0
lcl|NW_015387905.1_cds_XP_029141324.1_15679	1527	1460.67	403	25.6953
lcl|NW_015387905.1_cds_XP_015678574.1_15680	1083	1040.34	12	1.07426
lcl|NW_015387905.1_cds_XP_015678577.1_15681	4632	4621.75	215.245	4.33738
lcl|NW_015387907.1_cds_XP_015678578.1_15682	1212	1185.2	20	1.57159
lcl|NW_015387907.1_cds_XP_015678581.1_15683	1893	1814.72	50	2.56603
lcl|NW_015387907.1_cds_XP_015678579.2_15684	1662	1684.62	32	1.76909
lcl|NW_015387909.1_cds_XP_015678583.1_15685	1869	1766.24	22	1.16004
lcl|NW_015387909.1_cds_XP_015678584.1_15686	1479	1465.09	101	6.42033
lcl|NW_015387909.1_cds_XP_029141325.1_15687	10572	10759.1	3	0.0259685
lcl|NW_015387910.1_cds_XP_015678585.1_15688	1722	1683.95	0	0
lcl|NW_015387911.1_cds_XP_015678591.1_15689	657	630.224	738	109.059
lcl|NW_015387911.1_cds_XP_029141326.1_15690	2283	2197.73	5	0.211884
lcl|NW_015387911.1_cds_XP_015678588.1_15691	15087	14575.3	143.479	0.916793
lcl|NW_015387911.1_cds_XP_029141329.1_15692	2223	2102.18	1	0.0443028
lcl|NW_015387911.1_cds_XP_015678590.1_15693	870	737.025	13	1.64272
lcl|NW_015387911.1_cds_XP_029141327.1_15694	1167	1128.95	0	0
lcl|NW_015387911.1_cds_XP_015678592.1_15695	858	757.729	148	18.1907
lcl|NW_015387911.1_cds_XP_029141328.1_15696	2184	2145.95	0	0
lcl|NW_015387912.1_cds_XP_015678598.2_15697	909	812.998	28	3.20752
lcl|NW_015387912.1_cds_XP_029141330.1_15698	2067	1991.92	15	0.701329
lcl|NW_015387912.1_cds_XP_029141331.1_15699	813	774.949	0	0
lcl|NW_015387912.1_cds_XP_015678595.1_15700	774	698.369	6.25284	0.833862
lcl|NW_015387912.1_cds_XP_029141332.1_15701	1290	1256.96	20.3133	1.50508
lcl|NW_015387914.1_cds_XP_015678599.1_15702	667	628.949	0	0
lcl|NW_015387914.1_cds_XP_015678601.1_15703	942	833.69	14	1.56396
lcl|NW_015387914.1_cds_XP_015678600.1_15704	666	584.371	81	12.9091
lcl|NW_015387915.1_cds_XP_015678605.2_15705	2382	2161.19	2	0.0861863
lcl|NW_015387915.1_cds_XP_015678602.1_15706	504	465.949	0	0
lcl|NW_015387915.1_cds_XP_015678603.1_15707	249	214.42	9	3.90911
lcl|NW_015387915.1_cds_XP_015678604.1_15708	222	183.949	0	0
lcl|NW_015387915.1_cds_XP_015678608.1_15709	270	237.155	7	2.74895
lcl|NW_015387916.1_cds_XP_015678609.1_15710	2030	1956.34	74.3687	3.54036
lcl|NW_015387916.1_cds_XP_015678610.1_15711	594	493.957	5	0.942719
lcl|NW_015387917.1_cds_XP_029141333.1_15712	483	444.025	3	0.629238
lcl|NW_015387917.1_cds_XP_015678614.1_15713	477	441.836	10	2.10785
lcl|NW_015387917.1_cds_XP_015678611.1_15714	531	482.663	4	0.771823
lcl|NW_015387917.1_cds_XP_015678612.1_15715	774	702.085	428	56.7748
lcl|NW_015387917.1_cds_XP_015678613.1_15716	774	702.085	428	56.7748
lcl|NW_015387918.1_cds_XP_015678616.1_15717	588	557.698	185.344	30.9514
lcl|NW_015387918.1_cds_XP_015678615.1_15718	984	972.029	267.46	25.626
lcl|NW_015387919.1_cds_XP_029141334.1_15719	3972	3751.47	4	0.0993025
lcl|NW_015387919.1_cds_XP_015678617.1_15720	795	756.949	0	0
lcl|NW_015387919.1_cds_XP_029141335.1_15721	3711	3514.97	3	0.0794878
lcl|NW_015387919.1_cds_XP_029141336.1_15722	1116	1077.95	0	0
lcl|NW_015387919.1_cds_XP_029141337.1_15723	9450	8977.28	14	0.145239
lcl|NW_015387919.1_cds_XP_015678628.1_15724	771	698.43	2	0.266691
lcl|NW_015387919.1_cds_XP_015678621.1_15725	1773	1593.93	1	0.0584293
lcl|NW_015387919.1_cds_XP_015678631.1_15726	1284	1221.21	23.5655	1.79717
lcl|NW_015387919.1_cds_XP_015678630.1_15727	1284	1228.12	44.4345	3.36962
lcl|NW_015387919.1_cds_XP_029141340.1_15728	1149	1085.98	0	0
lcl|NW_015387919.1_cds_XP_029141339.1_15729	1332	1293.57	1	0.0719966
lcl|NW_015387919.1_cds_XP_015678623.1_15730	1260	1221.95	0	0
lcl|NW_015387919.1_cds_XP_015678624.1_15731	3678	3639.95	0	0
lcl|NW_015387919.1_cds_XP_015678627.1_15732	993	954.949	0	0
lcl|NW_015387922.1_cds_XP_015678637.1_15733	3966	4066.22	162	3.71044
lcl|NW_015387922.1_cds_XP_029141342.1_15734	5157	5178.1	105	1.88852
lcl|NW_015387922.1_cds_XP_015678634.1_15735	1038	1026.23	139	12.6146
lcl|NW_015387922.1_cds_XP_015678635.1_15736	660	624.825	1	0.149054
lcl|NW_015387922.1_cds_XP_015678633.1_15737	1704	1665.95	0	0
lcl|NW_015387922.1_cds_XP_015678632.1_15738	1710	1671.95	0	0
lcl|NW_015387923.1_cds_XP_015678644.1_15739	510	458.413	677	137.541
lcl|NW_015387923.1_cds_XP_015678645.1_15740	1137	1118.53	293	24.3961
lcl|NW_015387923.1_cds_XP_015678646.1_15741	1164	1149.91	1836	148.699
lcl|NW_015387923.1_cds_XP_015678648.1_15742	684	680.914	81	11.0788
lcl|NW_015387923.1_cds_XP_015678647.1_15743	1164	1144.98	5212	423.945
lcl|NW_015387923.1_cds_XP_015678649.2_15744	1035	1035.95	23	2.06771
lcl|NW_015387923.1_cds_XP_015678642.1_15745	879	854.331	10	1.09012
lcl|NW_015387923.1_cds_XP_015678643.1_15746	1332	1242.92	157	11.7641
lcl|NW_015387923.1_cds_XP_015678650.1_15747	639	616.789	55.5284	8.38456
lcl|NW_015387923.1_cds_XP_015678651.1_15748	453	427.959	49.4716	10.766
lcl|NW_015387923.1_cds_XP_015678638.1_15749	3030	3061.34	33	1.00393
lcl|NW_015387923.1_cds_XP_015678653.1_15750	219	165.728	151	84.856
lcl|NW_015387923.1_cds_XP_015678639.1_15751	1632	1620.93	25	1.43641
lcl|NW_015387923.1_cds_XP_015678640.1_15752	1698	1698.25	15	0.822603
lcl|NW_015387924.1_cds_XP_015678654.1_15753	675	636.949	0	0
lcl|NW_015387924.1_cds_XP_015678655.1_15754	834	779.204	7.90847	0.945241
lcl|NW_015387925.1_cds_XP_015678656.1_15755	1971	1926.36	49	2.36898
lcl|NW_015387926.1_cds_XP_029141343.1_15756	1320	1286.06	26	1.88285
lcl|NW_015387926.1_cds_XP_015678660.1_15757	828	797.598	462	53.946
lcl|NW_015387926.1_cds_XP_015678657.1_15758	7350	7497.88	808.211	10.0389
lcl|NW_015387926.1_cds_XP_015678661.1_15759	516	465.816	2.78879	0.557575
lcl|NW_015387926.1_cds_XP_015678662.1_15760	2787	2769.94	499	16.7777
lcl|NW_015387926.1_cds_XP_015678664.1_15761	1626	1622.61	4	0.229586
lcl|NW_015387926.1_cds_XP_015678659.1_15762	711	672.949	0	0
lcl|NW_015387928.1_cds_XP_015678665.1_15763	2531	2592.08	105.113	3.77666
lcl|NW_015387930.1_cds_XP_015678666.1_15764	450	365.811	28	7.12857
lcl|NW_015387930.1_cds_XP_015678667.1_15765	2286	2018.3	74	3.41466
lcl|NW_015387931.1_cds_XP_015678668.1_15766	2103	2041.64	185	8.43906
lcl|NW_015387931.1_cds_XP_015678670.1_15767	1185	1132.64	80	6.57806
lcl|NW_015387932.1_cds_XP_015678674.1_15768	2028	1989.59	186	8.70663
lcl|NW_015387932.1_cds_XP_015678672.1_15769	1311	1279.3	32.1322	2.33921
lcl|NW_015387932.1_cds_XP_015678671.1_15770	831	801.539	12.8678	1.49513
lcl|NW_015387932.1_cds_XP_015678673.1_15771	744	705.949	0	0
lcl|NW_015387933.1_cds_XP_015678680.1_15772	6021	5991.05	634	9.8557
lcl|NW_015387933.1_cds_XP_015678675.1_15773	3273	3290.52	27	0.764189
lcl|NW_015387933.1_cds_XP_015678681.1_15774	2673	2673.91	54	1.88082
lcl|NW_015387933.1_cds_XP_015678676.1_15775	5034	5154.23	1415.53	25.5774
lcl|NW_015387933.1_cds_XP_015678682.1_15776	537	467.55	1040.91	207.342
lcl|NW_015387933.1_cds_XP_015678683.1_15777	519	453.63	357.086	73.3115
lcl|NW_015387933.1_cds_XP_015678678.1_15778	822	777.279	62	7.42876
lcl|NW_015387933.1_cds_XP_015678679.1_15779	2928	2983.98	1	0.0312108
lcl|NW_015387934.1_cds_XP_029141344.1_15780	3111	3016.18	126	3.89058
lcl|NW_015387934.1_cds_XP_029141345.1_15781	2964	2883.6	27.0689	0.874253
lcl|NW_015387934.1_cds_XP_015678687.1_15782	1164	1136.66	8	0.65548
lcl|NW_015387934.1_cds_XP_015678688.1_15783	1557	1502.76	66	4.09029
lcl|NW_015387934.1_cds_XP_015678684.1_15784	876	865.739	53	5.70151
lcl|NW_015387937.1_cds_XP_015678690.1_15785	762	723.949	0	0
lcl|NW_015387937.1_cds_XP_029141346.1_15786	747	753.485	6	0.741614
lcl|NW_015387937.1_cds_XP_015678692.1_15787	693	652.868	123	17.5461
lcl|NW_015387937.1_cds_XP_015678693.1_15788	1038	996.901	158.333	14.7918
lcl|NW_015387937.1_cds_XP_015678694.1_15789	1038	996.901	158.333	14.7918
lcl|NW_015387937.1_cds_XP_015678695.1_15790	1038	996.901	158.333	14.7918
lcl|NW_015387937.1_cds_XP_015678696.1_15791	1038	996.901	158.333	14.7918
lcl|NW_015387937.1_cds_XP_015678697.1_15792	1038	996.901	158.333	14.7918
lcl|NW_015387937.1_cds_XP_015678699.1_15793	1038	996.901	158.333	14.7918
lcl|NW_015387937.1_cds_XP_029141347.1_15794	3534	3470.94	6	0.160992
lcl|NW_015387938.1_cds_XP_015678705.1_15795	684	632.339	287	42.2701
lcl|NW_015387938.1_cds_XP_015678701.1_15796	2484	2553.38	12.9072	0.470781
lcl|NW_015387938.1_cds_XP_015678700.1_15797	2499	2568.43	0.0632526	0.00229357
lcl|NW_015387938.1_cds_XP_015678702.1_15798	2502	2570.52	0.029511	0.00106921
lcl|NW_015387938.1_cds_XP_015678706.1_15799	639	617.797	390	58.7922
lcl|NW_015387938.1_cds_XP_029141348.1_15800	1179	1140.95	0	0
lcl|NW_015387939.1_cds_XP_015678707.1_15801	2667	2622.86	4	0.142032
lcl|NW_015387939.1_cds_XP_029141351.1_15802	1206	1180.86	37	2.91814
lcl|NW_015387939.1_cds_XP_029141349.1_15803	243	201.812	3	1.38445
lcl|NW_015387939.1_cds_XP_029141350.1_15804	699	642.783	3	0.434668
lcl|NW_015387940.1_cds_XP_015678717.2_15805	948	933.113	10.807	1.07863
lcl|NW_015387940.1_cds_XP_029141352.1_15806	1458	1428.79	51.7176	3.37109
lcl|NW_015387940.1_cds_XP_015678710.1_15807	1200	1131.04	10.3313	0.850703
lcl|NW_015387940.1_cds_XP_015678721.2_15808	1977	1924.5	18.1261	0.877176
lcl|NW_015387940.1_cds_XP_015678720.1_15809	1381	1354.75	37.0203	2.54497
lcl|NW_015387940.1_cds_XP_029141353.1_15810	1227	1188.95	0	0
lcl|NW_015387940.1_cds_XP_029141354.1_15811	735	696.949	0	0
lcl|NW_015387940.1_cds_XP_015678715.1_15812	1164	1125.95	0	0
lcl|NW_015387940.1_cds_XP_029141355.1_15813	2511	2472.95	0	0
lcl|NW_015387940.1_cds_XP_029141356.1_15814	2031	2028.66	1	0.0459085
lcl|NW_015387940.1_cds_XP_015678718.1_15815	1434	1332.78	24	1.67708
lcl|NW_015387940.1_cds_XP_015678716.1_15816	1014	930.026	18	1.80252
lcl|NW_015387941.1_cds_XP_015678724.1_15817	756	727.952	1.86141	0.238145
lcl|NW_015387942.1_cds_XP_015678726.1_15818	2889	2921.35	22	0.701359
lcl|NW_015387942.1_cds_XP_015678725.2_15819	1479	1480.87	4	0.251561
lcl|NW_015387942.1_cds_XP_015678727.1_15820	1902	1814.81	144	7.38981
lcl|NW_015387943.1_cds_XP_015678728.1_15821	1185	1143.22	120	9.77583
lcl|NW_015387944.1_cds_XP_015678730.1_15822	801	762.949	0	0
lcl|NW_015387944.1_cds_XP_015678731.1_15823	1467	1428.95	0	0
lcl|NW_015387945.1_cds_XP_015678732.1_15824	1479	1440.95	0	0
lcl|NW_015387945.1_cds_XP_015678733.1_15825	315	279.376	1	0.33336
lcl|NW_015387947.1_cds_XP_029141358.1_15826	657	614.01	16	2.42687
lcl|NW_015387947.1_cds_XP_015678735.2_15827	2124	2170.41	87	3.73318
lcl|NW_015387948.1_cds_XP_015678738.1_15828	726	672.515	2096	290.262
lcl|NW_015387948.1_cds_XP_029141359.1_15829	996	957.949	0	0
lcl|NW_015387948.1_cds_XP_029141360.1_15830	2853	2850.61	4	0.130685
lcl|NW_015387949.1_cds_XP_015678739.1_15831	2461	2502.62	173.252	6.44738
lcl|NW_015387950.1_cds_XP_015678740.1_15832	1941	1870.22	2	0.0995954
lcl|NW_015387951.1_cds_XP_015678741.1_15833	1977	1990.98	17	0.795213
lcl|NW_015387952.1_cds_XP_015678742.1_15834	771	732.949	0	0
lcl|NW_015387952.1_cds_XP_015678745.1_15835	312	241.413	9	3.47202
lcl|NW_015387952.1_cds_XP_015678747.1_15836	381	289.892	25.7062	8.25851
lcl|NW_015387952.1_cds_XP_015678749.1_15837	390	293.023	54	17.163
lcl|NW_015387952.1_cds_XP_015678752.1_15838	411	326.559	1	0.285193
lcl|NW_015387952.1_cds_XP_015678750.1_15839	384	291.494	0	0
lcl|NW_015387952.1_cds_XP_015678751.1_15840	312	273.949	0	0
lcl|NW_015387952.1_cds_XP_015678743.1_15841	390	351.949	0	0
lcl|NW_015387952.1_cds_XP_015678744.1_15842	381	289.828	0	0
lcl|NW_015387953.1_cds_XP_015678762.1_15843	366	318.895	299	87.3223
lcl|NW_015387953.1_cds_XP_029141363.1_15844	1518	1479.95	0	0
lcl|NW_015387953.1_cds_XP_015678754.2_15845	672	656.163	1	0.141935
lcl|NW_015387953.1_cds_XP_015678760.1_15846	1086	995.806	2	0.187049
lcl|NW_015387953.1_cds_XP_015678755.1_15847	4416	4354.54	7	0.149712
lcl|NW_015387953.1_cds_XP_015678756.1_15848	969	894.497	2	0.208234
lcl|NW_015387953.1_cds_XP_015678763.1_15849	591	533.504	795	138.781
lcl|NW_015387953.1_cds_XP_015678764.1_15850	3840	3556.92	57	1.49246
lcl|NW_015387953.1_cds_XP_015678757.1_15851	1920	1824.98	2	0.102064
lcl|NW_015387953.1_cds_XP_029141361.1_15852	783	726.424	5	0.641034
lcl|NW_015387953.1_cds_XP_029141362.1_15853	1905	1877.95	15	0.74389
lcl|NW_015387953.1_cds_XP_029141364.1_15854	1200	1103.18	3	0.253265
lcl|NW_015387957.1_cds_XP_029141365.1_15855	2142	2053.48	1	0.0453534
lcl|NW_015387957.1_cds_XP_015678767.1_15856	669	630.949	0	0
lcl|NW_015387957.1_cds_XP_015678768.1_15857	675	636.949	0	0
lcl|NW_015387957.1_cds_XP_029141366.1_15858	2112	2073.95	0	0
lcl|NW_015387957.1_cds_XP_029141367.1_15859	681	642.949	0	0
lcl|NW_015387958.1_cds_XP_015678771.1_15860	582	518.933	7	1.25628
lcl|NW_015387958.1_cds_XP_015678772.1_15861	1383	1321.43	13033	918.549
lcl|NW_015387959.1_cds_XP_015678773.1_15862	2520	2516.14	23	0.851322
lcl|NW_015387959.1_cds_XP_015678774.1_15863	1371	1366.43	228	15.5399
lcl|NW_015387959.1_cds_XP_015678775.1_15864	3090	3131.03	4857	144.471
lcl|NW_015387960.1_cds_XP_015678776.1_15865	1302	1298.48	1	0.0717245
lcl|NW_015387960.1_cds_XP_029141368.1_15866	1065	1002.95	8	0.742871
lcl|NW_015387960.1_cds_XP_015678780.1_15867	585	492.776	1968	371.944
lcl|NW_015387960.1_cds_XP_015678777.1_15868	360	281.682	0	0
lcl|NW_015387960.1_cds_XP_015678779.2_15869	989	976.095	236.782	22.5922
lcl|NW_015387960.1_cds_XP_015678782.1_15870	531	471.58	1358	268.192
lcl|NW_015387960.1_cds_XP_015678783.1_15871	2376	2311.74	778	31.3431
lcl|NW_015387960.1_cds_XP_015678784.1_15872	1164	1129.05	162	13.363
lcl|NW_015387961.1_cds_XP_015678786.1_15873	1749	1710.95	0	0
lcl|NW_015387961.1_cds_XP_015678785.1_15874	2703	2787.03	47	1.57057
lcl|NW_015387962.1_cds_XP_015678787.1_15875	3741	3673.05	4	0.101423
lcl|NW_015387962.1_cds_XP_015678791.1_15876	807	741.635	93	11.6787
lcl|NW_015387962.1_cds_XP_015678792.1_15877	1332	1268.7	241	17.6913
lcl|NW_015387962.1_cds_XP_015678790.1_15878	597	533.587	11	1.91994
lcl|NW_015387962.1_cds_XP_029141369.1_15879	3981	3811.66	5	0.122168
lcl|NW_015387964.1_cds_XP_015678793.1_15880	540	487.412	22	4.20366
lcl|NW_015387964.1_cds_XP_029141370.1_15881	1776	1789.34	19	0.988924
lcl|NW_015387964.1_cds_XP_029141371.1_15882	1191	1169.4	21	1.67247
lcl|NW_015387965.1_cds_XP_015678797.1_15883	627	622.529	8	1.19683
lcl|NW_015387965.1_cds_XP_015678798.1_15884	435	430.984	974	210.474
lcl|NW_015387965.1_cds_XP_015678800.1_15885	429	383.525	107	25.9831
lcl|NW_015387965.1_cds_XP_015678801.1_15886	963	939.614	22	2.18059
lcl|NW_015387965.1_cds_XP_015678796.1_15887	1878	1867.34	5	0.249372
lcl|NW_015387967.1_cds_XP_015678805.1_15888	1248	1016.14	3	0.27496
lcl|NW_015387967.1_cds_XP_029141372.1_15889	2385	2346.95	0	0
lcl|NW_015387967.1_cds_XP_015678803.1_15890	759	720.949	0	0
lcl|NW_015387967.1_cds_XP_015678806.1_15891	495	417.458	75.8851	16.9296
lcl|NW_015387967.1_cds_XP_015678804.1_15892	1455	1416.95	0	0
lcl|NW_015387967.1_cds_XP_015678807.1_15893	1065	978.344	51	4.8549
lcl|NW_015387967.1_cds_XP_015678808.1_15894	1929	1772.02	87	4.57248
lcl|NW_015387967.1_cds_XP_015678812.1_15895	1389	1201.98	17	1.3172
lcl|NW_015387967.1_cds_XP_015678811.2_15896	831	792.949	0	0
lcl|NW_015387968.1_cds_XP_015678814.1_15897	747	649.993	12	1.71939
lcl|NW_015387968.1_cds_XP_015678815.1_15898	900	808.469	2	0.230392
lcl|NW_015387968.1_cds_XP_015678817.1_15899	357	284.5	265	86.749
lcl|NW_015387968.1_cds_XP_015678816.1_15900	357	287.432	0	0
lcl|NW_015387968.1_cds_XP_015678813.1_15901	2754	2715.95	0	0
lcl|NW_015387968.1_cds_XP_029141373.1_15902	4122	3971.58	9	0.211048
lcl|NW_015387969.1_cds_XP_029141374.1_15903	969	945.026	1	0.0985502
lcl|NW_015387969.1_cds_XP_015678821.1_15904	1005	993.661	211	19.7763
lcl|NW_015387969.1_cds_XP_015678819.1_15905	813	746.16	7.95771	0.993247
lcl|NW_015387969.1_cds_XP_015678822.1_15906	1218	1162.27	2528	202.568
lcl|NW_015387970.1_cds_XP_015678823.1_15907	816	815.442	31	3.54054
lcl|NW_015387970.1_cds_XP_015678824.1_15908	615	576.949	0	0
lcl|NW_015387970.1_cds_XP_015678825.1_15909	1677	1587.32	8	0.469381
lcl|NW_015387970.1_cds_XP_015678826.1_15910	606	601.579	27	4.17996
lcl|NW_015387971.1_cds_XP_015678832.1_15911	666	600.81	1132.15	175.497
lcl|NW_015387971.1_cds_XP_015678827.2_15912	753	707.477	161.32	21.2362
lcl|NW_015387971.1_cds_XP_015678830.1_15913	357	307.337	32.7261	9.91702
lcl|NW_015387971.1_cds_XP_015678829.1_15914	360	309.95	367.882	110.54
lcl|NW_015387971.1_cds_XP_029141375.1_15915	738	699.949	0	0
lcl|NW_015387972.1_cds_XP_029141376.1_15916	549	501.111	292	54.2688
lcl|NW_015387972.1_cds_XP_015678836.1_15917	1581	1486.02	465	29.1428
lcl|NW_015387972.1_cds_XP_015678835.1_15918	699	603.701	2	0.308538
lcl|NW_015387973.1_cds_XP_015678837.1_15919	1668	1597.12	82	4.78165
lcl|NW_015387974.1_cds_XP_015678838.1_15920	597	569.863	1875	306.431
lcl|NW_015387976.1_cds_XP_015678839.1_15921	963	941.887	10.038	0.992542
lcl|NW_015387976.1_cds_XP_015678840.1_15922	1386	1386.65	43.962	2.95265
lcl|NW_015387976.1_cds_XP_015678842.1_15923	426	357.342	769.563	200.568
lcl|NW_015387976.1_cds_XP_015678844.1_15924	426	361.116	297.218	76.6531
lcl|NW_015387976.1_cds_XP_015678841.1_15925	426	361.116	297.218	76.6531
lcl|NW_015387976.1_cds_XP_029141377.1_15926	2043	2056.64	60	2.71702
lcl|NW_015387977.1_cds_XP_015678847.1_15927	999	960.949	0	0
lcl|NW_015387977.1_cds_XP_029141378.1_15928	2019	2014.16	273	12.6232
lcl|NW_015387977.1_cds_XP_029141379.1_15929	630	538.015	735.925	127.391
lcl|NW_015387977.1_cds_XP_029141380.1_15930	561	499.413	7.07536	1.31944
lcl|NW_015387978.1_cds_XP_029141384.1_15931	1986	1763.04	1445	76.3323
lcl|NW_015387978.1_cds_XP_015678848.1_15932	1599	1462.41	16	1.01895
lcl|NW_015387978.1_cds_XP_029141381.1_15933	624	585.949	0	0
lcl|NW_015387978.1_cds_XP_029141383.1_15934	1216	1177.95	0	0
lcl|NW_015387979.1_cds_XP_015678852.1_15935	4179	4281.41	172	3.74147
lcl|NW_015387979.1_cds_XP_029141385.1_15936	2487	2448.95	0	0
lcl|NW_015387980.1_cds_XP_015678853.1_15937	663	655.373	5	0.71053
lcl|NW_015387981.1_cds_XP_029141386.1_15938	1395	1327.56	26	1.82398
lcl|NW_015387981.1_cds_XP_015678855.1_15939	3000	2961.95	0	0
lcl|NW_015387982.1_cds_XP_015678857.1_15940	501	459.044	21	4.26056
lcl|NW_015387982.1_cds_XP_015678858.1_15941	936	835.509	2	0.222936
lcl|NW_015387982.1_cds_XP_015678862.1_15942	489	432.351	58	12.4938
lcl|NW_015387982.1_cds_XP_015678863.1_15943	1995	1858.86	5	0.25051
lcl|NW_015387982.1_cds_XP_029141387.1_15944	2616	2577.95	0	0
lcl|NW_015387982.1_cds_XP_015678861.1_15945	390	351.949	0	0
lcl|NW_015387983.1_cds_XP_015678866.1_15946	1404	1367.27	307	20.9115
lcl|NW_015387983.1_cds_XP_015678868.1_15947	840	794.784	79.9363	9.36691
lcl|NW_015387983.1_cds_XP_015678867.1_15948	2496	2410.59	651.064	25.1536
lcl|NW_015387983.1_cds_XP_015678864.1_15949	2223	2250.64	90	3.72425
lcl|NW_015387983.1_cds_XP_015678869.1_15950	1593	1602.7	211	12.2611
lcl|NW_015387984.1_cds_XP_015678870.1_15951	2628	2621.56	100	3.55256
lcl|NW_015387984.1_cds_XP_015678871.1_15952	1623	1584.95	0	0
lcl|NW_015387987.1_cds_XP_015678874.1_15953	1383	1362.59	230.109	15.7278
lcl|NW_015387987.1_cds_XP_015678875.1_15954	1371	1343.21	87.834	6.09002
lcl|NW_015387987.1_cds_XP_029141388.1_15955	3129	3090.95	0	0
lcl|NW_015387987.1_cds_XP_015678877.1_15956	498	444.878	7	1.46541
lcl|NW_015387987.1_cds_XP_015678878.1_15957	498	444.878	7	1.46541
lcl|NW_015387987.1_cds_XP_015678873.1_15958	1407	1368.95	0	0
lcl|NW_015387989.1_cds_XP_015678881.1_15959	1599	1595.62	11	0.642042
lcl|NW_015387989.1_cds_XP_015678883.1_15960	1023	930.118	4	0.400519
lcl|NW_015387989.1_cds_XP_029141389.1_15961	789	702.206	1	0.132628
lcl|NW_015387989.1_cds_XP_015678880.2_15962	3939	3436.73	4	0.108397
lcl|NW_015387989.1_cds_XP_015678884.1_15963	3369	3194.46	0	0
lcl|NW_015387989.1_cds_XP_015678887.1_15964	3363	3182.47	0	0
lcl|NW_015387989.1_cds_XP_015678886.1_15965	3246	3052.59	16	0.488149
lcl|NW_015387989.1_cds_XP_015678885.1_15966	3357	3172.35	0	0
lcl|NW_015387989.1_cds_XP_015678882.1_15967	1215	1161.16	2	0.160413
lcl|NW_015387990.1_cds_XP_029141390.1_15968	2154	2209.42	40.8346	1.72127
lcl|NW_015387990.1_cds_XP_015678895.1_15969	1968	1968.45	35.4844	1.67886
lcl|NW_015387990.1_cds_XP_015678890.1_15970	2133	2094.95	0	0
lcl|NW_015387990.1_cds_XP_029141391.1_15971	1428	1389.95	0	0
lcl|NW_015387990.1_cds_XP_015678893.1_15972	846	794.589	7	0.820459
lcl|NW_015387990.1_cds_XP_015678894.1_15973	1665	1534.89	14	0.84948
lcl|NW_015387991.1_cds_XP_029141393.1_15974	1260	1175.64	49.8911	3.95232
lcl|NW_015387991.1_cds_XP_029141397.1_15975	1899	2012.33	20.698	0.957923
lcl|NW_015387991.1_cds_XP_029141394.1_15976	756	713.662	13	1.69649
lcl|NW_015387991.1_cds_XP_029141395.1_15977	4020	4077.72	18.264	0.417139
lcl|NW_015387991.1_cds_XP_029141396.1_15978	5016	5248.13	50.7293	0.900234
lcl|NW_015387991.1_cds_XP_015678902.1_15979	2475	2467.01	91.4509	3.45238
lcl|NW_015387991.1_cds_XP_029141398.1_15980	243	223.829	48	19.9722
lcl|NW_015387991.1_cds_XP_015678898.1_15981	636	618.451	17	2.56003
lcl|NW_015387992.1_cds_XP_029141400.1_15982	1317	1269.49	4	0.293448
lcl|NW_015387992.1_cds_XP_029141399.1_15983	708	669.949	0	0
lcl|NW_015387993.1_cds_XP_029141403.1_15984	1059	946.203	282	27.7566
lcl|NW_015387993.1_cds_XP_015678908.1_15985	2607	2568.95	0	0
lcl|NW_015387993.1_cds_XP_015678906.1_15986	1410	1371.95	0	0
lcl|NW_015387993.1_cds_XP_029141401.1_15987	1896	1857.95	0	0
lcl|NW_015387993.1_cds_XP_029141402.1_15988	888	849.949	0	0
lcl|NW_015387994.1_cds_XP_015678910.1_15989	571	531.893	1	0.175096
lcl|NW_015387994.1_cds_XP_029141404.1_15990	2118	2032.29	2.71479	0.124409
lcl|NW_015387994.1_cds_XP_015678912.2_15991	2329	2204.84	41	1.73184
lcl|NW_015387995.1_cds_XP_015678913.1_15992	549	507.178	5	0.918143
lcl|NW_015387996.1_cds_XP_029141406.1_15993	627	575.126	4	0.647736
lcl|NW_015387996.1_cds_XP_015678917.1_15994	1893	1842.02	3	0.15168
lcl|NW_015387997.1_cds_XP_015678918.1_15995	529	490.544	4	0.759422
lcl|NW_015387998.1_cds_XP_015678923.1_15996	2469	2501.32	10	0.372333
lcl|NW_015387998.1_cds_XP_015678920.1_15997	1671	1626.36	1	0.0572645
lcl|NW_015387998.1_cds_XP_015678921.1_15998	1113	1074.95	0	0
lcl|NW_015387998.1_cds_XP_015678922.1_15999	642	533.74	9	1.57041
lcl|NW_015387999.1_cds_XP_029141407.1_16000	1362	1321.31	1	0.0704848
lcl|NW_015388002.1_cds_XP_015678925.1_16001	1689	1631.34	2.61421	0.149244
lcl|NW_015388003.1_cds_XP_015678926.1_16002	3651	3515.13	393	10.4124
lcl|NW_015388004.1_cds_XP_015678928.1_16003	558	519.949	0	0
lcl|NW_015388004.1_cds_XP_015678929.1_16004	558	519.949	0	0
lcl|NW_015388004.1_cds_XP_015678930.1_16005	558	519.949	0	0
lcl|NW_015388004.1_cds_XP_015678931.1_16006	558	519.949	0	0
lcl|NW_015388004.1_cds_XP_015678933.1_16007	555	516.949	0	0
lcl|NW_015388004.1_cds_XP_015678934.1_16008	561	522.949	0	0
lcl|NW_015388004.1_cds_XP_015678935.1_16009	558	519.949	0	0
lcl|NW_015388004.1_cds_XP_029141408.1_16010	570	531.949	0	0
lcl|NW_015388005.1_cds_XP_015678943.1_16011	3057	3082.7	123	3.716
lcl|NW_015388005.1_cds_XP_015678939.1_16012	1083	1063.63	325.186	28.4736
lcl|NW_015388005.1_cds_XP_015678937.1_16013	1131	1108.42	126.907	10.6631
lcl|NW_015388005.1_cds_XP_015678938.1_16014	1131	1108.42	126.907	10.6631
lcl|NW_015388005.1_cds_XP_015678941.1_16015	585	578.097	362.164	58.3453
lcl|NW_015388005.1_cds_XP_015678940.1_16016	582	573.803	17.8357	2.89487
lcl|NW_015388005.1_cds_XP_015678942.1_16017	768	717.666	1036	134.443
lcl|NW_015388005.1_cds_XP_015678944.1_16018	3867	3850.47	672	16.2539
lcl|NW_015388005.1_cds_XP_015678936.1_16019	987	901.386	2	0.206643
lcl|NW_015388006.1_cds_XP_015678945.1_16020	690	651.949	0	0
lcl|NW_015388006.1_cds_XP_015678946.1_16021	699	661.854	1.36379	0.191905
lcl|NW_015388006.1_cds_XP_015678953.1_16022	690	648.611	549.453	78.8946
lcl|NW_015388006.1_cds_XP_029141409.1_16023	678	597.632	8	1.24669
lcl|NW_015388006.1_cds_XP_015678947.1_16024	618	554.28	1	0.168024
lcl|NW_015388006.1_cds_XP_015678948.1_16025	672	633.949	0	0
lcl|NW_015388006.1_cds_XP_015678949.1_16026	618	579.949	0	0
lcl|NW_015388006.1_cds_XP_015678950.1_16027	456	370.633	3	0.753839
lcl|NW_015388006.1_cds_XP_029141410.1_16028	4128	3842.88	2	0.0484702
lcl|NW_015388006.1_cds_XP_015678955.1_16029	600	506.652	1369	251.649
lcl|NW_015388006.1_cds_XP_015678952.1_16030	1647	1424.33	15	0.980804
lcl|NW_015388006.1_cds_XP_029141411.1_16031	1013	974.949	0	0
lcl|NW_015388007.1_cds_XP_015678956.1_16032	2271	2254.62	81	3.34589
lcl|NW_015388007.1_cds_XP_015678959.1_16033	408	339.725	3118	854.772
lcl|NW_015388007.1_cds_XP_015678960.1_16034	1983	1938.2	35	1.68179
lcl|NW_015388007.1_cds_XP_015678961.1_16035	1299	1268.87	25.6667	1.88388
lcl|NW_015388007.1_cds_XP_015678962.1_16036	1299	1268.87	25.6667	1.88388
lcl|NW_015388007.1_cds_XP_029141412.1_16037	1299	1268.87	25.6667	1.88388
lcl|NW_015388007.1_cds_XP_015678965.1_16038	3720	3747.4	0	0
lcl|NW_015388007.1_cds_XP_015678968.1_16039	3552	3580.09	145	3.77203
lcl|NW_015388007.1_cds_XP_015678958.1_16040	1059	1020.95	0	0
lcl|NW_015388007.1_cds_XP_015678957.1_16041	4689	4798.16	23	0.446431
lcl|NW_015388009.1_cds_XP_015678969.1_16042	2223	2204.69	7	0.2957
lcl|NW_015388010.1_cds_XP_029141413.1_16043	726	687.949	0	0
lcl|NW_015388010.1_cds_XP_015678970.1_16044	687	648.949	0	0
lcl|NW_015388010.1_cds_XP_029141414.1_16045	1122	1083.95	0	0
lcl|NW_015388011.1_cds_XP_015678973.1_16046	885	824.952	70	7.90261
lcl|NW_015388011.1_cds_XP_015678974.1_16047	1845	1851.24	252	12.6777
lcl|NW_015388011.1_cds_XP_015678975.1_16048	1038	919.713	23	2.32904
lcl|NW_015388011.1_cds_XP_029141415.1_16049	2091	2052.95	0	0
lcl|NW_015388012.1_cds_XP_015678976.1_16050	1757	1680.5	77	4.2673
lcl|NW_015388012.1_cds_XP_015678978.1_16051	1602	1560.85	10.4674	0.624569
lcl|NW_015388012.1_cds_XP_015678980.1_16052	1443	1411.73	20.3866	1.34491
lcl|NW_015388012.1_cds_XP_015678979.1_16053	1233	1222.58	165.146	12.5803
lcl|NW_015388013.1_cds_XP_029141416.1_16054	1323	1284.95	0	0
lcl|NW_015388013.1_cds_XP_015678981.1_16055	912	834.484	550.658	61.4561
lcl|NW_015388013.1_cds_XP_015678982.1_16056	834	749.678	0	0
lcl|NW_015388013.1_cds_XP_015678983.1_16057	828	752.503	22.3418	2.76511
lcl|NW_015388014.1_cds_XP_015678984.1_16058	1545	1530.07	59	3.59122
lcl|NW_015388014.1_cds_XP_015678985.1_16059	1548	1515.46	384	23.5986
lcl|NW_015388016.1_cds_XP_015678986.1_16060	1158	1180.46	233	18.3825
lcl|NW_015388017.1_cds_XP_015678987.1_16061	1431	1404.78	6719	445.448
lcl|NW_015388017.1_cds_XP_015678989.1_16062	1371	1309.22	250	17.784
lcl|NW_015388019.1_cds_XP_015678990.1_16063	1149	1107.95	1	0.0840582
lcl|NW_015388019.1_cds_XP_015678991.1_16064	1038	1054.47	37.2844	3.29303
lcl|NW_015388019.1_cds_XP_015678992.1_16065	930	941.34	54.7156	5.41335
lcl|NW_015388020.1_cds_XP_015678993.1_16066	681	643.908	16	2.31418
lcl|NW_015388022.1_cds_XP_015678996.1_16067	936	953.319	72	7.03389
lcl|NW_015388022.1_cds_XP_015678994.1_16068	1395	1353.95	3	0.206357
lcl|NW_015388022.1_cds_XP_015678998.1_16069	1395	1356.35	345	23.6891
lcl|NW_015388022.1_cds_XP_015678995.1_16070	537	527.3	141.297	24.9562
lcl|NW_015388023.1_cds_XP_015678999.1_16071	1812	1877.88	2	0.0991892
lcl|NW_015388023.1_cds_XP_015679000.1_16072	1521	1482.95	0	0
lcl|NW_015388023.1_cds_XP_029141417.1_16073	2190	2151.95	0	0
lcl|NW_015388023.1_cds_XP_015679002.1_16074	2193	2154.95	0	0
lcl|NW_015388023.1_cds_XP_015679003.1_16075	2208	2279.68	8	0.326827
lcl|NW_015388023.1_cds_XP_015679010.1_16076	741	685.615	190	25.8092
lcl|NW_015388023.1_cds_XP_015679004.1_16077	711	672.949	0	0
lcl|NW_015388023.1_cds_XP_015679007.1_16078	2649	2610.95	0	0
lcl|NW_015388023.1_cds_XP_015679005.1_16079	6906	7079.99	62	0.815568
lcl|NW_015388025.1_cds_XP_015679011.1_16080	1305	1290.83	146.333	10.5578
lcl|NW_015388025.1_cds_XP_015679012.1_16081	1305	1290.83	146.333	10.5578
lcl|NW_015388025.1_cds_XP_015679013.1_16082	1305	1290.83	146.333	10.5578
lcl|NW_015388025.1_cds_XP_015679015.1_16083	1218	1259.8	201	14.8593
lcl|NW_015388027.1_cds_XP_029141418.1_16084	1450	1423.02	16	1.04715
lcl|NW_015388028.1_cds_XP_015679016.1_16085	2418	2284.34	4	0.16308
lcl|NW_015388029.1_cds_XP_015679017.1_16086	780	695.309	11	1.47339
lcl|NW_015388029.1_cds_XP_015679019.1_16087	2091	2076.06	295	13.2338
lcl|NW_015388029.1_cds_XP_029141419.1_16088	1047	997.268	2	0.186775
lcl|NW_015388030.1_cds_XP_015679021.1_16089	2433	2328.65	2	0.0799883
lcl|NW_015388030.1_cds_XP_015679023.1_16090	2097	2030.17	126.961	5.82425
lcl|NW_015388030.1_cds_XP_029141420.1_16091	2097	2030.79	0.0389851	0.00178787
lcl|NW_015388030.1_cds_XP_015679024.1_16092	582	529.606	47	8.26506
lcl|NW_015388030.1_cds_XP_015679020.1_16093	1104	1105.97	7	0.58946
lcl|NW_015388030.1_cds_XP_029141421.1_16094	1710	1705.2	125	6.82709
lcl|NW_015388030.1_cds_XP_015679025.2_16095	3879	3833	35	0.850413
lcl|NW_015388031.1_cds_XP_015679028.1_16096	587	575.403	3	0.485568
lcl|NW_015388032.1_cds_XP_015679029.1_16097	915	864.984	120.123	12.9335
lcl|NW_015388032.1_cds_XP_015679033.1_16098	1074	1020.78	130.714	11.926
lcl|NW_015388032.1_cds_XP_015679035.1_16099	1587	1474.44	151.218	9.55168
lcl|NW_015388032.1_cds_XP_029141424.1_16100	783	754.423	1	0.123449
lcl|NW_015388032.1_cds_XP_029141422.1_16101	1242	1170.8	29.777	2.36865
lcl|NW_015388032.1_cds_XP_015679032.1_16102	507	445.027	2.77609	0.580963
lcl|NW_015388032.1_cds_XP_015679036.1_16103	1701	1614.2	10	0.576957
lcl|NW_015388032.1_cds_XP_029141423.1_16104	4836	4522.41	1	0.0205935
lcl|NW_015388033.1_cds_XP_015679037.1_16105	312	286.78	2	0.649504
lcl|NW_015388034.1_cds_XP_029141425.1_16106	2379	2411.1	5	0.193133
lcl|NW_015388034.1_cds_XP_015679039.1_16107	5586	5593.88	248	4.12895
lcl|NW_015388034.1_cds_XP_015679040.1_16108	1077	1012.1	34	3.12865
lcl|NW_015388035.1_cds_XP_029141426.1_16109	2014	1809.19	20	1.02955
lcl|NW_015388035.1_cds_XP_015679046.1_16110	633	581.576	259	41.4758
lcl|NW_015388035.1_cds_XP_015679043.1_16111	1785	1592.31	417	24.3899
lcl|NW_015388035.1_cds_XP_015679044.1_16112	1671	1632.95	0	0
lcl|NW_015388035.1_cds_XP_029141427.1_16113	1239	1200.95	0	0
lcl|NW_015388035.1_cds_XP_015679048.1_16114	2790	2765	81	2.72829
lcl|NW_015388035.1_cds_XP_015679049.1_16115	1665	1514.73	83.6699	5.14442
lcl|NW_015388035.1_cds_XP_015679047.1_16116	267	228.949	0	0
lcl|NW_015388037.1_cds_XP_015679050.1_16117	1821	1828.52	430	21.9013
lcl|NW_015388039.1_cds_XP_015679051.2_16118	3720	3844.22	16.9619	0.410931
lcl|NW_015388039.1_cds_XP_029141428.1_16119	2031	2061.47	444	20.0589
lcl|NW_015388039.1_cds_XP_015679055.1_16120	3456	3435.61	1409	38.1951
lcl|NW_015388039.1_cds_XP_015679056.1_16121	672	627.652	74.5	11.0545
lcl|NW_015388039.1_cds_XP_015679057.1_16122	672	627.652	74.5	11.0545
lcl|NW_015388039.1_cds_XP_015679053.1_16123	2955	2953.49	1	0.031533
lcl|NW_015388039.1_cds_XP_015679058.1_16124	396	345.024	67	18.0853
lcl|NW_015388041.1_cds_XP_029141429.1_16125	711	672.949	0	0
lcl|NW_015388041.1_cds_XP_015679061.1_16126	1077	1027.92	4	0.36241
lcl|NW_015388041.1_cds_XP_015679059.1_16127	3711	3672.95	0	0
lcl|NW_015388041.1_cds_XP_015679062.1_16128	1128	1034.41	16	1.44055
lcl|NW_015388043.1_cds_XP_015679063.1_16129	846	799.714	231	26.9016
lcl|NW_015388043.1_cds_XP_015679064.1_16130	9024	9224.57	747	7.54182
lcl|NW_015388043.1_cds_XP_015679066.1_16131	567	520.794	189	33.7985
lcl|NW_015388043.1_cds_XP_015679065.1_16132	597	548.871	0	0
lcl|NW_015388043.1_cds_XP_015679067.1_16133	2307	2263.49	335	13.7837
lcl|NW_015388044.1_cds_XP_029141430.1_16134	933	903.688	34	3.50398
lcl|NW_015388044.1_cds_XP_015679069.1_16135	1350	1304.94	1.4169	0.101123
lcl|NW_015388044.1_cds_XP_015679074.1_16136	1350	1319.07	77.5831	5.47775
lcl|NW_015388044.1_cds_XP_015679071.1_16137	1206	1183.06	11	0.865936
lcl|NW_015388044.1_cds_XP_015679075.1_16138	951	924.064	206	20.7619
lcl|NW_015388044.1_cds_XP_015679073.1_16139	783	741.626	17	2.13484
lcl|NW_015388045.1_cds_XP_015679076.1_16140	1431	1321.82	3	0.211373
lcl|NW_015388045.1_cds_XP_015679077.1_16141	795	720.947	15	1.93771
lcl|NW_015388045.1_cds_XP_015679078.1_16142	795	720.947	15	1.93771
lcl|NW_015388045.1_cds_XP_015679079.1_16143	1419	1315.01	30	2.12467
lcl|NW_015388045.1_cds_XP_015679080.1_16144	990	903.186	7	0.721809
lcl|NW_015388047.1_cds_XP_015679081.1_16145	231	192.949	0	0
lcl|NW_015388047.1_cds_XP_015679084.1_16146	819	833.569	111.659	12.4754
lcl|NW_015388047.1_cds_XP_029141431.1_16147	1422	1383.95	0	0
lcl|NW_015388049.1_cds_XP_015679086.1_16148	819	746.336	6	0.748718
lcl|NW_015388049.1_cds_XP_015679092.1_16149	1851	1701.39	47.4245	2.59597
lcl|NW_015388049.1_cds_XP_029141433.1_16150	714	675.949	0	0
lcl|NW_015388049.1_cds_XP_015679096.1_16151	2145	1922.61	20	0.968812
lcl|NW_015388049.1_cds_XP_029141434.1_16152	681	642.949	0	0
lcl|NW_015388049.1_cds_XP_015679088.1_16153	1791	1676.24	5	0.277801
lcl|NW_015388049.1_cds_XP_015679095.1_16154	702	589.612	2	0.315911
lcl|NW_015388049.1_cds_XP_015679097.1_16155	1218	1152.97	0	0
lcl|NW_015388049.1_cds_XP_015679098.1_16156	1176	1107.58	32	2.69077
lcl|NW_015388049.1_cds_XP_029141432.1_16157	1605	1566.95	0	0
lcl|NW_015388049.1_cds_XP_029141435.1_16158	3711	3672.95	0	0
lcl|NW_015388049.1_cds_XP_029141436.1_16159	1224	1185.95	0	0
lcl|NW_015388050.1_cds_XP_029141437.1_16160	2148	2109.95	0	0
lcl|NW_015388050.1_cds_XP_029141438.1_16161	1803	1764.95	0	0
lcl|NW_015388050.1_cds_XP_015679100.1_16162	993	923.106	222	22.3977
lcl|NW_015388050.1_cds_XP_015679102.1_16163	1764	1640.9	2	0.113514
lcl|NW_015388050.1_cds_XP_015679103.1_16164	2073	2034.95	0	0
lcl|NW_015388051.1_cds_XP_029141439.1_16165	1215	1084.91	5	0.429218
lcl|NW_015388051.1_cds_XP_015679105.2_16166	2286	2141.6	15	0.65231
lcl|NW_015388052.1_cds_XP_015679106.2_16167	1476	1455.54	2.24654	0.143745
lcl|NW_015388052.1_cds_XP_029141440.1_16168	1182	1114.29	25.7133	2.14913
lcl|NW_015388052.1_cds_XP_015679108.2_16169	1545	1474.14	17.5352	1.10783
lcl|NW_015388052.1_cds_XP_015679109.2_16170	1473	1422.53	9.68842	0.634299
lcl|NW_015388052.1_cds_XP_029141441.1_16171	1482	1412.2	2.38814	0.157494
lcl|NW_015388052.1_cds_XP_029141442.1_16172	1203	1164.95	0	0
lcl|NW_015388052.1_cds_XP_029141443.1_16173	1395	1356.95	0	0
lcl|NW_015388052.1_cds_XP_029141444.1_16174	1488	1447.51	1	0.0643397
lcl|NW_015388052.1_cds_XP_015679117.1_16175	2139	1982.45	26	1.22144
lcl|NW_015388052.1_cds_XP_029141445.1_16176	987	904.476	2	0.205937
lcl|NW_015388052.1_cds_XP_015679113.1_16177	4095	3922.33	3	0.0712326
lcl|NW_015388052.1_cds_XP_015679119.1_16178	1314	1246.05	307	22.9459
lcl|NW_015388052.1_cds_XP_015679114.1_16179	753	714.949	0	0
lcl|NW_015388054.1_cds_XP_015679120.1_16180	5778	5725.48	3.28361	0.0534123
lcl|NW_015388054.1_cds_XP_015679123.1_16181	6021	5939.91	2	0.0313583
lcl|NW_015388054.1_cds_XP_015679121.1_16182	3945	3805.45	23.6665	0.579201
lcl|NW_015388054.1_cds_XP_015679122.1_16183	1890	1903.93	36	1.76098
lcl|NW_015388054.1_cds_XP_015679124.1_16184	1809	1772.8	1	0.0525342
lcl|NW_015388056.1_cds_XP_015679127.1_16185	1170	1182.96	96	7.55793
lcl|NW_015388056.1_cds_XP_015679128.1_16186	1209	1151.89	149	12.0469
lcl|NW_015388056.1_cds_XP_015679125.1_16187	489	429.688	4	0.866977
lcl|NW_015388056.1_cds_XP_015679126.1_16188	942	893.442	80	8.33921
lcl|NW_015388057.1_cds_XP_015679133.1_16189	1049	992.004	1019	95.667
lcl|NW_015388057.1_cds_XP_015679132.1_16190	1434	1405.37	52	3.44599
lcl|NW_015388057.1_cds_XP_029141446.1_16191	2352	2397.5	1	0.0388456
lcl|NW_015388057.1_cds_XP_015679134.1_16192	1695	1667.96	77	4.29939
lcl|NW_015388057.1_cds_XP_029141447.1_16193	1185	1178.08	2	0.158109
lcl|NW_015388057.1_cds_XP_015679135.1_16194	1284	1255.21	318	23.5945
lcl|NW_015388058.1_cds_XP_015679138.1_16195	1623	1611.59	25	1.44473
lcl|NW_015388058.1_cds_XP_015679139.1_16196	603	529.014	28	4.92938
lcl|NW_015388058.1_cds_XP_015679140.1_16197	3453	3445.39	459	12.4073
lcl|NW_015388058.1_cds_XP_015679136.1_16198	1782	1672.64	13	0.723838
lcl|NW_015388058.1_cds_XP_015679142.1_16199	2472	2591.15	75	2.69569
lcl|NW_015388060.1_cds_XP_029141448.1_16200	1428	1441.65	6	0.387607
lcl|NW_015388060.1_cds_XP_015679143.1_16201	657	618.949	0	0
lcl|NW_015388060.1_cds_XP_015679144.1_16202	660	642.184	1	0.145025
lcl|NW_015388060.1_cds_XP_015679145.1_16203	2772	2762.36	3	0.101144
lcl|NW_015388062.1_cds_XP_015679146.1_16204	804	742.507	3.5204	0.441564
lcl|NW_015388062.1_cds_XP_015679147.1_16205	2154	2065.79	32.875	1.48211
lcl|NW_015388064.1_cds_XP_015679148.2_16206	2067	2036.07	3	0.137224
lcl|NW_015388065.1_cds_XP_015679153.1_16207	777	730.035	8164.06	1041.51
lcl|NW_015388065.1_cds_XP_015679151.1_16208	807	768.949	0	0
lcl|NW_015388065.1_cds_XP_015679154.1_16209	777	732.646	114	14.4915
lcl|NW_015388065.1_cds_XP_015679155.1_16210	300	258.07	388	140.022
lcl|NW_015388065.1_cds_XP_029141449.1_16211	1134	1131.46	51	4.1979
lcl|NW_015388065.1_cds_XP_015679157.1_16212	3054	2892.37	29	0.933782
lcl|NW_015388065.1_cds_XP_015679150.2_16213	1452	1413.95	0	0
lcl|NW_015388065.1_cds_XP_015679152.1_16214	663	624.949	0	0
lcl|NW_015388066.1_cds_XP_015679164.2_16215	1506	1436.84	272.372	17.6545
lcl|NW_015388066.1_cds_XP_015679163.2_16216	1458	1418.44	14.8337	0.973955
lcl|NW_015388066.1_cds_XP_029141451.1_16217	1398	1359.95	0	0
lcl|NW_015388066.1_cds_XP_015679159.2_16218	1476	1427.82	1.07141	0.0698849
lcl|NW_015388066.1_cds_XP_015679161.2_16219	1476	1437.95	0	0
lcl|NW_015388066.1_cds_XP_029141452.1_16220	1245	1206.95	0	0
lcl|NW_015388067.1_cds_XP_015679168.1_16221	342	295.22	514.876	162.427
lcl|NW_015388067.1_cds_XP_015679166.1_16222	858	821.82	0	0
lcl|NW_015388067.1_cds_XP_015679167.1_16223	732	698.755	4.08008	0.543807
lcl|NW_015388067.1_cds_XP_015679165.1_16224	1540	1501.95	0	0
lcl|NW_015388068.1_cds_XP_015679171.1_16225	1698	1674.43	599	33.3167
lcl|NW_015388068.1_cds_XP_015679173.1_16226	588	550.983	317	53.5824
lcl|NW_015388068.1_cds_XP_015679169.1_16227	942	939.104	32	3.1735
lcl|NW_015388068.1_cds_XP_029141453.1_16228	1557	1540.93	21	1.26922
lcl|NW_015388068.1_cds_XP_015679170.1_16229	759	740.365	8	1.00634
lcl|NW_015388070.1_cds_XP_015679175.1_16230	6333	6354.19	71	1.04064
lcl|NW_015388070.1_cds_XP_015679176.1_16231	2118	2046.79	315	14.3331
lcl|NW_015388070.1_cds_XP_015679177.1_16232	2496	2460.42	43	1.62765
lcl|NW_015388071.1_cds_XP_015679178.2_16233	489	450.949	0	0
lcl|NW_015388071.1_cds_XP_015679179.2_16234	1038	999.949	0	0
lcl|NW_015388073.1_cds_XP_015679180.1_16235	5277	5422.71	308	5.28975
lcl|NW_015388073.1_cds_XP_015679181.1_16236	1086	1092.13	2	0.170552
lcl|NW_015388073.1_cds_XP_015679182.1_16237	3717	3764.69	26	0.6432
lcl|NW_015388073.1_cds_XP_029141454.1_16238	1101	994.774	4	0.374487
lcl|NW_015388073.1_cds_XP_029141455.1_16239	3960	3954.91	46	1.08323
lcl|NW_015388074.1_cds_XP_015679185.1_16240	954	866.773	284	30.5151
lcl|NW_015388074.1_cds_XP_015679186.1_16241	873	820.788	48.6667	5.52207
lcl|NW_015388074.1_cds_XP_015679187.1_16242	873	820.788	48.6667	5.52207
lcl|NW_015388074.1_cds_XP_015679188.1_16243	873	820.788	48.6667	5.52207
lcl|NW_015388074.1_cds_XP_015679189.1_16244	5283	5285.32	10753	189.478
lcl|NW_015388074.1_cds_XP_015679190.1_16245	642	608.047	209	32.0118
lcl|NW_015388075.1_cds_XP_015679191.2_16246	642	561.168	100	16.5962
lcl|NW_015388075.1_cds_XP_015679195.1_16247	2049	1899.13	199	9.75885
lcl|NW_015388075.1_cds_XP_015679196.1_16248	2154	2059.43	679.667	30.7362
lcl|NW_015388075.1_cds_XP_015679197.1_16249	2154	2059.43	679.667	30.7362
lcl|NW_015388075.1_cds_XP_015679198.1_16250	2154	2059.43	679.667	30.7362
lcl|NW_015388075.1_cds_XP_015679194.1_16251	540	386.67	3	0.722574
lcl|NW_015388075.1_cds_XP_015679192.1_16252	1185	1102.1	1	0.0845049
lcl|NW_015388075.1_cds_XP_029141457.1_16253	4374	4227.35	185.84	4.09424
lcl|NW_015388075.1_cds_XP_029141456.1_16254	1506	1407.67	26.1597	1.73074
lcl|NW_015388075.1_cds_XP_015679193.1_16255	4914	4743.66	2	0.0392661
lcl|NW_015388075.1_cds_XP_015679200.1_16256	339	300.949	0	0
lcl|NW_015388075.1_cds_XP_015679202.1_16257	3240	3159.01	232	6.83973
lcl|NW_015388076.1_cds_XP_015679203.1_16258	481	442.949	0	0
lcl|NW_015388081.1_cds_XP_015679204.1_16259	765	726.949	0	0
lcl|NW_015388084.1_cds_XP_029141458.1_16260	1872	1833.95	0	0
lcl|NW_015388084.1_cds_XP_015679207.1_16261	489	401.697	26.9391	6.24577
lcl|NW_015388084.1_cds_XP_015679205.1_16262	435	348.721	14.634	3.90829
lcl|NW_015388084.1_cds_XP_015679209.1_16263	1821	1818.94	80	4.09612
lcl|NW_015388084.1_cds_XP_015679210.1_16264	840	705.202	53.4269	7.05583
lcl|NW_015388084.1_cds_XP_029141459.1_16265	7080	6699.44	14	0.194622
lcl|NW_015388084.1_cds_XP_015679208.2_16266	1332	1216.36	23.6392	1.80997
lcl|NW_015388085.1_cds_XP_015679212.1_16267	2418	2468.16	1	0.0377336
lcl|NW_015388086.1_cds_XP_015679218.1_16268	990	956.158	15	1.46104
lcl|NW_015388086.1_cds_XP_015679213.1_16269	1263	1224.95	0	0
lcl|NW_015388086.1_cds_XP_029141460.1_16270	501	492.544	2	0.378169
lcl|NW_015388086.1_cds_XP_015679216.1_16271	1245	1225.88	94	7.14137
lcl|NW_015388086.1_cds_XP_015679219.1_16272	2421	2412.15	53	2.04631
lcl|NW_015388086.1_cds_XP_015679217.1_16273	555	517.201	1	0.18007
lcl|NW_015388086.1_cds_XP_015679220.1_16274	570	515.768	451	81.4374
lcl|NW_015388086.1_cds_XP_015679214.1_16275	6450	6530.38	1649.13	23.519
lcl|NW_015388087.1_cds_XP_015679223.1_16276	1203	1059.82	4	0.351504
lcl|NW_015388087.1_cds_XP_015679225.1_16277	1083	1044.95	0	0
lcl|NW_015388087.1_cds_XP_015679224.1_16278	1083	1044.95	0	0
lcl|NW_015388087.1_cds_XP_015679226.1_16279	1149	1106.18	106	8.92441
lcl|NW_015388087.1_cds_XP_029141462.1_16280	2391	2369.8	5	0.196499
lcl|NW_015388087.1_cds_XP_015679227.2_16281	1113	1074.95	0	0
lcl|NW_015388088.1_cds_XP_015679228.1_16282	570	523.163	13.8289	2.4618
lcl|NW_015388088.1_cds_XP_015679229.1_16283	1851	1892.49	35.0351	1.72413
lcl|NW_015388089.1_cds_XP_015679231.1_16284	597	463.184	20	4.02141
lcl|NW_015388089.1_cds_XP_015679230.1_16285	1917	1801.75	5	0.258451
lcl|NW_015388090.1_cds_XP_015679235.1_16286	2040	1985.68	1	0.046902
lcl|NW_015388090.1_cds_XP_029141463.1_16287	3349	3397.77	52	1.42531
lcl|NW_015388090.1_cds_XP_015679236.1_16288	1140	1096.33	4	0.339796
lcl|NW_015388090.1_cds_XP_029141464.1_16289	2526	2460.05	1	0.0378579
lcl|NW_015388091.1_cds_XP_029141465.1_16290	1365	1326.95	0	0
lcl|NW_015388091.1_cds_XP_015679237.1_16291	702	663.949	0	0
lcl|NW_015388091.1_cds_XP_029141466.1_16292	963	924.949	0	0
lcl|NW_015388092.1_cds_XP_015679241.1_16293	9210	9485.44	88	0.864025
lcl|NW_015388092.1_cds_XP_015679244.1_16294	1260	1192.36	24	1.87459
lcl|NW_015388092.1_cds_XP_015679242.1_16295	3036	3036.83	6	0.184006
lcl|NW_015388092.1_cds_XP_015679247.1_16296	528	487.217	30	5.73456
lcl|NW_015388092.1_cds_XP_015679248.1_16297	528	487.217	30	5.73456
lcl|NW_015388092.1_cds_XP_029141467.1_16298	493	436.837	11	2.34517
lcl|NW_015388093.1_cds_XP_015679251.1_16299	1908	2047.02	346	15.7418
lcl|NW_015388093.1_cds_XP_015679252.1_16300	3180	3299.39	2471	69.7493
lcl|NW_015388093.1_cds_XP_015679253.1_16301	861	864.873	4772	513.865
lcl|NW_015388093.1_cds_XP_029141469.1_16302	4107	4135.88	26.2306	0.590665
lcl|NW_015388093.1_cds_XP_029141468.1_16303	3060	3074.55	2	0.0605829
lcl|NW_015388093.1_cds_XP_015679250.1_16304	723	675.233	1	0.137926
lcl|NW_015388094.1_cds_XP_015679255.2_16305	1662	1704.66	2492	136.148
lcl|NW_015388094.1_cds_XP_029141470.1_16306	2670	2631.95	0	0
lcl|NW_015388095.1_cds_XP_015679258.1_16307	1368	1322.04	75	5.28344
lcl|NW_015388096.1_cds_XP_029141471.1_16308	1287	1235.57	1	0.0753763
lcl|NW_015388096.1_cds_XP_015679259.1_16309	693	654.949	0	0
lcl|NW_015388096.1_cds_XP_015679260.1_16310	831	742.709	187	23.449
lcl|NW_015388097.1_cds_XP_015679261.1_16311	4374	4440.71	24	0.503339
lcl|NW_015388099.1_cds_XP_015679262.2_16312	1245	1271.15	4	0.293066
lcl|NW_015388099.1_cds_XP_015679263.1_16313	735	691.631	218	29.3551
lcl|NW_015388100.1_cds_XP_015679264.1_16314	324	285.949	0	0
lcl|NW_015388100.1_cds_XP_015679265.1_16315	1398	1222.49	85	6.47554
lcl|NW_015388100.1_cds_XP_015679266.1_16316	2505	2507.4	6	0.222858
lcl|NW_015388101.1_cds_XP_029141473.1_16317	1320	1281.95	0	0
lcl|NW_015388101.1_cds_XP_029141474.1_16318	2865	2826.95	0	0
lcl|NW_015388101.1_cds_XP_029141475.1_16319	810	771.949	0	0
lcl|NW_015388102.1_cds_XP_015679268.1_16320	807	768.949	0	0
lcl|NW_015388102.1_cds_XP_015679269.1_16321	1299	1292.24	86	6.19807
lcl|NW_015388104.1_cds_XP_015679272.1_16322	2346	2407.93	138.884	5.37166
lcl|NW_015388104.1_cds_XP_015679271.1_16323	2370	2437.67	119.273	4.55691
lcl|NW_015388105.1_cds_XP_029141476.1_16324	2292	2225.8	21	0.878687
lcl|NW_015388105.1_cds_XP_015679276.1_16325	2106	2155.52	230	9.93752
lcl|NW_015388105.1_cds_XP_015679277.1_16326	1299	1281.79	120.484	8.75415
lcl|NW_015388105.1_cds_XP_015679275.2_16327	1128	1125.96	4.4146	0.365148
lcl|NW_015388105.1_cds_XP_015679279.2_16328	1410	1409.07	2.71514	0.179458
lcl|NW_015388105.1_cds_XP_015679280.1_16329	1860	1906.74	862	42.1033
lcl|NW_015388105.1_cds_XP_015679281.1_16330	585	525.886	6	1.06258
lcl|NW_015388105.1_cds_XP_029141477.1_16331	2592	2533.66	1	0.0367581
lcl|NW_015388106.1_cds_XP_029141478.1_16332	2238	2190.6	9	0.382632
lcl|NW_015388107.1_cds_XP_015679284.1_16333	675	593.448	2.6034	0.408563
lcl|NW_015388107.1_cds_XP_029141479.1_16334	3105	3143.03	29	0.859313
lcl|NW_015388107.1_cds_XP_015679286.1_16335	336	280.246	17	5.64951
lcl|NW_015388107.1_cds_XP_015679287.1_16336	294	243.208	0	0
lcl|NW_015388107.1_cds_XP_015679288.1_16337	1959	2103.3	209	9.25434
lcl|NW_015388107.1_cds_XP_015679289.1_16338	1809	1927.65	0	0
lcl|NW_015388107.1_cds_XP_015679283.1_16339	274	236.105	17	6.70571
lcl|NW_015388110.1_cds_XP_015679291.1_16340	321	282.949	0	0
lcl|NW_015388110.1_cds_XP_015679292.1_16341	2409	2448.89	1.46772e-06	5.58184e-08
lcl|NW_015388110.1_cds_XP_029141480.1_16342	2379	2409.28	3	0.115967
lcl|NW_015388111.1_cds_XP_015679295.1_16343	2475	2467.57	35.2119	1.32899
lcl|NW_015388113.1_cds_XP_015679296.1_16344	1080	999.345	5	0.465968
lcl|NW_015388114.1_cds_XP_015679297.1_16345	702	663.949	0	0
lcl|NW_015388116.1_cds_XP_015679298.2_16346	699	638.627	3	0.437497
lcl|NW_015388118.1_cds_XP_015679304.1_16347	1125	1129.81	1.05744e-06	8.71669e-08
lcl|NW_015388118.1_cds_XP_015679305.1_16348	1149	1155.21	99	7.98132
lcl|NW_015388118.1_cds_XP_015679306.1_16349	1005	961.085	220	21.3188
lcl|NW_015388118.1_cds_XP_015679307.1_16350	3570	3726.98	77	1.92413
lcl|NW_015388118.1_cds_XP_015679300.1_16351	4476	4409.62	15	0.316805
lcl|NW_015388118.1_cds_XP_015679308.1_16352	2076	2112.78	3	0.132242
lcl|NW_015388118.1_cds_XP_015679309.1_16353	627	588.949	0	0
lcl|NW_015388118.1_cds_XP_015679311.1_16354	927	919.475	0.00165522	0.000167655
lcl|NW_015388118.1_cds_XP_015679312.1_16355	933	926.853	105.998	10.651
lcl|NW_015388118.1_cds_XP_029141481.1_16356	1080	973.506	9	0.861004
lcl|NW_015388118.1_cds_XP_015679302.1_16357	1320	1281.95	0	0
lcl|NW_015388118.1_cds_XP_015679314.1_16358	3189	3053.39	61.9986	1.89104
lcl|NW_015388118.1_cds_XP_015679313.1_16359	3213	3090.57	0.00135818	4.0928e-05
lcl|NW_015388118.1_cds_XP_015679315.1_16360	3243	3122.17	1.40334e-07	4.1861e-09
lcl|NW_015388120.1_cds_XP_015679316.1_16361	1389	1235.76	1014	76.4197
lcl|NW_015388120.1_cds_XP_029141482.1_16362	1410	1292.12	31	2.23439
lcl|NW_015388120.1_cds_XP_015679319.1_16363	1500	1356.85	48	3.29466
lcl|NW_015388120.1_cds_XP_015679320.1_16364	477	436.046	278	59.3765
lcl|NW_015388120.1_cds_XP_029141483.1_16365	687	650.295	3	0.429647
lcl|NW_015388121.1_cds_XP_015679323.1_16366	2250	2065.04	0	0
lcl|NW_015388121.1_cds_XP_015679324.2_16367	1155	1081.27	42	3.61758
lcl|NW_015388121.1_cds_XP_015679325.1_16368	1464	1313.58	1	0.0708996
lcl|NW_015388121.1_cds_XP_015679321.1_16369	390	363.838	69.4752	17.7837
lcl|NW_015388121.1_cds_XP_015679326.1_16370	1926	1846.11	277.525	14.0006
lcl|NW_015388122.1_cds_XP_015679327.1_16371	1851	1754.09	2	0.106189
lcl|NW_015388122.1_cds_XP_015679328.1_16372	1824	1846.04	4797	242.008
lcl|NW_015388124.1_cds_XP_015679329.1_16373	530	491.949	0	0
lcl|NW_015388124.1_cds_XP_015679330.1_16374	3891	3852.95	0	0
lcl|NW_015388125.1_cds_XP_015679332.1_16375	885	810.566	89	10.2259
lcl|NW_015388125.1_cds_XP_015679333.1_16376	2652	2410.96	47.8027	1.84656
lcl|NW_015388125.1_cds_XP_029141485.1_16377	7266	6879.79	52	0.70393
lcl|NW_015388125.1_cds_XP_029141484.1_16378	963	892.954	12	1.25156
lcl|NW_015388125.1_cds_XP_029141486.1_16379	876	785.748	10	1.18527
lcl|NW_015388125.1_cds_XP_015679335.1_16380	495	454.204	15.9281	3.26597
lcl|NW_015388126.1_cds_XP_015679337.1_16381	1059	1024.38	1	0.0909158
lcl|NW_015388127.1_cds_XP_015679338.1_16382	2280	2268.63	109	4.47469
lcl|NW_015388127.1_cds_XP_015679339.1_16383	1212	1247.67	125.573	9.37345
lcl|NW_015388127.1_cds_XP_015679341.1_16384	1221	1254.18	0	0
lcl|NW_015388127.1_cds_XP_015679340.1_16385	1209	1225.26	79.0938	6.01194
lcl|NW_015388127.1_cds_XP_015679342.1_16386	1122	1129.65	335.333	27.6462
lcl|NW_015388129.1_cds_XP_015679345.1_16387	663	601.781	260	40.238
lcl|NW_015388129.1_cds_XP_029141487.1_16388	789	750.949	0	0
lcl|NW_015388130.1_cds_XP_015679346.1_16389	1431	1412.43	31	2.04407
lcl|NW_015388130.1_cds_XP_015679347.1_16390	2388	2366.32	71162	2800.76
lcl|NW_015388130.1_cds_XP_015679348.1_16391	207	157.822	18.3333	10.8187
lcl|NW_015388130.1_cds_XP_015679349.1_16392	207	157.822	18.3333	10.8187
lcl|NW_015388130.1_cds_XP_015679350.1_16393	207	157.822	18.3333	10.8187
lcl|NW_015388130.1_cds_XP_015679352.2_16394	1167	1139.27	66	5.39536
lcl|NW_015388130.1_cds_XP_015679351.1_16395	969	957.702	28	2.72288
lcl|NW_015388130.1_cds_XP_029141489.1_16396	2286	2253.69	69	2.85138
lcl|NW_015388130.1_cds_XP_015679354.1_16397	618	628.49	120	17.7821
lcl|NW_015388130.1_cds_XP_015679357.1_16398	618	628.49	120	17.7821
lcl|NW_015388130.1_cds_XP_015679358.1_16399	618	628.49	120	17.7821
lcl|NW_015388130.1_cds_XP_015679359.1_16400	1806	1814.63	1039	53.3248
lcl|NW_015388132.1_cds_XP_015679360.1_16401	1716	1684.66	3	0.165848
lcl|NW_015388133.1_cds_XP_015679361.2_16402	1185	1043.1	5	0.446422
lcl|NW_015388133.1_cds_XP_029141490.1_16403	294	255.949	0	0
lcl|NW_015388136.1_cds_XP_015679363.1_16404	579	523.568	22	3.91337
lcl|NW_015388137.1_cds_XP_015679364.1_16405	441	405.203	2	0.459684
lcl|NW_015388137.1_cds_XP_015679365.1_16406	372	305.341	5	1.52506
lcl|NW_015388137.1_cds_XP_015679366.1_16407	1275	1292.67	40	2.88186
lcl|NW_015388137.1_cds_XP_015679368.1_16408	2049	2001.31	1185	55.1448
lcl|NW_015388138.1_cds_XP_029141491.1_16409	3019	2980.95	0	0
lcl|NW_015388138.1_cds_XP_029141492.1_16410	3702	3892.35	25.974	0.621482
lcl|NW_015388138.1_cds_XP_029141493.1_16411	513	471.27	8	1.58096
lcl|NW_015388138.1_cds_XP_029141494.1_16412	772	733.949	0	0
lcl|NW_015388140.1_cds_XP_015679374.1_16413	1323	1284.95	0	0
lcl|NW_015388141.1_cds_XP_029141495.1_16414	4741	4728.42	1.50352	0.0296138
lcl|NW_015388141.1_cds_XP_015679377.1_16415	612	590.131	524	82.6959
lcl|NW_015388141.1_cds_XP_015679376.1_16416	4140	4060.73	185	4.24296
lcl|NW_015388141.1_cds_XP_015679379.1_16417	612	577.083	67	10.8128
lcl|NW_015388144.1_cds_XP_015679380.1_16418	1488	1435.64	6	0.38923
lcl|NW_015388145.1_cds_XP_029141496.1_16419	2364	2364.74	124	4.88359
lcl|NW_015388145.1_cds_XP_015679381.1_16420	672	633.949	0	0
lcl|NW_015388146.1_cds_XP_015679383.1_16421	1113	1052.6	2	0.176958
lcl|NW_015388147.1_cds_XP_015679385.1_16422	954	804.082	2.52928	0.292953
lcl|NW_015388147.1_cds_XP_015679384.1_16423	1050	906.408	6.47072	0.66486
lcl|NW_015388147.1_cds_XP_015679386.1_16424	654	619.229	2076	312.232
lcl|NW_015388148.1_cds_XP_015679391.1_16425	1857	1892.39	333.553	16.4155
lcl|NW_015388148.1_cds_XP_029141497.1_16426	2145	2205.87	158.447	6.68968
lcl|NW_015388148.1_cds_XP_015679387.1_16427	1578	1433.09	11	0.714861
lcl|NW_015388148.1_cds_XP_015679390.1_16428	1053	1026.29	226	20.5088
lcl|NW_015388148.1_cds_XP_015679388.1_16429	1410	1374.33	11	0.745421
lcl|NW_015388149.1_cds_XP_015679394.1_16430	465	412.286	47	10.617
lcl|NW_015388149.1_cds_XP_015679395.1_16431	312	249.725	1644	613.113
lcl|NW_015388149.1_cds_XP_015679393.2_16432	900	861.949	0	0
lcl|NW_015388152.1_cds_XP_029141498.1_16433	1566	1527.95	0	0
lcl|NW_015388153.1_cds_XP_015679397.1_16434	1254	1184.61	1	0.0786188
lcl|NW_015388153.1_cds_XP_015679398.1_16435	1338	1299.95	0	0
lcl|NW_015388153.1_cds_XP_015679396.1_16436	1713	1684.16	2	0.110598
lcl|NW_015388153.1_cds_XP_015679399.1_16437	351	335.254	72.0045	20.0027
lcl|NW_015388153.1_cds_XP_015679401.1_16438	693	632.172	48	7.07143
lcl|NW_015388154.1_cds_XP_015679402.1_16439	2964	2973.5	33	1.03359
lcl|NW_015388154.1_cds_XP_015679403.1_16440	1659	1655.87	46	2.58722
lcl|NW_015388154.1_cds_XP_015679404.1_16441	2514	2491.26	171	6.39262
lcl|NW_015388155.1_cds_XP_015679405.1_16442	1464	1251.99	5	0.371939
lcl|NW_015388156.1_cds_XP_015679406.1_16443	966	938.143	15	1.4891
lcl|NW_015388156.1_cds_XP_015679407.1_16444	594	548.093	190	32.285
lcl|NW_015388156.1_cds_XP_015679408.1_16445	1974	1869.3	22	1.09608
lcl|NW_015388156.1_cds_XP_015679409.1_16446	1680	1582.78	0	0
lcl|NW_015388156.1_cds_XP_029141500.1_16447	1629	1530.86	8	0.486692
lcl|NW_015388157.1_cds_XP_015679412.1_16448	696	657.949	0	0
lcl|NW_015388157.1_cds_XP_015679410.1_16449	5556	5552.63	74	1.24118
lcl|NW_015388158.1_cds_XP_015679413.1_16450	2104	2028.29	3	0.137751
lcl|NW_015388160.1_cds_XP_015679414.1_16451	1110	1035.41	415	37.328
lcl|NW_015388161.1_cds_XP_015679416.1_16452	699	642.842	5.67768	0.822561
lcl|NW_015388161.1_cds_XP_015679417.1_16453	1059	962.965	7	0.677
lcl|NW_015388161.1_cds_XP_015679419.1_16454	651	550.813	359	60.7004
lcl|NW_015388161.1_cds_XP_029141501.1_16455	4104	3972.06	2	0.0468939
lcl|NW_015388162.1_cds_XP_015679432.1_16456	1029	981.619	44	4.17456
lcl|NW_015388162.1_cds_XP_029141502.1_16457	1029	981.619	44	4.17456
lcl|NW_015388162.1_cds_XP_015679421.1_16458	900	861.949	0	0
lcl|NW_015388162.1_cds_XP_029141504.1_16459	1515	1476.95	0	0
lcl|NW_015388162.1_cds_XP_015679433.1_16460	3888	3849.95	0	0
lcl|NW_015388162.1_cds_XP_015679438.1_16461	738	532.732	2	0.349641
lcl|NW_015388162.1_cds_XP_015679434.1_16462	1875	1639.06	41.9995	2.38644
lcl|NW_015388162.1_cds_XP_015679435.1_16463	1851	1618.24	0.000488538	2.81163e-05
lcl|NW_015388162.1_cds_XP_015679423.1_16464	1020	910.695	85	8.69255
lcl|NW_015388162.1_cds_XP_029141505.1_16465	1986	1723.15	6	0.324286
lcl|NW_015388162.1_cds_XP_015679437.1_16466	762	673.113	1	0.138361
lcl|NW_015388162.1_cds_XP_029141506.1_16467	4170	4131.95	0	0
lcl|NW_015388162.1_cds_XP_015679424.1_16468	1011	782.434	3	0.357088
lcl|NW_015388162.1_cds_XP_029141507.1_16469	1242	1203.95	0	0
lcl|NW_015388162.1_cds_XP_029141508.1_16470	4941	4525.37	3	0.0617403
lcl|NW_015388162.1_cds_XP_015679426.1_16471	1575	1536.95	0	0
lcl|NW_015388162.1_cds_XP_015679427.1_16472	2118	1948.72	15	0.716873
lcl|NW_015388162.1_cds_XP_015679420.1_16473	597	558.949	0	0
lcl|NW_015388162.1_cds_XP_029141503.1_16474	1629	1478.88	2	0.12595
lcl|NW_015388163.1_cds_XP_029141509.1_16475	1704	1716.54	105.702	5.73498
lcl|NW_015388163.1_cds_XP_015679442.1_16476	2715	2725.76	2	0.068335
lcl|NW_015388163.1_cds_XP_029141510.1_16477	2664	2647.37	165	5.80458
lcl|NW_015388163.1_cds_XP_015679446.1_16478	462	387.82	770	184.911
lcl|NW_015388163.1_cds_XP_015679444.1_16479	1158	1140.67	0	0
lcl|NW_015388163.1_cds_XP_015679445.1_16480	1176	1158.2	112	9.00605
lcl|NW_015388163.1_cds_XP_015679447.1_16481	1770	1692.47	82	4.51227
lcl|NW_015388163.1_cds_XP_015679439.1_16482	474	464.368	0.308055	0.0617827
lcl|NW_015388164.1_cds_XP_015679449.1_16483	1275	1292.07	3	0.21624
lcl|NW_015388165.1_cds_XP_015679450.1_16484	673	607.134	5.44384	0.835069
lcl|NW_015388165.1_cds_XP_015679451.1_16485	1404	1373.49	152	10.3067
lcl|NW_015388165.1_cds_XP_015679454.1_16486	156	104.716	394	350.416
lcl|NW_015388165.1_cds_XP_015679455.1_16487	525	479.117	82.7944	16.0939
lcl|NW_015388165.1_cds_XP_015679452.1_16488	810	786.129	4	0.473879
lcl|NW_015388165.1_cds_XP_029141512.1_16489	765	726.949	0	0
lcl|NW_015388165.1_cds_XP_029141513.1_16490	5223	5306.59	3	0.0526511
lcl|NW_015388166.1_cds_XP_015679457.1_16491	1878	1893.68	88.7848	4.36649
lcl|NW_015388166.1_cds_XP_015679456.1_16492	1911	1925.68	74.4318	3.59978
lcl|NW_015388167.1_cds_XP_015679458.1_16493	1212	1118.6	4	0.333032
lcl|NW_015388169.1_cds_XP_029141516.1_16494	3111	3072.95	0	0
lcl|NW_015388169.1_cds_XP_015679464.1_16495	1209	1218.33	141	10.7784
lcl|NW_015388169.1_cds_XP_015679467.1_16496	1041	968.856	68	6.53659
lcl|NW_015388169.1_cds_XP_015679468.1_16497	1977	1951.81	7	0.334012
lcl|NW_015388169.1_cds_XP_015679461.1_16498	825	786.949	0	0
lcl|NW_015388169.1_cds_XP_029141515.1_16499	1995	1995.82	3	0.139991
lcl|NW_015388169.1_cds_XP_015679469.1_16500	1608	1622.61	11	0.631365
lcl|NW_015388170.1_cds_XP_015679471.1_16501	1152	1165.33	3	0.239758
lcl|NW_015388170.1_cds_XP_015679472.1_16502	532	485.5	85.7243	16.4443
lcl|NW_015388171.1_cds_XP_015679473.1_16503	3408	3293.35	10.0382	0.283868
lcl|NW_015388171.1_cds_XP_015679476.1_16504	2742	2707.95	197	6.77527
lcl|NW_015388171.1_cds_XP_029141517.1_16505	519	514.767	1	0.180922
lcl|NW_015388171.1_cds_XP_015679475.2_16506	1122	1082.45	17	1.46265
lcl|NW_015388172.1_cds_XP_029141518.1_16507	2937	2898.95	0	0
lcl|NW_015388172.1_cds_XP_029141519.1_16508	405	366.949	0	0
lcl|NW_015388173.1_cds_XP_015679482.1_16509	1359	1281.42	9.04665	0.657503
lcl|NW_015388175.1_cds_XP_015679483.1_16510	3453	3367.93	271	7.49389
lcl|NW_015388177.1_cds_XP_029141520.1_16511	2851	2812.95	0	0
lcl|NW_015388178.1_cds_XP_015679486.1_16512	531	492.949	0	0
lcl|NW_015388178.1_cds_XP_015679485.1_16513	591	552.949	0	0
lcl|NW_015388178.1_cds_XP_015679484.1_16514	1467	1426.69	34	2.21947
lcl|NW_015388178.1_cds_XP_015679487.1_16515	3237	3232.8	197	5.67529
lcl|NW_015388178.1_cds_XP_015679488.1_16516	981	969.743	312.998	30.0598
lcl|NW_015388178.1_cds_XP_015679490.1_16517	912	915.078	0.00220977	0.000224901
lcl|NW_015388179.1_cds_XP_015679492.1_16518	1293	1190.45	23	1.79936
lcl|NW_015388179.1_cds_XP_015679493.1_16519	930	870.183	16	1.71242
lcl|NW_015388179.1_cds_XP_015679491.1_16520	1911	1753.47	2	0.106226
lcl|NW_015388179.1_cds_XP_015679494.1_16521	663	579.499	215	34.5531
lcl|NW_015388179.1_cds_XP_015679495.1_16522	2376	2412.59	578.243	22.3217
lcl|NW_015388180.1_cds_XP_015679496.1_16523	13209	13757.1	22	0.148935
lcl|NW_015388180.1_cds_XP_015679497.1_16524	1239	1227.3	59.5081	4.5157
lcl|NW_015388180.1_cds_XP_029141522.1_16525	579	546.707	16.4919	2.80943
lcl|NW_015388180.1_cds_XP_015679498.1_16526	1050	1031.23	2.74557e-07	2.47959e-08
lcl|NW_015388182.1_cds_XP_015679499.1_16527	2431	2299.6	13	0.526493
lcl|NW_015388182.1_cds_XP_029141523.1_16528	1407	1366.35	0	0
lcl|NW_015388186.1_cds_XP_029141524.1_16529	4743	4704.95	0	0
lcl|NW_015388188.1_cds_XP_015679503.1_16530	927	868.617	21	2.25161
lcl|NW_015388188.1_cds_XP_029141526.1_16531	1236	1195.19	2	0.155846
lcl|NW_015388188.1_cds_XP_029141525.1_16532	1296	1247.76	0	0
lcl|NW_015388188.1_cds_XP_015679504.1_16533	1413	1371.55	0	0
lcl|NW_015388188.1_cds_XP_015679505.1_16534	1419	1369.57	253	17.2044
lcl|NW_015388189.1_cds_XP_015679508.1_16535	1653	1572	17	1.00716
lcl|NW_015388189.1_cds_XP_015679509.1_16536	1143	1125.97	53	4.38381
lcl|NW_015388189.1_cds_XP_029141527.1_16537	3161	3140.03	55	1.63129
lcl|NW_015388190.1_cds_XP_015679512.1_16538	1611	1587.82	17	0.997125
lcl|NW_015388190.1_cds_XP_015679513.1_16539	942	933.735	99	9.87445
lcl|NW_015388190.1_cds_XP_015679510.1_16540	777	766.946	19	2.30722
lcl|NW_015388191.1_cds_XP_015679514.1_16541	1374	1345.22	36.6376	2.53651
lcl|NW_015388191.1_cds_XP_029141529.1_16542	1296	1316.1	49	3.46743
lcl|NW_015388191.1_cds_XP_029141530.1_16543	3612	3638.34	201	5.1451
lcl|NW_015388192.1_cds_XP_015679520.1_16544	1230	1164.82	28	2.23873
lcl|NW_015388192.1_cds_XP_015679518.1_16545	1104	1054.19	7	0.618417
lcl|NW_015388192.1_cds_XP_015679519.1_16546	1428	1436.24	1	0.0648448
lcl|NW_015388193.1_cds_XP_015679522.1_16547	2067	2014.58	910	42.0686
lcl|NW_015388193.1_cds_XP_015679524.1_16548	1149	1116.19	742	61.911
lcl|NW_015388193.1_cds_XP_015679525.1_16549	1149	1116.19	742	61.911
lcl|NW_015388193.1_cds_XP_015679526.1_16550	1350	1297.71	31612	2268.7
lcl|NW_015388193.1_cds_XP_015679521.1_16551	1464	1425.95	0	0
lcl|NW_015388195.1_cds_XP_015679527.2_16552	1272	1233.95	0	0
lcl|NW_015388196.1_cds_XP_015679528.1_16553	2760	2721.95	0	0
lcl|NW_015388196.1_cds_XP_015679529.1_16554	1632	1649.23	2	0.112941
lcl|NW_015388197.1_cds_XP_015679530.1_16555	1129	1043.88	3.36931	0.300601
lcl|NW_015388197.1_cds_XP_015679531.1_16556	1353	1237.16	61	4.59205
lcl|NW_015388197.1_cds_XP_015679532.1_16557	1503	1368.79	17	1.15668
lcl|NW_015388198.1_cds_XP_015679533.1_16558	3162	3030.91	52	1.59784
lcl|NW_015388199.1_cds_XP_015679537.1_16559	1263	1265.58	76.2985	5.61472
lcl|NW_015388199.1_cds_XP_015679536.1_16560	1059	1066.53	78.7015	6.87242
lcl|NW_015388199.1_cds_XP_015679539.2_16561	1929	1934.8	88.0771	4.23963
lcl|NW_015388199.1_cds_XP_015679540.1_16562	1767	1787.68	73.9229	3.85115
lcl|NW_015388199.1_cds_XP_015679541.1_16563	2187	2150.51	22300	965.751
lcl|NW_015388199.1_cds_XP_015679535.1_16564	8703	8833.57	648.709	6.83935
lcl|NW_015388200.1_cds_XP_015679542.2_16565	678	639.949	0	0
lcl|NW_015388200.1_cds_XP_015679546.1_16566	723	684.949	0	0
lcl|NW_015388200.1_cds_XP_015679547.1_16567	720	681.949	0	0
lcl|NW_015388200.1_cds_XP_015679548.1_16568	654	615.949	0	0
lcl|NW_015388200.1_cds_XP_015679549.1_16569	1281	1242.95	0	0
lcl|NW_015388200.1_cds_XP_029141534.1_16570	1236	1197.95	0	0
lcl|NW_015388200.1_cds_XP_029141535.1_16571	1227	1188.95	0	0
lcl|NW_015388200.1_cds_XP_029141536.1_16572	1224	1185.95	0	0
lcl|NW_015388200.1_cds_XP_029141533.1_16573	1239	1200.95	0	0
lcl|NW_015388200.1_cds_XP_029141537.1_16574	1185	1146.95	0	0
lcl|NW_015388200.1_cds_XP_029141538.1_16575	765	726.949	0	0
lcl|NW_015388200.1_cds_XP_029141539.1_16576	2049	1930.9	1	0.0482328
lcl|NW_015388202.1_cds_XP_029141540.1_16577	348	266.635	2.33333	0.815005
lcl|NW_015388202.1_cds_XP_015679551.2_16578	348	266.635	2.33333	0.815005
lcl|NW_015388202.1_cds_XP_029141541.1_16579	348	266.635	2.33333	0.815005
lcl|NW_015388202.1_cds_XP_029141542.1_16580	729	690.949	0	0
lcl|NW_015388202.1_cds_XP_015679556.1_16581	1560	1427.52	5	0.326204
lcl|NW_015388202.1_cds_XP_029141543.1_16582	936	897.949	0	0
lcl|NW_015388202.1_cds_XP_015679552.1_16583	1428	1263.55	7	0.51595
lcl|NW_015388202.1_cds_XP_015679553.1_16584	648	560.625	1	0.166123
lcl|NW_015388202.1_cds_XP_029141544.1_16585	945	906.949	0	0
lcl|NW_015388202.1_cds_XP_015679555.1_16586	540	466.168	52.9629	10.5811
lcl|NW_015388202.1_cds_XP_015679554.1_16587	603	532.83	13.0371	2.27873
lcl|NW_015388202.1_cds_XP_015679550.1_16588	1239	1200.95	0	0
lcl|NW_015388203.1_cds_XP_015679559.1_16589	2310	2310.18	6.77246	0.273025
lcl|NW_015388203.1_cds_XP_029141548.1_16590	2577	2571.51	0	0
lcl|NW_015388203.1_cds_XP_029141546.1_16591	2850	2857.15	2.26061	0.0736875
lcl|NW_015388203.1_cds_XP_029141545.1_16592	2850	2856.25	2.96694	0.0967417
lcl|NW_015388203.1_cds_XP_029141547.1_16593	2625	2615.79	0	0
lcl|NW_015388203.1_cds_XP_015679557.1_16594	976	937.949	0	0
lcl|NW_015388204.1_cds_XP_015679560.1_16595	1776	1719.73	4	0.216621
lcl|NW_015388204.1_cds_XP_029141549.1_16596	1635	1411.26	3	0.197978
lcl|NW_015388204.1_cds_XP_015679561.1_16597	1467	1372.17	8.8142	0.598243
lcl|NW_015388204.1_cds_XP_015679563.1_16598	606	561.807	184	30.5022
lcl|NW_015388206.1_cds_XP_015679564.1_16599	1923	1985.14	2758	129.391
lcl|NW_015388208.1_cds_XP_015679565.1_16600	1599	1619.39	30	1.72533
lcl|NW_015388209.1_cds_XP_015679566.1_16601	1659	1646	17	0.961879
lcl|NW_015388211.1_cds_XP_015679567.1_16602	303	275.731	13	4.39095
lcl|NW_015388211.1_cds_XP_015679569.1_16603	645	618.795	44.3333	6.67245
lcl|NW_015388211.1_cds_XP_015679570.1_16604	645	618.795	44.3333	6.67245
lcl|NW_015388211.1_cds_XP_015679571.1_16605	645	618.795	44.3333	6.67245
lcl|NW_015388211.1_cds_XP_015679575.1_16606	1266	1220.02	34.1245	2.60495
lcl|NW_015388211.1_cds_XP_015679572.1_16607	1002	943.808	82.8755	8.17794
lcl|NW_015388211.1_cds_XP_029141551.1_16608	2373	2410.85	9	0.347676
lcl|NW_015388212.1_cds_XP_015679576.1_16609	1074	1021.55	1	0.0911676
lcl|NW_015388213.1_cds_XP_029141552.1_16610	255	216.949	0	0
lcl|NW_015388213.1_cds_XP_015679577.1_16611	852	814.604	5524	631.551
lcl|NW_015388214.1_cds_XP_015679578.1_16612	4731	4594.34	57	1.15545
lcl|NW_015388215.1_cds_XP_015679579.1_16613	489	450.949	0	0
lcl|NW_015388216.1_cds_XP_015679581.1_16614	1158	1165.99	16	1.27799
lcl|NW_015388216.1_cds_XP_015679580.1_16615	2265	2313.66	8	0.322027
lcl|NW_015388217.1_cds_XP_015679582.1_16616	315	276.949	0	0
lcl|NW_015388217.1_cds_XP_015679583.1_16617	5568	5666.78	720.417	11.8399
lcl|NW_015388217.1_cds_XP_015679587.1_16618	2751	2756.33	104	3.51402
lcl|NW_015388217.1_cds_XP_029141553.1_16619	3540	3501.95	0	0
lcl|NW_015388217.1_cds_XP_015679586.1_16620	879	817.582	83	9.45471
lcl|NW_015388219.1_cds_XP_015679589.1_16621	1797	1704.45	98	5.35479
lcl|NW_015388219.1_cds_XP_029141554.1_16622	4206	4167.95	0	0
lcl|NW_015388220.1_cds_XP_015679590.1_16623	1935	1897.42	26	1.27618
lcl|NW_015388220.1_cds_XP_015679591.2_16624	2664	2657.84	18	0.630733
lcl|NW_015388225.1_cds_XP_029141555.1_16625	1755	1669.5	5.78218	0.322557
lcl|NW_015388226.1_cds_XP_015679594.1_16626	1014	1033.86	7	0.630577
lcl|NW_015388226.1_cds_XP_029141557.1_16627	1359	1320.95	0	0
lcl|NW_015388226.1_cds_XP_029141556.1_16628	1143	1104.95	0	0
lcl|NW_015388226.1_cds_XP_015679598.1_16629	663	614.268	22	3.33554
lcl|NW_015388226.1_cds_XP_029141558.1_16630	1158	1119.95	0	0
lcl|NW_015388226.1_cds_XP_015679599.1_16631	771	774.5	98	11.7844
lcl|NW_015388226.1_cds_XP_015679600.1_16632	771	774.5	98	11.7844
lcl|NW_015388228.1_cds_XP_015679601.1_16633	375	321.82	55	15.9166
lcl|NW_015388229.1_cds_XP_015679602.2_16634	1752	1659.54	89	4.99462
lcl|NW_015388229.1_cds_XP_015679603.1_16635	882	835.435	15.991	1.78264
lcl|NW_015388229.1_cds_XP_015679604.1_16636	2145	2123.61	800	35.0847
lcl|NW_015388230.1_cds_XP_015679606.1_16637	1197	1184.77	62.9493	4.94831
lcl|NW_015388231.1_cds_XP_029141559.1_16638	5832	6115.87	9	0.137052
lcl|NW_015388231.1_cds_XP_015679610.1_16639	6096	6032.9	447.909	6.91456
lcl|NW_015388231.1_cds_XP_015679609.1_16640	1848	1870.67	12	0.597428
lcl|NW_015388231.1_cds_XP_015679612.2_16641	2097	2131.23	16	0.699184
lcl|NW_015388231.1_cds_XP_015679613.1_16642	1308	1321.45	180.296	12.7068
lcl|NW_015388231.1_cds_XP_015679614.1_16643	1308	1321.45	180.296	12.7068
lcl|NW_015388231.1_cds_XP_015679608.1_16644	831	780.31	30	3.5806
lcl|NW_015388233.1_cds_XP_015679616.1_16645	1572	1517.67	1	0.0613654
lcl|NW_015388233.1_cds_XP_015679615.1_16646	1197	1194.83	6	0.467679
lcl|NW_015388235.1_cds_XP_015679618.2_16647	1461	1422.32	2	0.130959
lcl|NW_015388236.1_cds_XP_015679619.1_16648	462	430.573	2.48485	0.53747
lcl|NW_015388236.1_cds_XP_015679620.1_16649	351	298.864	7	2.18135
lcl|NW_015388238.1_cds_XP_015679621.1_16650	969	930.949	0	0
lcl|NW_015388238.1_cds_XP_015679623.1_16651	492	425.381	38	8.31968
lcl|NW_015388238.1_cds_XP_015679626.1_16652	2904	2795.29	81.3387	2.71002
lcl|NW_015388238.1_cds_XP_015679627.1_16653	1512	1520.4	132	8.08571
lcl|NW_015388238.1_cds_XP_015679631.1_16654	2097	1897.49	3.96789	0.194752
lcl|NW_015388238.1_cds_XP_015679630.1_16655	2091	1891.17	79.0321	3.89201
lcl|NW_015388238.1_cds_XP_015679624.1_16656	768	735.283	3	0.379986
lcl|NW_015388238.1_cds_XP_015679625.1_16657	1275	1122.42	32	2.6552
lcl|NW_015388239.1_cds_XP_015679639.1_16658	3354	3368.09	274	7.57649
lcl|NW_015388239.1_cds_XP_015679635.1_16659	2151	1925.43	3	0.145109
lcl|NW_015388239.1_cds_XP_015679636.1_16660	1335	1296.95	0	0
lcl|NW_015388239.1_cds_XP_015679637.1_16661	1329	1290.95	0	0
lcl|NW_015388239.1_cds_XP_015679640.1_16662	606	542.489	1588	272.622
lcl|NW_015388239.1_cds_XP_015679638.1_16663	879	837.367	1	0.111221
lcl|NW_015388239.1_cds_XP_029141562.1_16664	3855	3703.73	1	0.0251456
lcl|NW_015388239.1_cds_XP_015679641.1_16665	2385	2478.2	23	0.864355
lcl|NW_015388239.1_cds_XP_029141561.1_16666	2046	1995.22	0.0247871	0.00115701
lcl|NW_015388239.1_cds_XP_029141560.1_16667	2040	1980.17	17.7326	0.834009
lcl|NW_015388240.1_cds_XP_015679642.1_16668	922	878.105	339	35.9546
lcl|NW_015388240.1_cds_XP_015679647.1_16669	2199	2178.59	0.00157866	6.74864e-05
lcl|NW_015388240.1_cds_XP_015679646.1_16670	2295	2272.94	228.509	9.36305
lcl|NW_015388240.1_cds_XP_015679644.1_16671	2298	2274.96	326.489	13.3659
lcl|NW_015388240.1_cds_XP_029141564.1_16672	498	489.584	9	1.71205
lcl|NW_015388240.1_cds_XP_015679649.2_16673	2292	2344.26	15	0.595918
lcl|NW_015388240.1_cds_XP_015679651.1_16674	681	627.675	1244	184.581
lcl|NW_015388240.1_cds_XP_015679650.1_16675	702	671.011	12	1.66553
lcl|NW_015388240.1_cds_XP_029141563.1_16676	615	591.628	0	0
lcl|NW_015388240.1_cds_XP_029141565.1_16677	879	862.554	5	0.539865
lcl|NW_015388243.1_cds_XP_029141566.1_16678	480	433.946	10	2.14618
lcl|NW_015388244.1_cds_XP_015679655.1_16679	1123	1084.95	0	0
lcl|NW_015388246.1_cds_XP_015679657.1_16680	2037	1948.35	1799	85.9936
lcl|NW_015388246.1_cds_XP_015679658.1_16681	1314	1291.38	1060.25	76.4635
lcl|NW_015388246.1_cds_XP_015679659.1_16682	1236	1226.83	1961.75	148.923
lcl|NW_015388247.1_cds_XP_015679661.1_16683	651	601.086	62	9.60631
lcl|NW_015388247.1_cds_XP_015679662.1_16684	879	851.599	4	0.437448
lcl|NW_015388247.1_cds_XP_029141568.1_16685	813	740.249	9	1.13231
lcl|NW_015388247.1_cds_XP_015679663.1_16686	1197	1160.11	82	6.58287
lcl|NW_015388247.1_cds_XP_015679664.1_16687	1197	1160.11	82	6.58287
lcl|NW_015388247.1_cds_XP_029141567.1_16688	1566	1527.95	0	0
lcl|NW_015388247.1_cds_XP_015679666.1_16689	1140	1074.3	9	0.780221
lcl|NW_015388248.1_cds_XP_015679667.1_16690	2817	2814.81	1	0.0330866
lcl|NW_015388248.1_cds_XP_015679668.1_16691	2736	2697.95	0	0
lcl|NW_015388248.1_cds_XP_015679669.1_16692	2931	2892.95	0	0
lcl|NW_015388248.1_cds_XP_029141570.1_16693	2556	2517.95	0	0
lcl|NW_015388248.1_cds_XP_029141571.1_16694	3288	3249.95	0	0
lcl|NW_015388248.1_cds_XP_029141572.1_16695	2631	2592.95	0	0
lcl|NW_015388249.1_cds_XP_015679670.1_16696	2277	2274.98	334	13.6732
lcl|NW_015388249.1_cds_XP_015679671.1_16697	1110	1048.35	226	20.0771
lcl|NW_015388249.1_cds_XP_029141573.1_16698	1683	1692.45	34	1.87096
lcl|NW_015388250.1_cds_XP_015679673.1_16699	2295	2278.39	14.3024	0.58463
lcl|NW_015388251.1_cds_XP_015679674.1_16700	1350	1321.21	5	0.352451
lcl|NW_015388252.1_cds_XP_015679675.1_16701	10878	11132	131	1.09597
lcl|NW_015388252.1_cds_XP_015679677.1_16702	2157	2181	29	1.23835
lcl|NW_015388254.1_cds_XP_015679678.1_16703	804	768.969	43	5.20788
lcl|NW_015388254.1_cds_XP_029141575.1_16704	3207	3118.54	1	0.0298642
lcl|NW_015388254.1_cds_XP_015679682.1_16705	1350	1250.38	104.385	7.77493
lcl|NW_015388254.1_cds_XP_029141576.1_16706	3300	3244.47	17	0.487985
lcl|NW_015388254.1_cds_XP_015679680.1_16707	378	311.425	157	46.9513
lcl|NW_015388254.1_cds_XP_015679681.1_16708	960	889.535	6	0.628188
lcl|NW_015388254.1_cds_XP_015679685.1_16709	717	658.177	781	110.512
lcl|NW_015388254.1_cds_XP_015679686.1_16710	717	658.177	781	110.512
lcl|NW_015388254.1_cds_XP_015679687.1_16711	717	658.177	781	110.512
lcl|NW_015388254.1_cds_XP_015679689.1_16712	1383	1417.66	0.386115	0.0253657
lcl|NW_015388254.1_cds_XP_015679690.1_16713	1473	1509.71	11.1393	0.687173
lcl|NW_015388254.1_cds_XP_015679688.1_16714	1395	1437.01	937.475	60.7577
lcl|NW_015388254.1_cds_XP_015679691.2_16715	1239	1169.94	200	15.9209
lcl|NW_015388255.1_cds_XP_015679692.1_16716	192	158.056	43.3333	25.5336
lcl|NW_015388255.1_cds_XP_015679693.1_16717	192	158.056	43.3333	25.5336
lcl|NW_015388255.1_cds_XP_015679694.1_16718	192	158.056	43.3333	25.5336
lcl|NW_015388255.1_cds_XP_015679695.1_16719	741	688.735	17665	2388.71
lcl|NW_015388255.1_cds_XP_015679696.1_16720	1896	1833.33	449.905	22.855
lcl|NW_015388255.1_cds_XP_015679700.1_16721	1872	1856.95	2609	130.85
lcl|NW_015388256.1_cds_XP_015679701.1_16722	3066	3094.06	2	0.0602008
lcl|NW_015388256.1_cds_XP_015679702.1_16723	579	534.971	97	16.8866
lcl|NW_015388258.1_cds_XP_015679703.1_16724	1266	1227.95	0	0
lcl|NW_015388258.1_cds_XP_015679704.1_16725	1965	1898.03	8	0.392544
lcl|NW_015388258.1_cds_XP_015679705.1_16726	1128	1089.95	0	0
lcl|NW_015388258.1_cds_XP_029141577.1_16727	1065	1026.95	0	0
lcl|NW_015388258.1_cds_XP_015679706.1_16728	474	349.836	11	2.9284
lcl|NW_015388260.1_cds_XP_015679708.1_16729	330	279.116	187	62.3961
lcl|NW_015388260.1_cds_XP_015679709.1_16730	3582	3705.91	210	5.27747
lcl|NW_015388262.1_cds_XP_015679711.1_16731	1422	1455.07	0	0
lcl|NW_015388262.1_cds_XP_015679712.1_16732	1329	1369.96	1	0.0679818
lcl|NW_015388262.1_cds_XP_015679710.1_16733	891	852.949	0	0
lcl|NW_015388263.1_cds_XP_015679713.1_16734	1053	998.289	11	1.02621
lcl|NW_015388264.1_cds_XP_015679716.2_16735	471	419.166	0	0
lcl|NW_015388264.1_cds_XP_015679722.1_16736	1677	1694.87	100	5.49495
lcl|NW_015388264.1_cds_XP_015679724.1_16737	1224	1218.86	88.9999	6.80046
lcl|NW_015388264.1_cds_XP_015679725.1_16738	1173	1165.66	0.000106549	8.5129e-06
lcl|NW_015388264.1_cds_XP_015679723.1_16739	1254	1246.15	0	0
lcl|NW_015388264.1_cds_XP_015679726.1_16740	1524	1500.49	70	4.34478
lcl|NW_015388264.1_cds_XP_015679727.1_16741	801	793.119	7	0.82198
lcl|NW_015388264.1_cds_XP_015679714.1_16742	1458	1423.01	112	7.33012
lcl|NW_015388264.1_cds_XP_015679728.1_16743	1779	1726.85	422	22.7593
lcl|NW_015388264.1_cds_XP_015679717.1_16744	585	597.227	44	6.86143
lcl|NW_015388264.1_cds_XP_015679730.1_16745	1041	967.511	90.5	8.71152
lcl|NW_015388264.1_cds_XP_015679731.1_16746	1041	967.511	90.5	8.71152
lcl|NW_015388264.1_cds_XP_015679715.1_16747	819	778.825	14	1.67413
lcl|NW_015388264.1_cds_XP_015679719.1_16748	2052	2120.59	9	0.395264
lcl|NW_015388264.1_cds_XP_015679720.1_16749	492	418.492	35	7.789
lcl|NW_015388264.1_cds_XP_015679732.1_16750	738	710.465	560	73.4085
lcl|NW_015388264.1_cds_XP_015679733.1_16751	1566	1560.73	254	15.1568
lcl|NW_015388264.1_cds_XP_015679721.1_16752	906	884.651	6	0.631656
lcl|NW_015388264.1_cds_XP_015679734.1_16753	2133	2141.15	14148	615.388
lcl|NW_015388265.1_cds_XP_015679735.1_16754	870	794.881	61	7.14709
lcl|NW_015388265.1_cds_XP_029141578.1_16755	2184	2145.95	0	0
lcl|NW_015388266.1_cds_XP_015679738.1_16756	2204	2285.79	209.544	8.5377
lcl|NW_015388266.1_cds_XP_015679741.1_16757	1836	1833.55	22	1.11746
lcl|NW_015388266.1_cds_XP_015679740.1_16758	1977	1924.59	2	0.0967814
lcl|NW_015388266.1_cds_XP_015679742.1_16759	1314	1325.88	39.0948	2.74611
lcl|NW_015388266.1_cds_XP_015679746.1_16760	861	873.813	907.245	96.6958
lcl|NW_015388266.1_cds_XP_015679747.1_16761	858	850.526	1436.76	157.325
lcl|NW_015388266.1_cds_XP_015679744.1_16762	3105	3022.94	771	23.7534
lcl|NW_015388266.1_cds_XP_015679739.1_16763	3434	3371.6	64	1.76785
lcl|NW_015388267.1_cds_XP_015679749.1_16764	1041	961.098	2	0.193804
lcl|NW_015388267.1_cds_XP_015679750.1_16765	2271	2176.19	38	1.62625
lcl|NW_015388267.1_cds_XP_015679748.1_16766	2391	2315.15	482	19.3896
lcl|NW_015388267.1_cds_XP_015679751.1_16767	4869	4687.1	128	2.54336
lcl|NW_015388269.1_cds_XP_015679752.1_16768	507	495.155	2	0.376175
lcl|NW_015388269.1_cds_XP_015679755.1_16769	405	372.148	2	0.500514
lcl|NW_015388269.1_cds_XP_029141579.1_16770	636	622.73	3	0.448666
lcl|NW_015388269.1_cds_XP_015679756.1_16771	813	760.358	19	2.32722
lcl|NW_015388270.1_cds_XP_015679757.1_16772	2199	2216.29	7	0.294153
lcl|NW_015388270.1_cds_XP_029141580.1_16773	1332	1353.45	191	13.143
lcl|NW_015388270.1_cds_XP_015679761.1_16774	1896	1737.41	89.477	4.79635
lcl|NW_015388270.1_cds_XP_015679760.1_16775	1896	1736.57	685.523	36.7647
lcl|NW_015388271.1_cds_XP_015679762.1_16776	2103	2064.95	0	0
lcl|NW_015388272.1_cds_XP_015679763.1_16777	421	382.949	0	0
lcl|NW_015388272.1_cds_XP_015679764.1_16778	2163	2235.53	43	1.79138
lcl|NW_015388272.1_cds_XP_015679765.1_16779	1044	1037.39	28	2.51373
lcl|NW_015388273.1_cds_XP_015679767.1_16780	1827	1821.59	64	3.27214
lcl|NW_015388273.1_cds_XP_015679768.1_16781	1827	1807.18	0	0
lcl|NW_015388273.1_cds_XP_015679766.1_16782	1749	1791.27	2	0.103985
lcl|NW_015388274.1_cds_XP_015679770.1_16783	1518	1487.22	9	0.563599
lcl|NW_015388274.1_cds_XP_015679771.1_16784	5934	5999.7	0.00316842	4.9183e-05
lcl|NW_015388274.1_cds_XP_015679772.1_16785	5889	5951.04	4.99683	0.0781994
lcl|NW_015388276.1_cds_XP_029141581.1_16786	2913	2971.93	6	0.188025
lcl|NW_015388278.1_cds_XP_015679775.1_16787	1407	1363.48	19	1.2978
lcl|NW_015388278.1_cds_XP_015679774.1_16788	1611	1572.95	0	0
lcl|NW_015388278.1_cds_XP_029141582.1_16789	1623	1584.95	0	0
lcl|NW_015388278.1_cds_XP_015679776.1_16790	651	624.815	90	13.4151
lcl|NW_015388278.1_cds_XP_015679777.1_16791	1347	1288.29	90	6.50624
lcl|NW_015388279.1_cds_XP_015679778.1_16792	1845	1820.9	1	0.0511464
lcl|NW_015388280.1_cds_XP_029141583.1_16793	3030	3099.48	1	0.0300478
lcl|NW_015388280.1_cds_XP_029141584.1_16794	981	956.248	1	0.0973937
lcl|NW_015388280.1_cds_XP_015679779.1_16795	708	622.473	137	20.4975
lcl|NW_015388280.1_cds_XP_015679780.1_16796	930	927.141	1025.6	103.023
lcl|NW_015388280.1_cds_XP_015679782.1_16797	771	772.211	297.399	35.8678
lcl|NW_015388280.1_cds_XP_029141586.1_16798	1683	1686	382.088	21.106
lcl|NW_015388280.1_cds_XP_015679783.1_16799	1752	1758.39	203.912	10.8001
lcl|NW_015388280.1_cds_XP_029141585.1_16800	723	684.949	0	0
lcl|NW_015388281.1_cds_XP_015679784.1_16801	1068	986.597	58	5.47507
lcl|NW_015388281.1_cds_XP_015679785.1_16802	1170	1132.88	206	16.935
lcl|NW_015388282.1_cds_XP_029141588.1_16803	798	794.962	7	0.820073
lcl|NW_015388283.1_cds_XP_015679787.1_16804	1341	1336.22	2	0.139397
lcl|NW_015388285.1_cds_XP_015679788.1_16805	1347	1308.95	0	0
lcl|NW_015388286.1_cds_XP_015679789.1_16806	429	382.242	16	3.89836
lcl|NW_015388287.1_cds_XP_015679791.1_16807	762	734.072	64	8.11975
lcl|NW_015388287.1_cds_XP_015679790.2_16808	9066	8952.29	218	2.2679
lcl|NW_015388289.1_cds_XP_015679793.1_16809	1461	1378.38	1	0.0675666
lcl|NW_015388291.1_cds_XP_015679794.1_16810	1614	1575.95	0	0
lcl|NW_015388291.1_cds_XP_015679797.1_16811	396	314.606	10	2.96029
lcl|NW_015388291.1_cds_XP_015679795.1_16812	1434	1365.69	22.1526	1.51068
lcl|NW_015388291.1_cds_XP_015679798.1_16813	1497	1424.33	5.84737	0.382341
lcl|NW_015388291.1_cds_XP_015679796.2_16814	2496	2415.8	226	8.71261
lcl|NW_015388291.1_cds_XP_015679799.1_16815	846	807.219	1634	188.522
lcl|NW_015388291.1_cds_XP_015679800.1_16816	2862	2839.67	4358	142.929
lcl|NW_015388292.1_cds_XP_015679801.1_16817	906	867.949	0	0
lcl|NW_015388292.1_cds_XP_015679802.2_16818	474	435.949	0	0
lcl|NW_015388293.1_cds_XP_015679805.1_16819	1383	1252.33	40	2.97468
lcl|NW_015388293.1_cds_XP_015679806.1_16820	1398	1265.93	0	0
lcl|NW_015388293.1_cds_XP_015679807.1_16821	1344	1222.5	0	0
lcl|NW_015388293.1_cds_XP_015679804.1_16822	1359	1320.95	0	0
lcl|NW_015388294.1_cds_XP_015679808.1_16823	3318	3342.41	93	2.59134
lcl|NW_015388294.1_cds_XP_015679809.1_16824	1878	1770.2	146	7.68123
lcl|NW_015388295.1_cds_XP_029141590.1_16825	312	339.338	136	37.3257
lcl|NW_015388296.1_cds_XP_015679811.1_16826	1398	1337.59	17.4556	1.21538
lcl|NW_015388296.1_cds_XP_015679813.1_16827	1521	1482.95	0	0
lcl|NW_015388296.1_cds_XP_029141591.1_16828	1407	1368.95	0	0
lcl|NW_015388296.1_cds_XP_015679812.1_16829	3228	3127.03	7	0.208482
lcl|NW_015388297.1_cds_XP_015679815.1_16830	816	774.833	2	0.240394
lcl|NW_015388297.1_cds_XP_015679817.1_16831	1692	1614.4	76.9994	4.44198
lcl|NW_015388297.1_cds_XP_015679816.1_16832	1719	1635.13	0.000642612	3.66013e-05
lcl|NW_015388299.1_cds_XP_015679818.1_16833	609	566.285	436	71.7056
lcl|NW_015388299.1_cds_XP_015679819.1_16834	1230	1191.95	0	0
lcl|NW_015388300.1_cds_XP_015679820.1_16835	786	751.94	10	1.23856
lcl|NW_015388300.1_cds_XP_015679821.1_16836	3615	3204.07	2	0.058134
lcl|NW_015388300.1_cds_XP_015679843.1_16837	834	770.229	303.698	36.7218
lcl|NW_015388300.1_cds_XP_015679844.1_16838	777	711.891	31.3015	4.09499
lcl|NW_015388300.1_cds_XP_015679838.1_16839	1230	1030.72	38	3.43356
lcl|NW_015388300.1_cds_XP_029141595.1_16840	1734	1695.95	0	0
lcl|NW_015388300.1_cds_XP_015679839.1_16841	420	365.394	3	0.764648
lcl|NW_015388300.1_cds_XP_015679823.1_16842	1221	1182.95	0	0
lcl|NW_015388300.1_cds_XP_015679824.1_16843	2058	1874.64	71	3.52729
lcl|NW_015388300.1_cds_XP_015679845.2_16844	516	433.023	29	6.23719
lcl|NW_015388300.1_cds_XP_015679826.1_16845	585	489.351	6	1.14191
lcl|NW_015388300.1_cds_XP_015679827.1_16846	1071	1032.95	0	0
lcl|NW_015388300.1_cds_XP_015679840.1_16847	519	463.176	8	1.60859
lcl|NW_015388300.1_cds_XP_015679841.1_16848	519	454.263	113	23.1671
lcl|NW_015388300.1_cds_XP_015679828.1_16849	1803	1663.57	12	0.671803
lcl|NW_015388300.1_cds_XP_015679830.1_16850	1995	1956.95	0	0
lcl|NW_015388300.1_cds_XP_015679842.1_16851	3174	2853.69	6	0.195815
lcl|NW_015388300.1_cds_XP_029141592.1_16852	930	871.895	1	0.106816
lcl|NW_015388300.1_cds_XP_015679832.1_16853	969	930.949	0	0
lcl|NW_015388300.1_cds_XP_015679833.1_16854	1419	1266.04	13	0.956304
lcl|NW_015388300.1_cds_XP_029141596.1_16855	1209	1114.01	5	0.418006
lcl|NW_015388300.1_cds_XP_029141593.1_16856	681	542.08	2	0.343612
lcl|NW_015388300.1_cds_XP_015679835.1_16857	1575	1312.46	8	0.567681
lcl|NW_015388301.1_cds_XP_015679846.1_16858	1082	1060.43	15	1.31738
lcl|NW_015388301.1_cds_XP_015679847.1_16859	1872	1856.36	5	0.250847
lcl|NW_015388301.1_cds_XP_015679853.1_16860	1770	1657.11	49	2.75388
lcl|NW_015388301.1_cds_XP_029141597.1_16861	1026	987.949	0	0
lcl|NW_015388301.1_cds_XP_015679849.2_16862	924	885.949	0	0
lcl|NW_015388301.1_cds_XP_029141598.1_16863	963	924.949	0	0
lcl|NW_015388301.1_cds_XP_015679850.1_16864	954	915.949	0	0
lcl|NW_015388301.1_cds_XP_015679851.1_16865	621	554.357	1	0.168001
lcl|NW_015388302.1_cds_XP_015679854.1_16866	706	649.029	117.086	16.8012
lcl|NW_015388302.1_cds_XP_015679855.1_16867	738	687.698	406.914	55.107
lcl|NW_015388302.1_cds_XP_015679857.1_16868	759	703.339	53.7932	7.12301
lcl|NW_015388302.1_cds_XP_015679858.1_16869	759	709.294	14.2068	1.8654
lcl|NW_015388302.1_cds_XP_015679856.1_16870	522	483.949	0	0
lcl|NW_015388304.1_cds_XP_015679861.1_16871	2424	2385.95	0	0
lcl|NW_015388304.1_cds_XP_015679862.2_16872	1677	1644.41	96	5.43706
lcl|NW_015388304.1_cds_XP_015679859.2_16873	1650	1681.95	24.1676	1.33821
lcl|NW_015388306.1_cds_XP_015679864.1_16874	3390	3342.71	145	4.0399
lcl|NW_015388306.1_cds_XP_015679863.1_16875	924	937.694	22	2.18506
lcl|NW_015388307.1_cds_XP_015679865.1_16876	456	417.949	0	0
lcl|NW_015388307.1_cds_XP_029141599.1_16877	486	358.443	3	0.779475
lcl|NW_015388308.1_cds_XP_015679866.1_16878	900	837.533	90.6837	10.0839
lcl|NW_015388308.1_cds_XP_015679867.1_16879	1218	1156.84	296.313	23.8549
lcl|NW_015388308.1_cds_XP_015679868.1_16880	1245	1138.34	162.003	13.2541
lcl|NW_015388308.1_cds_XP_015679869.1_16881	1524	1393.8	3	0.200458
lcl|NW_015388308.1_cds_XP_015679870.1_16882	384	309.378	113	34.0165
lcl|NW_015388308.1_cds_XP_015679871.1_16883	312	247.144	0	0
lcl|NW_015388308.1_cds_XP_029141600.1_16884	1476	1330.42	10	0.700024
lcl|NW_015388309.1_cds_XP_029141602.1_16885	2004	1878.68	61	3.02398
lcl|NW_015388309.1_cds_XP_015679875.1_16886	2085	2075.46	319	14.3146
lcl|NW_015388309.1_cds_XP_015679873.1_16887	3840	3747.64	232.74	5.78381
lcl|NW_015388310.1_cds_XP_029141603.1_16888	3030	3022.54	23	0.708692
lcl|NW_015388310.1_cds_XP_015679877.1_16889	390	337.538	16	4.41468
lcl|NW_015388311.1_cds_XP_015679879.1_16890	1152	1102.86	30	2.5334
lcl|NW_015388311.1_cds_XP_015679880.1_16891	1134	1092.72	52	4.43196
lcl|NW_015388311.1_cds_XP_015679882.2_16892	750	735.035	39	4.94149
lcl|NW_015388312.1_cds_XP_015679884.1_16893	4620	4578.6	74	1.50522
lcl|NW_015388312.1_cds_XP_015679885.1_16894	1770	1887.12	30	1.48055
lcl|NW_015388312.1_cds_XP_029141604.1_16895	1725	1694.65	22	1.20905
lcl|NW_015388312.1_cds_XP_015679887.2_16896	3450	3472.18	250	6.70562
lcl|NW_015388312.1_cds_XP_015679888.1_16897	1134	1132.47	26164	2151.68
lcl|NW_015388312.1_cds_XP_015679883.1_16898	831	722.4	9	1.16029
lcl|NW_015388312.1_cds_XP_015679890.1_16899	657	646.473	306	44.0831
lcl|NW_015388313.1_cds_XP_029141606.1_16900	1764	1745.1	17	0.907256
lcl|NW_015388313.1_cds_XP_015679899.1_16901	1383	1352.87	0	0
lcl|NW_015388313.1_cds_XP_015679896.1_16902	1473	1439.68	453	29.3044
lcl|NW_015388313.1_cds_XP_015679898.1_16903	1473	1439.68	453	29.3044
lcl|NW_015388313.1_cds_XP_015679900.1_16904	3630	3647.67	120	3.06385
lcl|NW_015388313.1_cds_XP_015679891.1_16905	2235	2196.95	0	0
lcl|NW_015388313.1_cds_XP_015679892.1_16906	2058	2019.95	0	0
lcl|NW_015388313.1_cds_XP_015679893.2_16907	1338	1299.43	50	3.58359
lcl|NW_015388313.1_cds_XP_015679894.1_16908	1083	845.826	30	3.30325
lcl|NW_015388316.1_cds_XP_015679901.1_16909	1137	1070.39	25.7169	2.23758
lcl|NW_015388317.1_cds_XP_015679902.1_16910	288	254.812	11	4.02044
lcl|NW_015388318.1_cds_XP_015679903.1_16911	1263	1227.13	9	0.683052
lcl|NW_015388318.1_cds_XP_015679905.1_16912	5394	5392.66	961	16.5967
lcl|NW_015388319.1_cds_XP_015679906.1_16913	375	327.019	14.0223	3.99345
lcl|NW_015388319.1_cds_XP_015679907.1_16914	420	381.949	0	0
lcl|NW_015388319.1_cds_XP_029141607.1_16915	1254	1215.95	0	0
lcl|NW_015388319.1_cds_XP_015679909.1_16916	1257	1218.95	0	0
lcl|NW_015388319.1_cds_XP_015679908.1_16917	447	408.949	0	0
lcl|NW_015388320.1_cds_XP_015679911.1_16918	2661	2721.05	32	1.09525
lcl|NW_015388320.1_cds_XP_015679910.1_16919	1077	1105.51	5	0.42122
lcl|NW_015388321.1_cds_XP_015679912.2_16920	408	382.643	55.5974	13.532
lcl|NW_015388322.1_cds_XP_029141608.1_16921	1734	1710.06	12	0.653538
lcl|NW_015388322.1_cds_XP_015679918.1_16922	462	417.131	182.504	40.7475
lcl|NW_015388322.1_cds_XP_015679919.1_16923	456	411.82	99.4961	22.5009
lcl|NW_015388322.1_cds_XP_015679916.1_16924	1287	1242.16	210	15.745
lcl|NW_015388322.1_cds_XP_015679920.1_16925	639	584.437	5	0.796771
lcl|NW_015388322.1_cds_XP_015679921.1_16926	576	538.331	3	0.519007
lcl|NW_015388322.1_cds_XP_015679922.1_16927	339	316.701	74	21.7613
lcl|NW_015388322.1_cds_XP_015679923.1_16928	7074	7023.34	51	0.676282
lcl|NW_015388322.1_cds_XP_029141609.1_16929	4188	4212.96	15.0174	0.331978
lcl|NW_015388322.1_cds_XP_015679917.1_16930	2350	2351.11	6.27663	0.248631
lcl|NW_015388324.1_cds_XP_015679927.1_16931	3630	3680.54	12	0.303648
lcl|NW_015388325.1_cds_XP_015679928.2_16932	3147	3142.97	25.8483	0.765938
lcl|NW_015388326.1_cds_XP_015679929.1_16933	1590	1504.83	12	0.742671
lcl|NW_015388326.1_cds_XP_015679930.1_16934	4014	4105.21	688.425	15.6179
lcl|NW_015388326.1_cds_XP_015679932.1_16935	222	170.36	1.57462	0.860811
lcl|NW_015388326.1_cds_XP_029141610.1_16936	6096	6016.87	8.71639	0.134917
lcl|NW_015388328.1_cds_XP_015679936.1_16937	1917	1952.06	58	2.76717
lcl|NW_015388328.1_cds_XP_015679937.2_16938	954	859.653	72	7.80029
lcl|NW_015388328.1_cds_XP_015679933.1_16939	747	708.949	0	0
lcl|NW_015388328.1_cds_XP_015679934.1_16940	3480	3336.58	15	0.418688
lcl|NW_015388329.1_cds_XP_029141611.1_16941	465	413.534	116	26.1245
lcl|NW_015388331.1_cds_XP_015679946.1_16942	2403	2400.17	163	6.32481
lcl|NW_015388331.1_cds_XP_015679947.1_16943	756	729.015	567	72.4349
lcl|NW_015388331.1_cds_XP_015679949.1_16944	3240	3108.05	25.0499	0.75062
lcl|NW_015388331.1_cds_XP_015679941.1_16945	1161	1079.18	20	1.72599
lcl|NW_015388331.1_cds_XP_015679944.1_16946	2604	2452.51	1	0.0379744
lcl|NW_015388331.1_cds_XP_029141612.1_16947	3957	3893.86	568.466	13.5964
lcl|NW_015388331.1_cds_XP_015679945.1_16948	627	569.602	266.103	43.5091
lcl|NW_015388331.1_cds_XP_015679950.1_16949	1074	1028.5	214	19.378
lcl|NW_015388331.1_cds_XP_015679951.1_16950	1773	1795.7	128	6.63862
lcl|NW_015388331.1_cds_XP_015679943.1_16951	858	797.827	20	2.33465
lcl|NW_015388332.1_cds_XP_029141613.1_16952	1893	1768.92	0	0
lcl|NW_015388332.1_cds_XP_015679953.1_16953	1890	1765.04	6	0.31659
lcl|NW_015388332.1_cds_XP_015679952.1_16954	2445	2251.98	62	2.56407
lcl|NW_015388333.1_cds_XP_029141614.1_16955	466	427.949	0	0
lcl|NW_015388335.1_cds_XP_015679955.1_16956	2340	2212.49	94.7337	3.98771
lcl|NW_015388335.1_cds_XP_029141615.1_16957	4614	4521.96	20	0.411913
lcl|NW_015388335.1_cds_XP_029141616.1_16958	1077	1012.15	21	1.9323
lcl|NW_015388338.1_cds_XP_015679963.1_16959	504	447.533	194	40.3718
lcl|NW_015388338.1_cds_XP_015679962.1_16960	840	768.078	10	1.21254
lcl|NW_015388338.1_cds_XP_015679964.1_16961	849	847.956	968	106.317
lcl|NW_015388338.1_cds_XP_015679961.1_16962	6349	6521.36	1	0.0142811
lcl|NW_015388340.1_cds_XP_015679965.1_16963	2946	2699.74	5.94995	0.205255
lcl|NW_015388340.1_cds_XP_015679967.1_16964	384	334.548	160	44.5413
lcl|NW_015388340.1_cds_XP_029141618.1_16965	360	306.24	3	0.912348
lcl|NW_015388340.1_cds_XP_029141617.1_16966	2583	2463.38	15	0.567102
lcl|NW_015388340.1_cds_XP_015679968.1_16967	1563	1356.72	1	0.0686455
lcl|NW_015388341.1_cds_XP_015679971.1_16968	1320	1330.32	0	0
lcl|NW_015388341.1_cds_XP_015679970.1_16969	2373	2439.56	225	8.58959
lcl|NW_015388343.1_cds_XP_015679972.1_16970	4116	4389.74	1	0.021216
lcl|NW_015388344.1_cds_XP_015679975.1_16971	624	591.941	17	2.67468
lcl|NW_015388344.1_cds_XP_015679974.1_16972	945	923.39	132	13.3134
lcl|NW_015388344.1_cds_XP_015679973.1_16973	522	493.224	107	20.2042
lcl|NW_015388345.1_cds_XP_015679976.1_16974	724	658.711	3	0.424158
lcl|NW_015388346.1_cds_XP_015679978.1_16975	1710	1698.29	9.7243	0.53327
lcl|NW_015388346.1_cds_XP_015679979.1_16976	894	855.949	0	0
lcl|NW_015388346.1_cds_XP_015679980.1_16977	657	624.308	5	0.745886
lcl|NW_015388346.1_cds_XP_015679982.1_16978	1005	967.564	2593	249.588
lcl|NW_015388346.1_cds_XP_015679983.1_16979	675	595.601	2376	371.529
lcl|NW_015388346.1_cds_XP_015679981.1_16980	642	645.024	35.6919	5.15342
lcl|NW_015388348.1_cds_XP_015679984.2_16981	933	894.949	0	0
lcl|NW_015388348.1_cds_XP_015679986.2_16982	4077	3976.06	13	0.304503
lcl|NW_015388348.1_cds_XP_015679987.1_16983	270	228.69	22.2853	9.07554
lcl|NW_015388348.1_cds_XP_015679988.1_16984	1233	1204.25	319.715	24.7257
lcl|NW_015388349.1_cds_XP_029141620.1_16985	516	477.949	0	0
lcl|NW_015388349.1_cds_XP_015679991.1_16986	789	765.011	49.2209	5.99216
lcl|NW_015388350.1_cds_XP_015679992.1_16987	1479	1409.09	3	0.198283
lcl|NW_015388353.1_cds_XP_015679993.1_16988	2082	1994.83	9	0.420182
lcl|NW_015388353.1_cds_XP_029141621.1_16989	2172	2134.39	63	2.74895
lcl|NW_015388353.1_cds_XP_015679994.1_16990	1173	1134.95	0	0
lcl|NW_015388357.1_cds_XP_015679998.1_16991	1398	1418.57	148	9.71657
lcl|NW_015388357.1_cds_XP_029141622.1_16992	393	358.609	2	0.51941
lcl|NW_015388358.1_cds_XP_029141624.1_16993	2733	2536.52	13	0.477317
lcl|NW_015388358.1_cds_XP_015680001.1_16994	585	540.125	387	66.7295
lcl|NW_015388358.1_cds_XP_029141625.1_16995	3918	3751.26	5	0.124135
lcl|NW_015388359.1_cds_XP_015680002.1_16996	1410	1244.9	20	1.49623
lcl|NW_015388359.1_cds_XP_015680003.1_16997	309	245.138	8	3.03935
lcl|NW_015388360.1_cds_XP_015680005.1_16998	561	528.2	46	8.11075
lcl|NW_015388360.1_cds_XP_029141626.1_16999	936	895.591	18	1.87182
lcl|NW_015388360.1_cds_XP_015680009.1_17000	1011	973.685	84	8.03456
lcl|NW_015388360.1_cds_XP_029141628.1_17001	441	380.314	26	6.36696
lcl|NW_015388360.1_cds_XP_015680008.2_17002	1452	1371.74	6	0.407361
lcl|NW_015388360.1_cds_XP_015680010.1_17003	609	586.745	673	106.824
lcl|NW_015388360.1_cds_XP_015680011.1_17004	549	514.763	4.10033e-06	7.41844e-07
lcl|NW_015388360.1_cds_XP_015680013.1_17005	528	494.735	37	6.96515
lcl|NW_015388360.1_cds_XP_015680004.1_17006	885	872.623	7	0.747089
lcl|NW_015388361.1_cds_XP_029141629.1_17007	1911	1874.75	1	0.0496773
lcl|NW_015388361.1_cds_XP_015680018.1_17008	351	278.11	2.3909	0.800658
lcl|NW_015388361.1_cds_XP_015680019.1_17009	1482	1331.24	62.6091	4.38009
lcl|NW_015388361.1_cds_XP_015680015.1_17010	1089	1052.45	6	0.530944
lcl|NW_015388361.1_cds_XP_015680020.1_17011	1320	1284.65	12	0.869955
lcl|NW_015388361.1_cds_XP_015680016.1_17012	1464	1355.32	15.974	1.09768
lcl|NW_015388362.1_cds_XP_015680022.1_17013	339	291.745	312.917	99.8913
lcl|NW_015388362.1_cds_XP_015680021.1_17014	1167	1128.95	0	0
lcl|NW_015388362.1_cds_XP_015680023.1_17015	627	565.277	5	0.823778
lcl|NW_015388362.1_cds_XP_015680024.1_17016	567	525.263	40	7.09226
lcl|NW_015388362.1_cds_XP_015680025.1_17017	567	525.263	40	7.09226
lcl|NW_015388362.1_cds_XP_015680026.1_17018	873	810.096	41	4.71355
lcl|NW_015388363.1_cds_XP_015680027.2_17019	1728	1689.95	0	0
lcl|NW_015388364.1_cds_XP_015680028.1_17020	9747	9222.75	1	0.0100981
lcl|NW_015388365.1_cds_XP_015680030.1_17021	688	649.949	0	0
lcl|NW_015388366.1_cds_XP_015680035.1_17022	1755	1755.23	44	2.33464
lcl|NW_015388366.1_cds_XP_029141632.1_17023	819	805.461	7.86494	0.909394
lcl|NW_015388366.1_cds_XP_015680031.1_17024	1719	1680.95	0	0
lcl|NW_015388368.1_cds_XP_015680037.1_17025	495	456.949	0	0
lcl|NW_015388368.1_cds_XP_015680040.1_17026	3351	3427.5	29	0.787992
lcl|NW_015388368.1_cds_XP_015680041.1_17027	3411	3478.55	3.78997e-05	1.0147e-06
lcl|NW_015388368.1_cds_XP_015680039.1_17028	636	582.894	16	2.55642
lcl|NW_015388368.1_cds_XP_015680038.1_17029	678	623.897	0	0
lcl|NW_015388369.1_cds_XP_029141633.1_17030	192	134.231	97	67.3007
lcl|NW_015388369.1_cds_XP_015680043.1_17031	828	777.102	1021	122.363
lcl|NW_015388369.1_cds_XP_015680042.1_17032	321	263.168	16	5.66224
lcl|NW_015388369.1_cds_XP_015680048.1_17033	2064	1974.2	305	14.3883
lcl|NW_015388369.1_cds_XP_015680044.1_17034	2925	2823.22	1	0.0329881
lcl|NW_015388369.1_cds_XP_015680049.1_17035	1476	1391.46	12	0.803176
lcl|NW_015388369.1_cds_XP_015680050.1_17036	1470	1390.64	3	0.200912
lcl|NW_015388369.1_cds_XP_029141634.1_17037	1053	991.71	5	0.469555
lcl|NW_015388369.1_cds_XP_015680052.1_17038	1620	1521.94	55	3.36563
lcl|NW_015388369.1_cds_XP_015680045.1_17039	1551	1550.63	1	0.060061
lcl|NW_015388369.1_cds_XP_015680046.1_17040	993	930.881	93	9.30444
lcl|NW_015388369.1_cds_XP_015680053.1_17041	2166	2112.91	181	7.9781
lcl|NW_015388369.1_cds_XP_015680047.1_17042	1965	1926.95	0	0
lcl|NW_015388370.1_cds_XP_029141635.1_17043	1434	1218.72	201.07	15.3654
lcl|NW_015388370.1_cds_XP_015680062.1_17044	900	861.949	0	0
lcl|NW_015388370.1_cds_XP_015680070.1_17045	411	336.299	440	121.851
lcl|NW_015388370.1_cds_XP_015680071.1_17046	411	336.299	440	121.851
lcl|NW_015388370.1_cds_XP_015680063.1_17047	897	858.949	0	0
lcl|NW_015388370.1_cds_XP_015680064.1_17048	873	834.949	0	0
lcl|NW_015388370.1_cds_XP_015680072.1_17049	1530	1406.09	12	0.794822
lcl|NW_015388370.1_cds_XP_015680065.1_17050	756	666.983	396	55.2945
lcl|NW_015388370.1_cds_XP_015680055.2_17051	1275	1160.99	2	0.160437
lcl|NW_015388370.1_cds_XP_015680066.2_17052	1329	1208.56	20	1.54121
lcl|NW_015388370.1_cds_XP_029141636.1_17053	588	514.162	44.7038	8.09741
lcl|NW_015388370.1_cds_XP_015680057.1_17054	318	279.949	0	0
lcl|NW_015388370.1_cds_XP_015680067.1_17055	528	437.541	17	3.61852
lcl|NW_015388370.1_cds_XP_015680068.1_17056	1242	1103.49	29	2.44754
lcl|NW_015388370.1_cds_XP_015680059.1_17057	717	663.46	11	1.54411
lcl|NW_015388370.1_cds_XP_029141638.1_17058	2535	2285.69	66	2.68923
lcl|NW_015388370.1_cds_XP_029141637.1_17059	2565	2526.95	0	0
lcl|NW_015388371.1_cds_XP_015680073.1_17060	1080	1041.95	0	0
lcl|NW_015388371.1_cds_XP_015680074.2_17061	954	915.949	0	0
lcl|NW_015388371.1_cds_XP_029141640.1_17062	915	876.949	0	0
lcl|NW_015388371.1_cds_XP_015680075.1_17063	915	876.949	0	0
lcl|NW_015388371.1_cds_XP_029141641.1_17064	915	876.949	0	0
lcl|NW_015388371.1_cds_XP_029141639.1_17065	912	873.949	0	0
lcl|NW_015388371.1_cds_XP_029141642.1_17066	855	816.949	0	0
lcl|NW_015388371.1_cds_XP_029141643.1_17067	936	897.949	0	0
lcl|NW_015388371.1_cds_XP_029141644.1_17068	918	879.949	0	0
lcl|NW_015388371.1_cds_XP_029141645.1_17069	915	876.949	0	0
lcl|NW_015388371.1_cds_XP_029141646.1_17070	915	876.949	0	0
lcl|NW_015388371.1_cds_XP_029141647.1_17071	918	879.949	0	0
lcl|NW_015388373.1_cds_XP_015680076.1_17072	289	250.949	0	0
lcl|NW_015388373.1_cds_XP_015680078.1_17073	3180	3138.98	161	4.77682
lcl|NW_015388373.1_cds_XP_015680079.1_17074	1935	1901.96	23	1.12623
lcl|NW_015388374.1_cds_XP_015680081.1_17075	1296	1257.95	0	0
lcl|NW_015388374.1_cds_XP_015680082.1_17076	999	895.03	60	6.24331
lcl|NW_015388374.1_cds_XP_015680083.1_17077	834	756.845	4	0.492215
lcl|NW_015388374.1_cds_XP_029141648.1_17078	639	574.453	2	0.324248
lcl|NW_015388375.1_cds_XP_029141649.1_17079	448	409.949	0	0
lcl|NW_015388375.1_cds_XP_029141650.1_17080	1875	1764.59	8	0.422228
lcl|NW_015388375.1_cds_XP_015680087.1_17081	927	853.112	12	1.31002
lcl|NW_015388375.1_cds_XP_015680088.1_17082	540	481.085	28	5.42047
lcl|NW_015388375.1_cds_XP_015680086.1_17083	852	795.19	3	0.35136
lcl|NW_015388376.1_cds_XP_015680091.2_17084	1983	1923.89	140	6.77719
lcl|NW_015388376.1_cds_XP_029141651.1_17085	1005	962.479	9	0.870868
lcl|NW_015388376.1_cds_XP_015680093.1_17086	1056	991.293	227	21.3268
lcl|NW_015388377.1_cds_XP_015680094.1_17087	1059	991.962	66.1073	6.20663
lcl|NW_015388377.1_cds_XP_015680095.1_17088	960	937.904	25.965	2.57829
lcl|NW_015388378.1_cds_XP_015680096.1_17089	798	739.068	23.2051	2.92415
lcl|NW_015388378.1_cds_XP_015680097.1_17090	1002	961.389	20	1.93746
lcl|NW_015388379.1_cds_XP_029141652.1_17091	1302	1263.95	0	0
lcl|NW_015388379.1_cds_XP_015680098.1_17092	789	765.949	1	0.121591
lcl|NW_015388382.1_cds_XP_015680100.1_17093	768	729.949	0	0
lcl|NW_015388382.1_cds_XP_015680103.1_17094	1011	928.83	24	2.40645
lcl|NW_015388382.1_cds_XP_015680102.1_17095	1017	954.235	1	0.0975991
lcl|NW_015388382.1_cds_XP_029141653.1_17096	6426	6499.99	9	0.128953
lcl|NW_015388382.1_cds_XP_015680104.1_17097	1716	1710.65	35.2066	1.91675
lcl|NW_015388382.1_cds_XP_015680106.1_17098	1644	1637.21	101.799	5.7908
lcl|NW_015388382.1_cds_XP_015680105.1_17099	1674	1662.06	290.692	16.2888
lcl|NW_015388382.1_cds_XP_015680107.1_17100	1560	1539.63	421.303	25.4847
lcl|NW_015388383.1_cds_XP_029141655.1_17101	742	740.546	1	0.125762
lcl|NW_015388383.1_cds_XP_015680111.1_17102	1461	1442.16	29	1.87277
lcl|NW_015388383.1_cds_XP_029141654.1_17103	1257	1270.49	1	0.0733045
lcl|NW_015388384.1_cds_XP_029141656.1_17104	1521	1499.15	551	34.2301
lcl|NW_015388384.1_cds_XP_015680113.1_17105	2577	2499.05	630	23.4783
lcl|NW_015388385.1_cds_XP_015680118.1_17106	1044	984.949	8	0.756445
lcl|NW_015388385.1_cds_XP_029141657.1_17107	3048	3009.95	0	0
lcl|NW_015388385.1_cds_XP_015680119.1_17108	1050	924.073	7	0.705493
lcl|NW_015388385.1_cds_XP_029141658.1_17109	1350	1311.95	0	0
lcl|NW_015388385.1_cds_XP_015680117.1_17110	928	836.605	4	0.445288
lcl|NW_015388386.1_cds_XP_015680120.1_17111	744	731.619	210	26.7323
lcl|NW_015388388.1_cds_XP_015680121.2_17112	1422	1383.95	0	0
lcl|NW_015388388.1_cds_XP_015680127.2_17113	1113	1074.95	0	0
lcl|NW_015388388.1_cds_XP_015680128.1_17114	1080	1033.35	251	22.6219
lcl|NW_015388388.1_cds_XP_015680122.1_17115	579	472.83	2	0.393937
lcl|NW_015388388.1_cds_XP_015680123.1_17116	2058	2019.95	0	0
lcl|NW_015388388.1_cds_XP_015680124.1_17117	2586	2310.45	21	0.846496
lcl|NW_015388388.1_cds_XP_015680125.1_17118	699	624.943	23	3.42759
lcl|NW_015388389.1_cds_XP_015680129.1_17119	1990	1951.95	0	0
lcl|NW_015388389.1_cds_XP_029141659.1_17120	2856	2766.74	3	0.100985
lcl|NW_015388389.1_cds_XP_015680130.1_17121	408	369.949	0	0
lcl|NW_015388390.1_cds_XP_015680132.1_17122	1689	1650.95	0	0
lcl|NW_015388390.1_cds_XP_015680133.1_17123	5592	5458.79	6	0.102366
lcl|NW_015388390.1_cds_XP_029141660.1_17124	1785	1746.95	0	0
lcl|NW_015388390.1_cds_XP_029141661.1_17125	960	908.616	5	0.512496
lcl|NW_015388390.1_cds_XP_015680135.1_17126	913	807.004	95.5574	11.0278
lcl|NW_015388394.1_cds_XP_015680140.1_17127	357	299.306	697	216.88
lcl|NW_015388394.1_cds_XP_015680136.1_17128	939	900.949	0	0
lcl|NW_015388394.1_cds_XP_015680138.1_17129	2313	2033.24	3	0.137415
lcl|NW_015388394.1_cds_XP_015680139.1_17130	1863	1591.65	33	1.93093
lcl|NW_015388396.1_cds_XP_015680141.1_17131	492	470.257	15	2.97069
lcl|NW_015388396.1_cds_XP_015680142.1_17132	471	444.514	0	0
lcl|NW_015388396.1_cds_XP_015680143.1_17133	1977	1905.29	84	4.106
lcl|NW_015388396.1_cds_XP_015680144.1_17134	1077	1036.11	23	2.06739
lcl|NW_015388400.1_cds_XP_015680145.1_17135	1140	1101.95	0	0
lcl|NW_015388400.1_cds_XP_015680146.1_17136	972	933.949	0	0
lcl|NW_015388400.1_cds_XP_015680147.1_17137	2868	2872.37	38	1.23209
lcl|NW_015388401.1_cds_XP_015680148.1_17138	783	744.949	0	0
lcl|NW_015388401.1_cds_XP_015680150.1_17139	918	867.855	122	13.0922
lcl|NW_015388401.1_cds_XP_015680151.1_17140	918	867.855	122	13.0922
lcl|NW_015388401.1_cds_XP_015680152.1_17141	852	796.733	183.116	21.405
lcl|NW_015388401.1_cds_XP_015680153.1_17142	2112	2119.35	0	0
lcl|NW_015388401.1_cds_XP_015680154.1_17143	2049	2051.03	31	1.40764
lcl|NW_015388402.1_cds_XP_015680155.1_17144	642	628.55	4.46338	0.66134
lcl|NW_015388403.1_cds_XP_029141662.1_17145	1020	953.051	1	0.0977204
lcl|NW_015388403.1_cds_XP_029141663.1_17146	2571	2562.82	27.457	0.997781
lcl|NW_015388403.1_cds_XP_029141664.1_17147	996	957.949	0	0
lcl|NW_015388403.1_cds_XP_029141665.1_17148	1593	1603.65	12.7049	0.737839
lcl|NW_015388404.1_cds_XP_015680163.1_17149	1641	1615.86	7	0.403454
lcl|NW_015388405.1_cds_XP_015680165.1_17150	870	831.949	0	0
lcl|NW_015388405.1_cds_XP_029141666.1_17151	1740	1720.27	29.8555	1.61632
lcl|NW_015388405.1_cds_XP_015680166.1_17152	1575	1537.05	1626.19	98.5337
lcl|NW_015388405.1_cds_XP_015680167.1_17153	1482	1438.28	426.043	27.5875
lcl|NW_015388405.1_cds_XP_015680164.1_17154	786	702.816	1	0.132513
lcl|NW_015388406.1_cds_XP_015680168.1_17155	1806	1868.98	17.7356	0.883777
lcl|NW_015388406.1_cds_XP_015680169.1_17156	558	499.287	67.9503	12.6749
lcl|NW_015388407.1_cds_XP_015680170.1_17157	4317	4396.47	1	0.0211835
lcl|NW_015388407.1_cds_XP_015680173.1_17158	1260	1225.03	57	4.33341
lcl|NW_015388407.1_cds_XP_015680172.1_17159	861	822.949	0	0
lcl|NW_015388409.1_cds_XP_029141667.1_17160	7002	6598.37	24	0.338747
lcl|NW_015388409.1_cds_XP_015680174.1_17161	648	599.268	88	13.6761
lcl|NW_015388409.1_cds_XP_015680178.1_17162	2259	2082.83	750.876	33.575
lcl|NW_015388409.1_cds_XP_015680177.1_17163	2193	2030.13	593.124	27.2096
lcl|NW_015388409.1_cds_XP_015680175.1_17164	303	264.949	0	0
lcl|NW_015388410.1_cds_XP_015680180.1_17165	2610	2571.95	0	0
lcl|NW_015388410.1_cds_XP_015680183.1_17166	2610	2571.95	0	0
lcl|NW_015388410.1_cds_XP_029141668.1_17167	2577	2538.95	0	0
lcl|NW_015388410.1_cds_XP_029141669.1_17168	2571	2532.95	0	0
lcl|NW_015388410.1_cds_XP_015680185.1_17169	927	888.949	0	0
lcl|NW_015388410.1_cds_XP_015680186.1_17170	933	894.949	0	0
lcl|NW_015388410.1_cds_XP_015680187.1_17171	945	906.949	0	0
lcl|NW_015388410.1_cds_XP_015680192.1_17172	933	894.949	0	0
lcl|NW_015388410.1_cds_XP_015680188.1_17173	1014	975.949	0	0
lcl|NW_015388410.1_cds_XP_029141670.1_17174	933	894.949	0	0
lcl|NW_015388410.1_cds_XP_015680190.1_17175	2601	2433.23	1	0.0382753
lcl|NW_015388410.1_cds_XP_015680191.1_17176	1004	965.949	0	0
lcl|NW_015388411.1_cds_XP_015680196.1_17177	1947	1890.52	18	0.886733
lcl|NW_015388411.1_cds_XP_029141671.1_17178	1764	1725.95	0	0
lcl|NW_015388411.1_cds_XP_015680195.1_17179	2304	2254.37	2	0.0826239
lcl|NW_015388412.1_cds_XP_015680202.2_17180	918	879.949	0	0
lcl|NW_015388412.1_cds_XP_015680210.1_17181	1233	1203.96	15	1.16032
lcl|NW_015388412.1_cds_XP_015680197.1_17182	993	954.949	0	0
lcl|NW_015388412.1_cds_XP_015680199.1_17183	1047	745.345	2	0.249904
lcl|NW_015388412.1_cds_XP_015680200.1_17184	1401	1318.96	1038	73.2936
lcl|NW_015388412.1_cds_XP_015680211.1_17185	1413	1324.36	2725.78	191.684
lcl|NW_015388412.1_cds_XP_029141672.1_17186	5886	5944.76	22.6052	0.35414
lcl|NW_015388412.1_cds_XP_015680212.2_17187	615	530.838	31	5.43878
lcl|NW_015388412.1_cds_XP_015680204.1_17188	228	200.776	2	0.927724
lcl|NW_015388412.1_cds_XP_015680206.1_17189	336	290.556	6	1.9232
lcl|NW_015388412.1_cds_XP_015680213.1_17190	786	718.825	99	12.8267
lcl|NW_015388412.1_cds_XP_015680207.1_17191	525	483.02	8	1.5425
lcl|NW_015388412.1_cds_XP_015680201.1_17192	1629	1524.26	2	0.1222
lcl|NW_015388412.1_cds_XP_015680208.1_17193	744	669.016	18	2.50575
lcl|NW_015388412.1_cds_XP_015680209.1_17194	1272	1219.16	1	0.0763905
lcl|NW_015388413.1_cds_XP_015680214.1_17195	1011	997.066	92	8.5934
lcl|NW_015388413.1_cds_XP_015680215.1_17196	2202	2207.57	132	5.56878
lcl|NW_015388413.1_cds_XP_015680217.1_17197	2583	2584.8	246	8.86357
lcl|NW_015388413.1_cds_XP_015680218.1_17198	1926	1888.12	2715	133.918
lcl|NW_015388414.1_cds_XP_015680219.1_17199	1584	1475.77	46	2.90295
lcl|NW_015388414.1_cds_XP_015680228.1_17200	2274	2091.63	44	1.95915
lcl|NW_015388414.1_cds_XP_029141673.1_17201	792	703.689	41	5.42631
lcl|NW_015388414.1_cds_XP_015680225.1_17202	801	720.417	3	0.387828
lcl|NW_015388414.1_cds_XP_029141674.1_17203	1962	1820.88	3	0.153441
lcl|NW_015388414.1_cds_XP_015680221.1_17204	1290	1158.54	1	0.0803878
lcl|NW_015388414.1_cds_XP_015680222.1_17205	501	459.592	3	0.607925
lcl|NW_015388414.1_cds_XP_015680226.1_17206	234	184.388	204	103.039
lcl|NW_015388414.1_cds_XP_015680223.1_17207	349	297.403	61	19.1023
lcl|NW_015388415.1_cds_XP_015680230.1_17208	294	244.805	82.3723	31.3374
lcl|NW_015388415.1_cds_XP_015680229.1_17209	564	525.949	0	0
lcl|NW_015388415.1_cds_XP_015680232.1_17210	1593	1529.6	26	1.58306
lcl|NW_015388415.1_cds_XP_029141675.1_17211	4374	4303.37	14	0.302985
lcl|NW_015388417.1_cds_XP_015680233.1_17212	921	905.82	2	0.205631
lcl|NW_015388418.1_cds_XP_029141676.1_17213	2094	2064.82	16	0.72167
lcl|NW_015388419.1_cds_XP_015680235.1_17214	2784	2745.95	0	0
lcl|NW_015388420.1_cds_XP_029141677.1_17215	1287	1248.95	0	0
lcl|NW_015388420.1_cds_XP_015680239.1_17216	3744	3340.27	6	0.167291
lcl|NW_015388420.1_cds_XP_015680236.1_17217	1149	1110.95	0	0
lcl|NW_015388420.1_cds_XP_015680237.1_17218	4603	4155.43	17	0.381009
lcl|NW_015388422.1_cds_XP_015680240.1_17219	615	625.334	100	14.8932
lcl|NW_015388422.1_cds_XP_015680241.1_17220	1053	1014.95	0	0
lcl|NW_015388422.1_cds_XP_015680242.1_17221	1971	1990.45	15	0.701845
lcl|NW_015388423.1_cds_XP_015680243.1_17222	2892	2892.06	78	2.51182
lcl|NW_015388424.1_cds_XP_015680244.1_17223	2073	2123.28	7	0.307038
lcl|NW_015388424.1_cds_XP_015680245.1_17224	4152	4113.95	0	0
lcl|NW_015388425.1_cds_XP_015680250.1_17225	4515	4268.81	72	1.57082
lcl|NW_015388425.1_cds_XP_029141678.1_17226	2727	2483.36	11.7523	0.440743
lcl|NW_015388425.1_cds_XP_029141679.1_17227	951	790.211	6	0.707146
lcl|NW_015388425.1_cds_XP_015680251.1_17228	2322	2214.16	11	0.462684
lcl|NW_015388425.1_cds_XP_015680252.1_17229	630	537.585	157	27.1991
lcl|NW_015388425.1_cds_XP_015680247.1_17230	1599	1497.22	165	10.2636
lcl|NW_015388425.1_cds_XP_015680253.1_17231	2298	2195.07	139.759	5.9297
lcl|NW_015388425.1_cds_XP_015680254.1_17232	831	774.655	148.074	17.8021
lcl|NW_015388426.1_cds_XP_029141680.1_17233	808	769.949	0	0
lcl|NW_015388427.1_cds_XP_015680255.1_17234	246	207.949	0	0
lcl|NW_015388428.1_cds_XP_029141681.1_17235	3357	3409.92	3	0.0819367
lcl|NW_015388428.1_cds_XP_015680257.1_17236	945	906.564	10	1.02731
lcl|NW_015388429.1_cds_XP_015680258.1_17237	1104	1104.93	6	0.505731
lcl|NW_015388429.1_cds_XP_015680259.1_17238	1392	1352.54	2	0.137715
lcl|NW_015388430.1_cds_XP_015680263.1_17239	1350	1283.37	1	0.0725688
lcl|NW_015388430.1_cds_XP_015680266.1_17240	918	827.517	1058	119.072
lcl|NW_015388430.1_cds_XP_015680264.1_17241	1263	1205.39	7.5	0.579474
lcl|NW_015388430.1_cds_XP_015680265.1_17242	1263	1205.39	7.5	0.579474
lcl|NW_015388430.1_cds_XP_015680261.1_17243	2667	2635.56	9	0.318033
lcl|NW_015388430.1_cds_XP_029141683.1_17244	1182	1190.5	28.0701	2.19592
lcl|NW_015388431.1_cds_XP_029141684.1_17245	843	827.814	2.5	0.28126
lcl|NW_015388431.1_cds_XP_029141685.1_17246	843	827.814	2.5	0.28126
lcl|NW_015388431.1_cds_XP_015680269.1_17247	1002	956.346	1144	111.407
lcl|NW_015388432.1_cds_XP_029141687.1_17248	1452	1413.95	0	0
lcl|NW_015388432.1_cds_XP_029141686.1_17249	3483	3444.95	0	0
lcl|NW_015388432.1_cds_XP_029141688.1_17250	1515	1295.07	2	0.143827
lcl|NW_015388432.1_cds_XP_029141689.1_17251	1179	1140.95	0	0
lcl|NW_015388432.1_cds_XP_029141690.1_17252	2745	2345.21	1.05028	0.0417084
lcl|NW_015388433.1_cds_XP_015680276.1_17253	1065	1026.95	0	0
lcl|NW_015388434.1_cds_XP_015680278.1_17254	2046	2058.02	133	6.01872
lcl|NW_015388434.1_cds_XP_015680279.1_17255	1203	1182.57	54	4.25275
lcl|NW_015388434.1_cds_XP_015680277.1_17256	1905	1973.43	2	0.0943866
lcl|NW_015388435.1_cds_XP_015680284.1_17257	1371	1254.91	86	6.38242
lcl|NW_015388435.1_cds_XP_015680280.1_17258	741	630.519	9.57316	1.41403
lcl|NW_015388435.1_cds_XP_029141691.1_17259	900	872.169	4	0.427131
lcl|NW_015388435.1_cds_XP_029141692.1_17260	882	843.949	0	0
lcl|NW_015388435.1_cds_XP_015680282.1_17261	414	375.949	0	0
lcl|NW_015388435.1_cds_XP_015680285.1_17262	2484	2323.71	14	0.56111
lcl|NW_015388436.1_cds_XP_029141693.1_17263	6363	6625.06	52	0.730996
lcl|NW_015388436.1_cds_XP_029141694.1_17264	2241	2248.42	165	6.83453
lcl|NW_015388436.1_cds_XP_015680288.1_17265	1449	1433.68	2149	139.6
lcl|NW_015388437.1_cds_XP_015680289.1_17266	915	862.698	3	0.323865
lcl|NW_015388437.1_cds_XP_015680292.1_17267	435	401.216	37	8.58865
lcl|NW_015388437.1_cds_XP_015680290.1_17268	1314	1329.39	1	0.0700564
lcl|NW_015388441.1_cds_XP_015680293.1_17269	342	299.007	0	0
lcl|NW_015388443.1_cds_XP_015680295.1_17270	3768	3821.89	17.3898	0.423757
lcl|NW_015388443.1_cds_XP_015680294.1_17271	489	443.291	17.9988	3.78143
lcl|NW_015388444.1_cds_XP_015680299.1_17272	1857	1859.8	101.042	5.05986
lcl|NW_015388444.1_cds_XP_029141695.1_17273	3138	3056.83	68	2.07176
lcl|NW_015388444.1_cds_XP_015680298.1_17274	669	583.259	3	0.479028
lcl|NW_015388444.1_cds_XP_029141696.1_17275	696	630.713	23.3393	3.44633
lcl|NW_015388444.1_cds_XP_015680301.1_17276	714	649.397	56.8304	8.15026
lcl|NW_015388444.1_cds_XP_015680302.1_17277	714	649.397	56.8304	8.15026
lcl|NW_015388444.1_cds_XP_015680297.1_17278	552	513.949	0	0
lcl|NW_015388446.1_cds_XP_015680307.1_17279	13191	13722.9	66	0.447918
lcl|NW_015388446.1_cds_XP_015680308.1_17280	1527	1559.62	1829.6	109.254
lcl|NW_015388446.1_cds_XP_015680309.1_17281	1419	1448.8	79.3509	5.10086
lcl|NW_015388446.1_cds_XP_015680310.1_17282	1419	1448.8	79.3509	5.10086
lcl|NW_015388446.1_cds_XP_015680311.1_17283	1419	1448.8	79.3509	5.10086
lcl|NW_015388446.1_cds_XP_015680312.1_17284	1419	1448.8	79.3509	5.10086
lcl|NW_015388446.1_cds_XP_015680313.1_17285	627	606.368	781	119.954
lcl|NW_015388446.1_cds_XP_015680304.1_17286	984	957.802	38	3.69495
lcl|NW_015388446.1_cds_XP_015680305.1_17287	1305	1266.95	0	0
lcl|NW_015388447.1_cds_XP_015680314.1_17288	4371	4048.88	11	0.253023
lcl|NW_015388447.1_cds_XP_015680315.1_17289	2514	2241.18	12	0.498661
lcl|NW_015388447.1_cds_XP_015680322.1_17290	1128	1089.95	0	0
lcl|NW_015388447.1_cds_XP_015680323.1_17291	1551	1512.95	0	0
lcl|NW_015388447.1_cds_XP_015680324.1_17292	660	616.436	11	1.6619
lcl|NW_015388447.1_cds_XP_015680327.1_17293	1179	1076.41	77	6.66216
lcl|NW_015388447.1_cds_XP_015680325.1_17294	1002	943.779	85	8.38784
lcl|NW_015388447.1_cds_XP_015680326.1_17295	1002	943.779	85	8.38784
lcl|NW_015388447.1_cds_XP_015680316.1_17296	1239	1162.67	2	0.160205
lcl|NW_015388447.1_cds_XP_015680317.1_17297	789	712.646	729	95.2698
lcl|NW_015388447.1_cds_XP_015680319.1_17298	972	937.036	107	10.6348
lcl|NW_015388447.1_cds_XP_029141697.1_17299	3570	3526.49	3	0.0792281
lcl|NW_015388447.1_cds_XP_029141698.1_17300	1611	1520.07	3	0.183806
lcl|NW_015388448.1_cds_XP_015680332.1_17301	924	864.716	107.381	11.5652
lcl|NW_015388448.1_cds_XP_015680333.1_17302	909	850.962	0.0728982	0.00797826
lcl|NW_015388448.1_cds_XP_015680334.1_17303	894	825.143	50.5666	5.70737
lcl|NW_015388448.1_cds_XP_015680330.1_17304	1275	1181.51	136.328	10.746
lcl|NW_015388448.1_cds_XP_015680331.1_17305	1248	1153.76	0.652026	0.0526319
lcl|NW_015388448.1_cds_XP_015680335.1_17306	2070	1970.59	40	1.89045
lcl|NW_015388448.1_cds_XP_015680328.1_17307	327	288.949	0	0
lcl|NW_015388449.1_cds_XP_029141700.1_17308	2400	2361.95	0	0
lcl|NW_015388449.1_cds_XP_029141699.1_17309	2463	2424.95	0	0
lcl|NW_015388449.1_cds_XP_015680337.1_17310	969	923.401	8	0.806866
lcl|NW_015388451.1_cds_XP_015680339.1_17311	822	694.312	8	1.07309
lcl|NW_015388455.1_cds_XP_015680341.1_17312	1704	1665.95	0	0
lcl|NW_015388457.1_cds_XP_015680342.1_17313	1260	1224.83	4	0.304147
lcl|NW_015388459.1_cds_XP_015680343.1_17314	1341	1237.32	1	0.0752698
lcl|NW_015388461.1_cds_XP_015680344.1_17315	1497	1480.36	2	0.125825
lcl|NW_015388463.1_cds_XP_015680345.1_17316	1317	1163.55	9	0.720375
lcl|NW_015388463.1_cds_XP_015680347.1_17317	3600	3426.01	1	0.027184
lcl|NW_015388463.1_cds_XP_015680346.1_17318	3663	3493.73	2.34762e-08	6.25807e-10
lcl|NW_015388465.1_cds_XP_015680348.1_17319	1089	1100.54	7	0.592372
lcl|NW_015388465.1_cds_XP_015680350.1_17320	2067	2022.47	5	0.230245
lcl|NW_015388468.1_cds_XP_015680351.1_17321	1140	1090.98	304	25.9511
lcl|NW_015388468.1_cds_XP_015680352.1_17322	1755	1726.52	62.3214	3.36177
lcl|NW_015388468.1_cds_XP_015680353.1_17323	912	879.069	301.818	31.976
lcl|NW_015388469.1_cds_XP_015680354.1_17324	1524	1485.95	0	0
lcl|NW_015388470.1_cds_17325	426	420.145	5.23412	1.16024
lcl|NW_015388470.1_cds_XP_029141702.1_17326	993	1000.53	4.13639	0.385027
lcl|NW_015388470.1_cds_17327	633	628.374	9.32393	1.38192
lcl|NW_015388470.1_cds_17328	366	347.125	1.03075	0.276547
lcl|NW_015388470.1_cds_17329	531	497.208	1.38662	0.259729
lcl|NW_015388470.1_cds_17330	489	450.949	0	0
lcl|NW_015388470.1_cds_17331	423	411.976	55.2783	12.4964
lcl|NW_015388470.1_cds_17332	450	438.605	57.8394	12.2815
lcl|NW_015388470.1_cds_17333	393	361.487	19.3664	4.98951
lcl|NW_015388470.1_cds_17334	525	512.51	63.4581	11.5315
lcl|NW_015388470.1_cds_17335	537	545.015	2.20436	0.376683
lcl|NW_015388470.1_cds_17336	369	336.531	5.27636	1.46019
lcl|NW_015388470.1_cds_17337	390	377.979	2.32455	0.572759
lcl|NW_015388470.1_cds_17338	387	350.4	1	0.265789
lcl|NW_015388470.1_cds_17339	387	362.934	3.04627	0.781705
lcl|NW_015388470.1_cds_17340	369	328.882	3.98686	1.129
lcl|NW_015388471.1_cds_XP_015680358.1_17341	1449	1381.34	106	7.14672
lcl|NW_015388473.1_cds_XP_029141703.1_17342	1908	1763.24	2.07598	0.109651
lcl|NW_015388473.1_cds_XP_015680359.1_17343	324	285.949	0	0
lcl|NW_015388474.1_cds_XP_015680363.1_17344	3024	3019.9	41	1.26443
lcl|NW_015388474.1_cds_XP_029141704.1_17345	834	815.902	161	18.3776
lcl|NW_015388475.1_cds_XP_015680364.1_17346	705	666.949	0	0
lcl|NW_015388475.1_cds_XP_015680365.1_17347	1719	1691.21	10	0.550687
lcl|NW_015388476.1_cds_XP_029141705.1_17348	2928	2889.95	0	0
lcl|NW_015388477.1_cds_XP_015680366.1_17349	2199	2100.19	3	0.133035
lcl|NW_015388477.1_cds_XP_015680367.1_17350	2277	2223.25	45	1.88506
lcl|NW_015388477.1_cds_XP_029141706.1_17351	1112	1103.28	5	0.42207
lcl|NW_015388478.1_cds_XP_015680377.1_17352	237	163.666	2	1.13808
lcl|NW_015388478.1_cds_XP_015680376.1_17353	240	201.949	0	0
lcl|NW_015388478.1_cds_XP_015680378.1_17354	279	240.949	0	0
lcl|NW_015388478.1_cds_XP_015680370.1_17355	2952	2618.47	1	0.0355675
lcl|NW_015388478.1_cds_XP_015680384.1_17356	561	522.949	0	0
lcl|NW_015388478.1_cds_XP_029141708.1_17357	648	609.949	0	0
lcl|NW_015388478.1_cds_XP_015680385.2_17358	675	636.949	0	0
lcl|NW_015388478.1_cds_XP_029141709.1_17359	930	891.949	0	0
lcl|NW_015388478.1_cds_XP_015680382.1_17360	1047	944.635	120	11.8309
lcl|NW_015388478.1_cds_XP_015680373.1_17361	1137	1098.95	0	0
lcl|NW_015388478.1_cds_XP_029141710.1_17362	2790	2486.31	10	0.374581
lcl|NW_015388478.1_cds_XP_015680380.1_17363	3858	3819.95	0	0
lcl|NW_015388478.1_cds_XP_029141711.1_17364	2817	2520.1	8	0.295647
lcl|NW_015388478.1_cds_XP_015680381.1_17365	1455	1297.98	0	0
lcl|NW_015388480.1_cds_XP_015680386.2_17366	3534	3449.11	45	1.21508
lcl|NW_015388481.1_cds_XP_015680387.1_17367	1845	1841.07	73	3.69278
lcl|NW_015388482.1_cds_XP_015680388.1_17368	843	804.949	0	0
lcl|NW_015388482.1_cds_XP_015680389.2_17369	303	245.256	0	0
lcl|NW_015388483.1_cds_XP_015680390.1_17370	1722	1724.27	363	19.6066
lcl|NW_015388483.1_cds_XP_015680392.1_17371	1002	907.059	23	2.36153
lcl|NW_015388483.1_cds_XP_015680391.1_17372	1965	1894.81	42	2.06436
lcl|NW_015388483.1_cds_XP_015680393.1_17373	1374	1335.95	0	0
lcl|NW_015388483.1_cds_XP_015680395.1_17374	2190	2147.27	1827	79.2416
lcl|NW_015388483.1_cds_XP_015680396.1_17375	1701	1599.91	25	1.45528
lcl|NW_015388483.1_cds_XP_015680397.1_17376	1698	1647.58	303	17.1277
lcl|NW_015388484.1_cds_XP_029141713.1_17377	6913	6616.55	116	1.63278
lcl|NW_015388485.1_cds_XP_029141714.1_17378	6552	6415.9	17	0.24677
lcl|NW_015388485.1_cds_XP_015680400.1_17379	561	473.204	2	0.393625
lcl|NW_015388485.1_cds_XP_015680401.1_17380	906	867.949	0	0
lcl|NW_015388485.1_cds_XP_015680404.1_17381	1344	1287.12	3	0.217071
lcl|NW_015388485.1_cds_XP_015680402.1_17382	1818	1673.11	31.6277	1.76053
lcl|NW_015388485.1_cds_XP_015680403.1_17383	435	395.681	8	1.88298
lcl|NW_015388487.1_cds_XP_015680406.1_17384	357	321.793	3.84552	1.11296
lcl|NW_015388487.1_cds_XP_015680407.1_17385	2628	2680.23	314.185	10.9173
lcl|NW_015388488.1_cds_XP_015680411.1_17386	2289	2216.46	1028.38	43.2109
lcl|NW_015388488.1_cds_XP_015680410.1_17387	2289	2213.23	3.81323e-05	1.60461e-06
lcl|NW_015388488.1_cds_XP_015680412.1_17388	2217	2149.48	0.624019	0.0270375
lcl|NW_015388488.1_cds_XP_015680413.1_17389	825	736.213	156	19.7343
lcl|NW_015388488.1_cds_XP_029141715.1_17390	930	929.553	1	0.100191
lcl|NW_015388488.1_cds_XP_015680409.1_17391	1656	1707.26	0	0
lcl|NW_015388489.1_cds_XP_015680414.1_17392	1434	1377.96	813.865	55.007
lcl|NW_015388489.1_cds_XP_029141716.1_17393	498	459.949	0	0
lcl|NW_015388489.1_cds_XP_015680418.1_17394	570	522.593	8	1.4257
lcl|NW_015388489.1_cds_XP_029141717.1_17395	5013	5035.01	71	1.31329
lcl|NW_015388489.1_cds_XP_015680419.1_17396	555	507.172	236	43.337
lcl|NW_015388489.1_cds_XP_015680417.1_17397	610	583.804	0.0981976	0.0156652
lcl|NW_015388492.1_cds_XP_029141718.1_17398	2991	2857.87	4	0.130352
lcl|NW_015388492.1_cds_XP_015680421.1_17399	621	471.353	2	0.395171
lcl|NW_015388492.1_cds_XP_015680422.1_17400	324	252.693	2	0.73712
lcl|NW_015388493.1_cds_XP_029141719.1_17401	4623	4620.36	84	1.69319
lcl|NW_015388493.1_cds_XP_015680425.1_17402	1374	1371.41	713	48.4199
lcl|NW_015388493.1_cds_XP_015680427.1_17403	1374	1371.41	713	48.4199
lcl|NW_015388493.1_cds_XP_015680428.1_17404	1374	1371.41	713	48.4199
lcl|NW_015388493.1_cds_XP_015680429.1_17405	318	283.169	1138.2	374.345
lcl|NW_015388493.1_cds_XP_015680430.1_17406	999	944.205	1695.8	167.267
lcl|NW_015388493.1_cds_XP_015680431.1_17407	1746	1684.6	4499	248.726
lcl|NW_015388493.1_cds_XP_015680424.1_17408	840	838.093	9.73583	1.08189
lcl|NW_015388495.1_cds_XP_015680432.1_17409	807	768.949	0	0
lcl|NW_015388500.1_cds_XP_015680434.1_17410	1440	1417.22	29	1.90573
lcl|NW_015388500.1_cds_XP_015680435.1_17411	2184	2044.98	21	0.956382
lcl|NW_015388500.1_cds_XP_015680438.1_17412	255	207.376	239	107.335
lcl|NW_015388500.1_cds_XP_015680441.1_17413	567	521.574	71.2141	12.716
lcl|NW_015388500.1_cds_XP_015680444.1_17414	684	632.67	0	0
lcl|NW_015388500.1_cds_XP_015680440.1_17415	570	536.563	27.393	4.75466
lcl|NW_015388500.1_cds_XP_015680443.1_17416	570	536.563	27.393	4.75466
lcl|NW_015388500.1_cds_XP_015680439.1_17417	1389	1309.67	5	0.355558
lcl|NW_015388500.1_cds_XP_015680436.1_17418	543	512.567	8	1.45359
lcl|NW_015388502.1_cds_XP_029141722.1_17419	984	968.437	33	3.17354
lcl|NW_015388502.1_cds_XP_015680446.1_17420	645	624.814	440	65.5848
lcl|NW_015388503.1_cds_XP_015680448.1_17421	2712	2641.29	41	1.44567
lcl|NW_015388503.1_cds_XP_015680450.1_17422	1182	1109.97	30	2.51716
lcl|NW_015388503.1_cds_XP_015680451.1_17423	420	367.782	105	26.5889
lcl|NW_015388503.1_cds_XP_015680452.1_17424	1929	1927.42	12	0.579839
lcl|NW_015388503.1_cds_XP_015680449.1_17425	2031	2052.57	3	0.136121
lcl|NW_015388505.1_cds_XP_015680453.1_17426	2151	2108.68	1	0.0441662
lcl|NW_015388507.1_cds_XP_015680455.1_17427	390	314.125	3	0.889447
lcl|NW_015388507.1_cds_XP_015680460.1_17428	573	510.459	29.983	5.47034
lcl|NW_015388507.1_cds_XP_015680456.2_17429	2754	2766.89	739.017	24.875
lcl|NW_015388507.1_cds_XP_029141723.1_17430	480	441.949	0	0
lcl|NW_015388507.1_cds_XP_015680458.1_17431	1233	1110.37	3	0.251626
lcl|NW_015388507.1_cds_XP_015680459.1_17432	1386	1347.95	0	0
lcl|NW_015388510.1_cds_XP_029141725.1_17433	2493	2454.95	0	0
lcl|NW_015388510.1_cds_XP_029141726.1_17434	2499	2482.16	0.974568	0.0365666
lcl|NW_015388510.1_cds_XP_029141727.1_17435	2523	2524.94	2.4586	0.0906856
lcl|NW_015388510.1_cds_XP_029141728.1_17436	2055	2042.19	0	0
lcl|NW_015388510.1_cds_XP_029141729.1_17437	2073	2034.95	0	0
lcl|NW_015388510.1_cds_XP_029141724.1_17438	2049	2010.95	0	0
lcl|NW_015388511.1_cds_XP_015680464.1_17439	591	552.949	0	0
lcl|NW_015388511.1_cds_XP_015680466.1_17440	591	552.949	0	0
lcl|NW_015388512.1_cds_XP_015680467.1_17441	1056	1030.75	2.6508	0.239511
lcl|NW_015388513.1_cds_XP_029141730.1_17442	852	849.89	14	1.53415
lcl|NW_015388513.1_cds_XP_015680468.1_17443	1203	1164.95	0	0
lcl|NW_015388513.1_cds_XP_015680473.1_17444	990	937.787	15.7273	1.56189
lcl|NW_015388513.1_cds_XP_029141731.1_17445	987	976.808	1	0.0953437
lcl|NW_015388513.1_cds_XP_015680470.1_17446	984	945.949	0	0
lcl|NW_015388513.1_cds_XP_015680471.2_17447	876	831.385	0	0
lcl|NW_015388513.1_cds_XP_015680474.2_17448	909	850.292	0	0
lcl|NW_015388513.1_cds_XP_015680472.2_17449	876	837.949	0	0
lcl|NW_015388513.1_cds_XP_015680476.2_17450	909	858.803	1.30834	0.141883
lcl|NW_015388513.1_cds_XP_029141732.1_17451	882	843.949	0	0
lcl|NW_015388515.1_cds_XP_015680477.1_17452	1017	1008.39	21	1.93951
lcl|NW_015388515.1_cds_XP_015680478.1_17453	678	636.223	0	0
lcl|NW_015388515.1_cds_XP_015680479.1_17454	630	597.542	242	37.718
lcl|NW_015388515.1_cds_XP_015680480.1_17455	612	579.071	384	61.7591
lcl|NW_015388515.1_cds_XP_015680481.1_17456	612	579.071	384	61.7591
lcl|NW_015388515.1_cds_XP_029141733.1_17457	7815	7751.73	30	0.360433
lcl|NW_015388515.1_cds_XP_015680483.1_17458	2421	2493.01	8	0.298859
lcl|NW_015388515.1_cds_XP_015680486.1_17459	831	811.001	376.053	43.1846
lcl|NW_015388515.1_cds_XP_015680485.1_17460	837	826.074	51.9473	5.85659
lcl|NW_015388515.1_cds_XP_015680484.1_17461	843	829.882	0	0
lcl|NW_015388515.1_cds_XP_015680487.1_17462	774	765.674	0	0
lcl|NW_015388515.1_cds_XP_015680489.1_17463	750	728.62	5.70646e-06	7.29402e-07
lcl|NW_015388516.1_cds_XP_015680490.1_17464	1935	1962.82	4	0.189793
lcl|NW_015388516.1_cds_XP_029141734.1_17465	3184	3210.45	1	0.0290092
lcl|NW_015388517.1_cds_XP_015680503.1_17466	609	563.672	528	87.2386
lcl|NW_015388517.1_cds_XP_015680504.1_17467	480	399.841	192.071	44.7378
lcl|NW_015388517.1_cds_XP_015680505.1_17468	396	339.471	165.929	45.5221
lcl|NW_015388517.1_cds_XP_029141735.1_17469	2124	2085.95	0	0
lcl|NW_015388517.1_cds_XP_015680506.1_17470	2820	2784.02	279	9.33327
lcl|NW_015388517.1_cds_XP_015680492.1_17471	945	906.949	0	0
lcl|NW_015388517.1_cds_XP_015680493.1_17472	951	912.949	0	0
lcl|NW_015388517.1_cds_XP_015680494.1_17473	951	912.949	0	0
lcl|NW_015388517.1_cds_XP_015680495.1_17474	924	885.949	0	0
lcl|NW_015388517.1_cds_XP_015680496.1_17475	960	921.949	0	0
lcl|NW_015388517.1_cds_XP_015680497.1_17476	1173	1134.95	0	0
lcl|NW_015388517.1_cds_XP_015680500.1_17477	1170	1153.19	10	0.807607
lcl|NW_015388517.1_cds_XP_015680498.1_17478	1905	1811.71	57	2.93014
lcl|NW_015388517.1_cds_XP_015680501.1_17479	618	579.949	0	0
lcl|NW_015388517.1_cds_XP_015680507.1_17480	2169	2176.34	4	0.171173
lcl|NW_015388517.1_cds_XP_015680508.1_17481	1944	1886.47	37	1.82664
lcl|NW_015388517.1_cds_XP_015680510.1_17482	1881	1829.81	17	0.865254
lcl|NW_015388517.1_cds_XP_015680502.1_17483	2169	2101.54	3	0.132949
lcl|NW_015388520.1_cds_XP_015680511.1_17484	993	950.088	1.78766	0.175236
lcl|NW_015388521.1_cds_XP_015680512.1_17485	1506	1461.59	4	0.254881
lcl|NW_015388522.1_cds_XP_029141736.1_17486	840	815.854	2.70122	0.308354
lcl|NW_015388524.1_cds_XP_015680514.2_17487	3306	3278.95	2	0.0568063
lcl|NW_015388525.1_cds_XP_015680520.1_17488	1299	1242.11	204	15.2958
lcl|NW_015388525.1_cds_XP_015680518.1_17489	831	792.949	0	0
lcl|NW_015388525.1_cds_XP_029141737.1_17490	1641	1562.37	41	2.444
lcl|NW_015388525.1_cds_XP_015680516.1_17491	2799	2681.93	32	1.11123
lcl|NW_015388525.1_cds_XP_029141738.1_17492	2949	2863.54	90	2.92712
lcl|NW_015388526.1_cds_XP_015680521.1_17493	216	175.073	3	1.59589
lcl|NW_015388526.1_cds_XP_015680522.1_17494	669	619.373	580	87.2122
lcl|NW_015388527.1_cds_XP_015680523.1_17495	1651	1612.95	0	0
lcl|NW_015388528.1_cds_XP_029141739.1_17496	1844	1869.7	27.4293	1.3663
lcl|NW_015388529.1_cds_XP_015680526.1_17497	1915	1812.46	87	4.47047
lcl|NW_015388529.1_cds_XP_015680527.1_17498	1236	1197.95	0	0
lcl|NW_015388529.1_cds_XP_015680528.1_17499	588	447.79	7	1.45588
lcl|NW_015388530.1_cds_XP_015680532.1_17500	741	688.589	3	0.405754
lcl|NW_015388530.1_cds_XP_015680529.1_17501	2073	1963.72	22	1.04338
lcl|NW_015388530.1_cds_XP_015680530.1_17502	1773	1739.24	331	17.7243
lcl|NW_015388530.1_cds_XP_015680531.1_17503	708	673.194	23.276	3.22011
lcl|NW_015388531.1_cds_XP_015680533.1_17504	1533	1427.98	22	1.43484
lcl|NW_015388533.1_cds_XP_015680535.1_17505	898	853.038	12	1.31013
lcl|NW_015388534.1_cds_XP_015680536.1_17506	549	510.949	0	0
lcl|NW_015388534.1_cds_XP_015680538.1_17507	2091	2110.61	54	2.3828
lcl|NW_015388534.1_cds_XP_015680537.1_17508	1485	1377.06	50	3.38157
lcl|NW_015388534.1_cds_XP_015680539.1_17509	867	747.9	229	28.5163
lcl|NW_015388537.1_cds_XP_015680542.1_17510	2163	2063.87	74	3.33927
lcl|NW_015388537.1_cds_XP_015680541.1_17511	882	844.229	46.461	5.12542
lcl|NW_015388539.1_cds_XP_015680545.1_17512	2757	2633.79	1	0.0353606
lcl|NW_015388541.1_cds_XP_029141740.1_17513	702	663.949	0	0
lcl|NW_015388543.1_cds_XP_015680552.1_17514	1602	1669.18	89	4.96578
lcl|NW_015388543.1_cds_XP_015680553.1_17515	2001	1991.77	70	3.2731
lcl|NW_015388543.1_cds_XP_029141741.1_17516	1179	1101.57	15	1.26818
lcl|NW_015388543.1_cds_XP_015680551.1_17517	1320	1306.71	8	0.570181
lcl|NW_015388544.1_cds_XP_015680556.1_17518	621	565.665	0	0
lcl|NW_015388544.1_cds_XP_015680560.1_17519	648	589.211	103	16.2805
lcl|NW_015388544.1_cds_XP_015680561.1_17520	717	683.557	72.75	9.91196
lcl|NW_015388544.1_cds_XP_015680562.1_17521	717	683.557	72.75	9.91196
lcl|NW_015388544.1_cds_XP_015680563.1_17522	717	683.557	72.75	9.91196
lcl|NW_015388544.1_cds_XP_015680564.1_17523	717	683.557	72.75	9.91196
lcl|NW_015388544.1_cds_XP_015680565.1_17524	630	575.873	401	64.8514
lcl|NW_015388544.1_cds_XP_015680567.1_17525	5619	5674.25	570.399	9.36206
lcl|NW_015388544.1_cds_XP_015680568.1_17526	2412	2330	392.091	15.6723
lcl|NW_015388544.1_cds_XP_015680569.1_17527	2748	2752.13	67.9868	2.30068
lcl|NW_015388544.1_cds_XP_015680570.1_17528	1731	1736.3	3094	165.958
lcl|NW_015388544.1_cds_XP_015680557.1_17529	2535	2553.13	226	8.24397
lcl|NW_015388544.1_cds_XP_029141742.1_17530	2604	2586.73	17	0.612067
lcl|NW_015388544.1_cds_XP_015680558.1_17531	1672	1633.95	0	0
lcl|NW_015388545.1_cds_XP_015680571.1_17532	1626	1386.38	36	2.41835
lcl|NW_015388546.1_cds_XP_029141743.1_17533	1827	1753.74	17	0.902786
lcl|NW_015388547.1_cds_XP_015680576.1_17534	228	182.405	20.5	10.4669
lcl|NW_015388547.1_cds_XP_015680577.1_17535	228	182.405	20.5	10.4669
lcl|NW_015388547.1_cds_XP_015680575.1_17536	504	461.832	381	76.8321
lcl|NW_015388547.1_cds_XP_015680578.1_17537	1206	1228.05	93	7.0529
lcl|NW_015388547.1_cds_XP_015680574.1_17538	846	851.784	7	0.765367
lcl|NW_015388547.1_cds_XP_015680573.1_17539	1344	1305.95	0	0
lcl|NW_015388549.1_cds_XP_015680579.1_17540	1878	1866.59	1352.32	67.4731
lcl|NW_015388549.1_cds_XP_015680580.1_17541	2304	2324.66	260.684	10.4437
lcl|NW_015388549.1_cds_XP_015680581.1_17542	402	363.96	20.3802	5.21502
lcl|NW_015388549.1_cds_XP_015680582.1_17543	1896	1877.16	1	0.0496134
lcl|NW_015388549.1_cds_XP_015680584.1_17544	828	819.887	31	3.52135
lcl|NW_015388549.1_cds_XP_015680585.1_17545	750	682.202	8980.01	1225.93
lcl|NW_015388551.1_cds_XP_015680586.1_17546	1122	1053.13	5.27341	0.46635
lcl|NW_015388552.1_cds_XP_015680587.1_17547	2025	2014.51	76	3.51355
lcl|NW_015388553.1_cds_XP_029141744.1_17548	921	842.575	6.25417	0.691294
lcl|NW_015388553.1_cds_XP_015680589.1_17549	615	576.949	0	0
lcl|NW_015388553.1_cds_XP_015680596.1_17550	5613	5360.93	7.42149	0.12893
lcl|NW_015388553.1_cds_XP_015680595.1_17551	5619	5365.76	3.24755	0.0563672
lcl|NW_015388553.1_cds_XP_029141745.1_17552	5640	5388.86	0.067934	0.00117406
lcl|NW_015388553.1_cds_XP_015680594.1_17553	5640	5390.86	0.0498507	0.000861221
lcl|NW_015388553.1_cds_XP_015680592.1_17554	5652	5400.52	0.00966757	0.000166718
lcl|NW_015388554.1_cds_XP_015680597.1_17555	1204	1130.53	3	0.247139
lcl|NW_015388554.1_cds_XP_015680600.1_17556	1263	1155.2	16	1.28992
lcl|NW_015388554.1_cds_XP_015680598.1_17557	855	816.949	0	0
lcl|NW_015388554.1_cds_XP_015680601.1_17558	1011	892.904	1	0.104303
lcl|NW_015388554.1_cds_XP_029141746.1_17559	3411	3329.72	37	1.03489
lcl|NW_015388554.1_cds_XP_015680599.1_17560	331	266.967	7	2.44198
lcl|NW_015388556.1_cds_XP_029141747.1_17561	2031	1988.86	1	0.046827
lcl|NW_015388556.1_cds_XP_029141748.1_17562	2031	1955.56	1	0.0476245
lcl|NW_015388556.1_cds_XP_029141749.1_17563	2052	2013.95	0	0
lcl|NW_015388556.1_cds_XP_029141750.1_17564	2334	2295.95	0	0
lcl|NW_015388557.1_cds_XP_015680606.1_17565	2521	2492.25	2	0.0747377
lcl|NW_015388560.1_cds_XP_029141751.1_17566	612	573.949	0	0
lcl|NW_015388560.1_cds_XP_015680608.1_17567	318	279.949	0	0
lcl|NW_015388560.1_cds_XP_029141752.1_17568	1653	1614.95	0	0
lcl|NW_015388560.1_cds_XP_015680609.1_17569	876	873.428	52	5.54469
lcl|NW_015388562.1_cds_XP_015680611.1_17570	2202	2233.2	148	6.17215
lcl|NW_015388562.1_cds_XP_029141753.1_17571	1272	1233.95	0	0
lcl|NW_015388563.1_cds_XP_015680614.1_17572	1089	1044.35	1	0.0891774
lcl|NW_015388563.1_cds_XP_015680612.1_17573	1332	1288.55	35	2.5297
lcl|NW_015388565.1_cds_XP_015680615.1_17574	879	840.46	2	0.221623
lcl|NW_015388566.1_cds_XP_015680616.1_17575	705	666.949	0	0
lcl|NW_015388568.1_cds_XP_015680617.1_17576	638	588.55	1	0.158241
lcl|NW_015388568.1_cds_XP_015680618.1_17577	2286	2308.32	8	0.322771
lcl|NW_015388569.1_cds_XP_015680619.1_17578	405	366.949	0	0
lcl|NW_015388571.1_cds_XP_029141754.1_17579	7230	7871.62	219.451	2.59642
lcl|NW_015388572.1_cds_XP_015680627.1_17580	607	579.85	108	17.3464
lcl|NW_015388572.1_cds_XP_015680628.1_17581	2517	2538.2	358	13.1359
lcl|NW_015388572.1_cds_XP_015680629.1_17582	738	690.922	2363	318.519
lcl|NW_015388574.1_cds_XP_015680630.1_17583	1099	1045.66	5	0.445327
lcl|NW_015388576.1_cds_XP_015680631.1_17584	2634	2595.95	0	0
lcl|NW_015388578.1_cds_XP_015680633.1_17585	864	825.949	0	0
lcl|NW_015388578.1_cds_XP_015680634.1_17586	864	825.949	0	0
lcl|NW_015388578.1_cds_XP_015680636.1_17587	654	606.931	3538	542.9
lcl|NW_015388578.1_cds_XP_015680632.1_17588	2122	2123.95	4.53833	0.199
lcl|NW_015388579.1_cds_XP_015680638.1_17589	399	360.949	0	0
lcl|NW_015388579.1_cds_XP_015680640.1_17590	255	226.965	108	44.3166
lcl|NW_015388579.1_cds_XP_015680641.1_17591	255	226.965	108	44.3166
lcl|NW_015388579.1_cds_XP_015680642.1_17592	255	226.965	108	44.3166
lcl|NW_015388579.1_cds_XP_015680643.1_17593	255	226.965	108	44.3166
lcl|NW_015388579.1_cds_XP_015680639.1_17594	762	708.231	234	30.7711
lcl|NW_015388579.1_cds_XP_015680644.1_17595	615	568.897	1027	168.127
lcl|NW_015388579.1_cds_XP_015680645.1_17596	1548	1448.31	299558	19262.9
lcl|NW_015388579.1_cds_XP_015680646.1_17597	453	408.125	317	72.3381
lcl|NW_015388579.1_cds_XP_015680648.1_17598	294	250.93	54	20.042
lcl|NW_015388579.1_cds_XP_015680649.1_17599	1512	1554.33	12	0.719015
lcl|NW_015388579.1_cds_XP_015680637.1_17600	750	709.226	40	5.25263
lcl|NW_015388582.1_cds_XP_029141755.1_17601	2823	2686.79	13	0.450621
lcl|NW_015388583.1_cds_XP_015680651.1_17602	1551	1512.95	0	0
lcl|NW_015388586.1_cds_XP_015680652.1_17603	534	471.593	672.303	132.77
lcl|NW_015388586.1_cds_XP_015680654.1_17604	2199	2142.02	11.9596	0.51999
lcl|NW_015388586.1_cds_XP_015680656.1_17605	1110	1097.55	60.3272	5.11907
lcl|NW_015388586.1_cds_XP_015680655.1_17606	1056	1045.84	976.369	86.9462
lcl|NW_015388586.1_cds_XP_015680653.1_17607	204	160.766	9.19412	5.3262
lcl|NW_015388588.1_cds_XP_015680658.1_17608	1902	1982.14	266	12.4982
lcl|NW_015388589.1_cds_XP_029141756.1_17609	1560	1523.93	142.171	8.68854
lcl|NW_015388589.1_cds_XP_015680659.1_17610	1824	1786.93	652.829	34.0247
lcl|NW_015388590.1_cds_XP_029141757.1_17611	3213	3174.95	0	0
lcl|NW_015388592.1_cds_XP_015680663.1_17612	1086	1029.13	547	49.5017
lcl|NW_015388592.1_cds_XP_015680664.1_17613	1086	1029.13	547	49.5017
lcl|NW_015388592.1_cds_XP_015680665.1_17614	1899	1805.54	220	11.3479
lcl|NW_015388592.1_cds_XP_015680661.1_17615	834	828.544	2	0.22481
lcl|NW_015388592.1_cds_XP_015680662.1_17616	1008	969.949	0	0
lcl|NW_015388593.1_cds_XP_029141758.1_17617	4482	4443.95	0	0
lcl|NW_015388595.1_cds_XP_015680667.1_17618	2028	1972.24	8	0.377774
lcl|NW_015388595.1_cds_XP_015680669.1_17619	1527	1426.73	210	13.7081
lcl|NW_015388595.1_cds_XP_015680670.1_17620	585	507.887	14	2.56721
lcl|NW_015388596.1_cds_XP_015680671.1_17621	4360	4423.94	2	0.0421038
lcl|NW_015388597.1_cds_XP_015680672.1_17622	2868	2809.05	50.2593	1.66632
lcl|NW_015388597.1_cds_XP_015680673.1_17623	1716	1645	19	1.0757
lcl|NW_015388597.1_cds_XP_029141759.1_17624	2016	1941.04	0	0
lcl|NW_015388597.1_cds_XP_015680674.1_17625	2139	2066.89	10	0.450592
lcl|NW_015388598.1_cds_XP_015680675.2_17626	1026	979.02	19.8697	1.89017
lcl|NW_015388600.1_cds_XP_015680676.1_17627	894	864.888	7.6966	0.828782
lcl|NW_015388600.1_cds_XP_015680677.1_17628	2079	1950.88	20.3014	0.969165
lcl|NW_015388601.1_cds_XP_015680685.1_17629	786	747.949	0	0
lcl|NW_015388601.1_cds_XP_015680686.1_17630	753	714.949	0	0
lcl|NW_015388601.1_cds_XP_015680679.1_17631	978	877.415	2	0.212288
lcl|NW_015388601.1_cds_XP_029141760.1_17632	4044	4005.95	0	0
lcl|NW_015388601.1_cds_XP_015680680.1_17633	723	684.949	0	0
lcl|NW_015388601.1_cds_XP_015680681.1_17634	1059	938.677	146	14.4856
lcl|NW_015388601.1_cds_XP_015680682.1_17635	1701	1452.91	56	3.58964
lcl|NW_015388601.1_cds_XP_015680688.1_17636	3732	3366.78	19.5739	0.541455
lcl|NW_015388601.1_cds_XP_015680687.1_17637	3744	3376.44	1.42615	0.0393375
lcl|NW_015388601.1_cds_XP_015680683.1_17638	1569	1394.9	49	3.27156
lcl|NW_015388601.1_cds_XP_015680690.1_17639	1014	975.949	0	0
lcl|NW_015388601.1_cds_XP_029141762.1_17640	1215	976.859	4	0.381355
lcl|NW_015388601.1_cds_XP_015680691.1_17641	1008	852.296	1	0.109273
lcl|NW_015388601.1_cds_XP_015680684.1_17642	2040	2001.95	0	0
lcl|NW_015388602.1_cds_XP_015680692.1_17643	438	388.007	90	21.6025
lcl|NW_015388603.1_cds_XP_015680695.1_17644	675	575.227	1	0.161906
lcl|NW_015388603.1_cds_XP_015680693.1_17645	1275	1236.95	0	0
lcl|NW_015388603.1_cds_XP_029141763.1_17646	1077	1038.95	0	0
lcl|NW_015388603.1_cds_XP_029141764.1_17647	579	520.683	42	7.51237
lcl|NW_015388604.1_cds_XP_015680697.1_17648	495	444.073	43.341	9.08962
lcl|NW_015388606.1_cds_XP_015680698.1_17649	2583	2513.01	306	11.3404
lcl|NW_015388606.1_cds_XP_015680699.1_17650	1371	1324.37	80.2413	5.64275
lcl|NW_015388606.1_cds_XP_029141765.1_17651	1317	1261.02	65.7587	4.85661
lcl|NW_015388609.1_cds_XP_015680701.1_17652	4233	4062.79	39	0.894009
lcl|NW_015388609.1_cds_XP_015680702.1_17653	585	546.949	0	0
lcl|NW_015388609.1_cds_XP_015680704.1_17654	1471	1472.66	109	6.89327
lcl|NW_015388609.1_cds_XP_029141766.1_17655	390	340.076	1	0.273858
lcl|NW_015388609.1_cds_XP_015680703.1_17656	1909	1870.95	0	0
lcl|NW_015388610.1_cds_XP_015680705.1_17657	1329	1182.76	5	0.393708
lcl|NW_015388610.1_cds_XP_015680706.1_17658	450	379.398	9	2.20927
lcl|NW_015388611.1_cds_XP_015680710.1_17659	279	223.572	3	1.2497
lcl|NW_015388611.1_cds_XP_015680712.1_17660	1113	970.822	33	3.16574
lcl|NW_015388611.1_cds_XP_029141767.1_17661	2721	2510.46	0	0
lcl|NW_015388611.1_cds_XP_015680713.2_17662	2475	2293.68	28	1.13691
lcl|NW_015388611.1_cds_XP_029141768.1_17663	2112	1915.23	10	0.486272
lcl|NW_015388611.1_cds_XP_015680709.1_17664	2769	2511.53	9.16523	0.339865
lcl|NW_015388612.1_cds_XP_015680714.1_17665	3339	3247.37	4	0.114717
lcl|NW_015388612.1_cds_XP_015680715.1_17666	522	462.249	180	36.2658
lcl|NW_015388613.1_cds_XP_015680717.1_17667	1188	1097.99	40.5	3.43524
lcl|NW_015388613.1_cds_XP_015680718.1_17668	1188	1097.99	40.5	3.43524
lcl|NW_015388613.1_cds_XP_029141769.1_17669	1137	1073.66	0	0
lcl|NW_015388613.1_cds_XP_029141770.1_17670	3165	2959.63	1	0.0314677
lcl|NW_015388613.1_cds_XP_029141771.1_17671	3831	3792.95	0	0
lcl|NW_015388613.1_cds_XP_015680719.1_17672	1590	1551.78	12	0.7202
lcl|NW_015388614.1_cds_XP_015680720.1_17673	861	757.579	95	11.6788
lcl|NW_015388614.1_cds_XP_015680723.1_17674	1662	1507.43	281	17.3608
lcl|NW_015388614.1_cds_XP_015680721.1_17675	531	463.694	2.5543	0.513029
lcl|NW_015388616.1_cds_XP_015680724.1_17676	3036	3072.37	168	5.09257
lcl|NW_015388616.1_cds_XP_015680725.1_17677	1647	1616.63	58	3.34132
lcl|NW_015388617.1_cds_XP_015680726.1_17678	381	342.949	0	0
lcl|NW_015388617.1_cds_XP_015680728.1_17679	2298	2259.95	0	0
lcl|NW_015388617.1_cds_XP_015680727.1_17680	2304	2265.95	0	0
lcl|NW_015388617.1_cds_XP_015680729.1_17681	1317	1149.89	42	3.40168
lcl|NW_015388619.1_cds_XP_029141772.1_17682	2454	2336.11	199	7.93343
lcl|NW_015388619.1_cds_XP_015680730.1_17683	1485	1446.95	0	0
lcl|NW_015388624.1_cds_XP_029141773.1_17684	3978	3971.69	1	0.0234491
lcl|NW_015388625.1_cds_XP_015680734.1_17685	627	587.778	19	3.01052
lcl|NW_015388625.1_cds_XP_015680735.1_17686	1914	1951.38	50.1002	2.39111
lcl|NW_015388627.1_cds_XP_015680736.1_17687	4878	4596.69	2	0.0405216
lcl|NW_015388628.1_cds_XP_015680737.1_17688	1233	1215.77	6	0.459624
lcl|NW_015388628.1_cds_XP_015680738.1_17689	1629	1576.24	5	0.295425
lcl|NW_015388629.1_cds_XP_015680739.1_17690	9750	9876.15	59.7339	0.563293
lcl|NW_015388629.1_cds_XP_015680742.1_17691	2307	2300.22	42.8245	1.7339
lcl|NW_015388629.1_cds_XP_015680740.2_17692	1305	1158.25	0	0
lcl|NW_015388630.1_cds_XP_015680743.1_17693	1308	1206.19	1.18889	0.0917969
lcl|NW_015388631.1_cds_XP_015680744.1_17694	1146	1113.54	84	7.02545
lcl|NW_015388631.1_cds_XP_015680745.1_17695	867	831.587	614.372	68.8058
lcl|NW_015388631.1_cds_XP_015680746.1_17696	1590	1552.55	352	21.1153
lcl|NW_015388632.1_cds_XP_015680747.1_17697	915	885.181	18	1.89383
lcl|NW_015388635.1_cds_XP_015680748.1_17698	582	534.209	4870.99	849.195
lcl|NW_015388635.1_cds_XP_015680752.1_17699	5877	5914.16	73.4857	1.15721
lcl|NW_015388635.1_cds_XP_029141775.1_17700	1344	1385.02	0	0
lcl|NW_015388635.1_cds_XP_029141776.1_17701	1317	1337.05	22	1.53241
lcl|NW_015388635.1_cds_XP_015680749.1_17702	2787	2702	22	0.758297
lcl|NW_015388635.1_cds_XP_015680750.1_17703	1422	1383.95	0	0
lcl|NW_015388635.1_cds_XP_015680751.1_17704	3843	3810.97	2	0.048876
lcl|NW_015388636.1_cds_XP_029141778.1_17705	3261	3138.81	17	0.504412
lcl|NW_015388636.1_cds_XP_015680762.1_17706	1389	1352.29	36.2456	2.49624
lcl|NW_015388636.1_cds_XP_015680757.1_17707	1686	1647.95	0	0
lcl|NW_015388636.1_cds_XP_015680758.1_17708	1674	1605.33	18.1821	1.05482
lcl|NW_015388636.1_cds_XP_015680755.1_17709	975	936.949	0	0
lcl|NW_015388636.1_cds_XP_015680760.1_17710	1503	1464.95	0	0
lcl|NW_015388637.1_cds_XP_015680763.1_17711	984	914.836	1885	191.897
lcl|NW_015388638.1_cds_XP_015680765.1_17712	1202	1116.32	42.998	3.58724
lcl|NW_015388638.1_cds_XP_015680767.1_17713	240	180.343	14.75	7.61718
lcl|NW_015388638.1_cds_XP_015680768.1_17714	240	180.343	14.75	7.61718
lcl|NW_015388638.1_cds_XP_015680769.1_17715	240	180.343	14.75	7.61718
lcl|NW_015388638.1_cds_XP_015680770.1_17716	240	180.343	14.75	7.61718
lcl|NW_015388638.1_cds_XP_015680766.1_17717	1479	1464.54	0.0183874	0.00116928
lcl|NW_015388638.1_cds_XP_029141779.1_17718	1476	1457.89	0.981613	0.0627072
lcl|NW_015388639.1_cds_XP_015680773.1_17719	759	769.119	107.91	13.0668
lcl|NW_015388639.1_cds_XP_015680772.1_17720	831	839.395	129.09	14.3228
lcl|NW_015388640.1_cds_XP_015680775.2_17721	1128	1089.95	0	0
lcl|NW_015388640.1_cds_XP_029141782.1_17722	1536	1497.95	0	0
lcl|NW_015388640.1_cds_XP_015680778.1_17723	2298	2304.9	728.5	29.436
lcl|NW_015388640.1_cds_XP_015680779.1_17724	2298	2304.9	728.5	29.436
lcl|NW_015388640.1_cds_XP_015680776.1_17725	2757	2750.42	0	0
lcl|NW_015388640.1_cds_XP_029141780.1_17726	2691	2677.08	24	0.834933
lcl|NW_015388640.1_cds_XP_015680780.1_17727	795	744.603	362.273	45.3119
lcl|NW_015388640.1_cds_XP_015680777.1_17728	373	322.27	117	33.8117
lcl|NW_015388640.1_cds_XP_015680782.1_17729	2067	2059.67	1069	48.3372
lcl|NW_015388641.1_cds_XP_015680783.2_17730	1851	1843.44	32.7975	1.65696
lcl|NW_015388643.1_cds_XP_015680784.2_17731	633	584.201	14.3035	2.28025
lcl|NW_015388643.1_cds_XP_015680786.1_17732	594	538.282	64	11.0732
lcl|NW_015388644.1_cds_XP_015680787.1_17733	1029	928.716	1	0.100281
lcl|NW_015388644.1_cds_XP_015680788.1_17734	540	471.263	5	0.988117
lcl|NW_015388644.1_cds_XP_029141783.1_17735	2088	2014.39	15	0.693503
lcl|NW_015388644.1_cds_XP_015680791.1_17736	1077	1002.6	649	60.286
lcl|NW_015388645.1_cds_XP_015680793.1_17737	1377	1344.99	53.5	3.70454
lcl|NW_015388645.1_cds_XP_015680794.1_17738	1377	1344.99	53.5	3.70454
lcl|NW_015388645.1_cds_XP_015680795.1_17739	2196	2160.18	22868	985.914
lcl|NW_015388645.1_cds_XP_015680796.1_17740	1308	1246.24	246	18.3838
lcl|NW_015388645.1_cds_XP_015680797.1_17741	1140	1088.55	3	0.25667
lcl|NW_015388645.1_cds_XP_015680792.1_17742	1461	1422.95	0	0
lcl|NW_015388645.1_cds_XP_015680798.1_17743	1371	1353.36	20	1.37631
lcl|NW_015388646.1_cds_XP_015680799.1_17744	1098	1059.95	0	0
lcl|NW_015388648.1_cds_XP_015680801.1_17745	1236	1191.28	332	25.9552
lcl|NW_015388649.1_cds_XP_015680802.1_17746	1797	1760.11	13.8302	0.731796
lcl|NW_015388649.1_cds_XP_029141784.1_17747	6696	6276.78	11	0.163214
lcl|NW_015388649.1_cds_XP_015680805.1_17748	816	742.54	8	1.00339
lcl|NW_015388649.1_cds_XP_015680806.1_17749	867	792.655	1	0.117494
lcl|NW_015388649.1_cds_XP_029141785.1_17750	4107	3625.14	33	0.847794
lcl|NW_015388650.1_cds_XP_029141786.1_17751	1857	1818.95	0	0
lcl|NW_015388650.1_cds_XP_015680807.1_17752	4518	4557.36	524	10.7083
lcl|NW_015388650.1_cds_XP_015680808.1_17753	318	246.24	70	26.4753
lcl|NW_015388651.1_cds_XP_015680809.1_17754	336	294.165	29	9.1814
lcl|NW_015388651.1_cds_XP_015680811.1_17755	2409	2323.53	106	4.24873
lcl|NW_015388651.1_cds_XP_015680812.1_17756	534	485.468	110	21.1025
lcl|NW_015388652.1_cds_XP_029141787.1_17757	2106	2070.1	4	0.179957
lcl|NW_015388653.1_cds_XP_029141788.1_17758	924	885.949	0	0
lcl|NW_015388653.1_cds_XP_015680831.1_17759	978	858.107	45	4.88396
lcl|NW_015388653.1_cds_XP_029141789.1_17760	357	332.132	1	0.280408
lcl|NW_015388653.1_cds_XP_015680814.1_17761	2157	1945.72	22	1.05304
lcl|NW_015388653.1_cds_XP_015680819.1_17762	1980	1855.72	32	1.60598
lcl|NW_015388653.1_cds_XP_029141790.1_17763	1260	1185.06	5.46566	0.429541
lcl|NW_015388653.1_cds_XP_015680821.1_17764	1224	1087.08	1	0.0856724
lcl|NW_015388653.1_cds_XP_015680822.1_17765	402	332.091	857	240.34
lcl|NW_015388653.1_cds_XP_015680824.1_17766	402	332.091	857	240.34
lcl|NW_015388653.1_cds_XP_015680825.1_17767	546	519.58	36	6.45284
lcl|NW_015388653.1_cds_XP_015680815.1_17768	1893	1764.42	58	3.06145
lcl|NW_015388653.1_cds_XP_015680826.1_17769	1156	1053.87	1634.29	144.425
lcl|NW_015388653.1_cds_XP_029141791.1_17770	15885	15567.3	457.032	2.73422
lcl|NW_015388653.1_cds_XP_015680827.1_17771	555	502.089	42.3048	7.84712
lcl|NW_015388653.1_cds_XP_015680828.1_17772	1128	1019.24	27.8503	2.5448
lcl|NW_015388653.1_cds_XP_015680829.1_17773	954	863.038	4	0.43165
lcl|NW_015388653.1_cds_XP_015680818.1_17774	1356	1250.98	2	0.148895
lcl|NW_015388653.1_cds_XP_015680830.1_17775	1689	1650.95	0	0
lcl|NW_015388655.1_cds_XP_015680833.1_17776	1035	1019.8	28	2.55708
lcl|NW_015388656.1_cds_XP_029141792.1_17777	10173	10736.7	38.1095	0.330571
lcl|NW_015388657.1_cds_XP_015680840.1_17778	7524	6910.12	21	0.283032
lcl|NW_015388657.1_cds_XP_015680843.1_17779	678	632.365	65	9.57297
lcl|NW_015388657.1_cds_XP_015680844.1_17780	678	632.365	65	9.57297
lcl|NW_015388657.1_cds_XP_015680845.1_17781	678	632.365	65	9.57297
lcl|NW_015388657.1_cds_XP_015680846.1_17782	1899	1855.16	16	0.80323
lcl|NW_015388657.1_cds_XP_015680841.1_17783	1878	1839.95	0	0
lcl|NW_015388657.1_cds_XP_015680842.1_17784	1086	1047.95	0	0
lcl|NW_015388657.1_cds_XP_015680847.1_17785	438	387.665	980	235.435
lcl|NW_015388658.1_cds_XP_029141793.1_17786	2289	2250.95	0	0
lcl|NW_015388658.1_cds_XP_015680850.2_17787	1182	1143.95	0	0
lcl|NW_015388658.1_cds_XP_015680851.2_17788	549	510.949	0	0
lcl|NW_015388658.1_cds_XP_015680857.1_17789	1374	1291.79	23	1.65821
lcl|NW_015388658.1_cds_XP_015680858.1_17790	1728	1643.74	41	2.32301
lcl|NW_015388658.1_cds_XP_015680861.1_17791	1728	1643.74	41	2.32301
lcl|NW_015388658.1_cds_XP_015680852.1_17792	1230	1126.07	219	18.1125
lcl|NW_015388658.1_cds_XP_015680854.1_17793	525	434.825	98	20.99
lcl|NW_015388658.1_cds_XP_015680855.1_17794	1059	913.901	7	0.713346
lcl|NW_015388658.1_cds_XP_015680856.1_17795	747	661.361	115	16.1942
lcl|NW_015388658.1_cds_XP_015680853.1_17796	921	825.54	1	0.112814
lcl|NW_015388659.1_cds_XP_015680862.1_17797	9261	9618.93	18	0.17428
lcl|NW_015388659.1_cds_XP_015680863.1_17798	628	589.949	0	0
lcl|NW_015388660.1_cds_XP_015680864.1_17799	1209	1131.35	1	0.0823199
lcl|NW_015388660.1_cds_XP_015680865.1_17800	351	314.301	9	2.66685
lcl|NW_015388661.1_cds_XP_015680866.1_17801	1806	1791.87	13	0.675675
lcl|NW_015388663.1_cds_XP_015680867.1_17802	5460	5368.76	799.413	13.8675
lcl|NW_015388665.1_cds_XP_015680868.1_17803	924	896.493	31.9579	3.31996
lcl|NW_015388667.1_cds_XP_015680871.1_17804	429	391.718	43	10.2234
lcl|NW_015388667.1_cds_XP_015680872.1_17805	1884	1838.25	2705	137.046
lcl|NW_015388667.1_cds_XP_015680869.1_17806	1815	1821.22	54.369	2.78028
lcl|NW_015388668.1_cds_XP_015680873.1_17807	5484	5331.64	32	0.558973
lcl|NW_015388669.1_cds_XP_029141794.1_17808	1927	1913.74	3	0.145996
lcl|NW_015388670.1_cds_XP_015680879.2_17809	639	476.997	600	117.149
lcl|NW_015388670.1_cds_XP_015680877.1_17810	633	583.443	0	0
lcl|NW_015388670.1_cds_XP_015680876.1_17811	798	734.514	4	0.507179
lcl|NW_015388670.1_cds_XP_015680875.1_17812	294	231.387	5	2.01248
lcl|NW_015388670.1_cds_XP_015680880.1_17813	333	266.015	110.325	38.6249
lcl|NW_015388670.1_cds_XP_015680881.1_17814	336	270.257	260.675	89.8305
lcl|NW_015388671.1_cds_XP_029141795.1_17815	681	612.036	1	0.152168
lcl|NW_015388671.1_cds_XP_015680882.2_17816	1719	1657.7	1	0.0561817
lcl|NW_015388671.1_cds_XP_015680883.1_17817	609	543.423	4.64544	0.796142
lcl|NW_015388672.1_cds_XP_029141797.1_17818	4644	4326.74	23	0.495072
lcl|NW_015388673.1_cds_XP_015680885.1_17819	12795	13209.8	31	0.218558
lcl|NW_015388675.1_cds_XP_029141799.1_17820	429	404.213	0	0
lcl|NW_015388675.1_cds_XP_029141798.1_17821	558	545.548	102	17.4128
lcl|NW_015388676.1_cds_XP_015680887.1_17822	564	544.419	12	2.05281
lcl|NW_015388676.1_cds_XP_029141800.1_17823	939	964.695	3	0.289623
lcl|NW_015388678.1_cds_XP_015680890.1_17824	450	411.042	32	7.25045
lcl|NW_015388678.1_cds_XP_029141801.1_17825	447	386.501	1.32484	0.319237
lcl|NW_015388678.1_cds_XP_029141802.1_17826	432	375.486	2.67516	0.663525
lcl|NW_015388678.1_cds_XP_015680891.1_17827	918	879.949	0	0
lcl|NW_015388678.1_cds_XP_015680892.1_17828	1860	1726.8	43	2.31915
lcl|NW_015388678.1_cds_XP_015680896.1_17829	684	601.366	135	20.9072
lcl|NW_015388678.1_cds_XP_029141803.1_17830	1614	1494.63	61	3.801
lcl|NW_015388678.1_cds_XP_015680894.1_17831	768	713.612	18	2.34915
lcl|NW_015388679.1_cds_XP_015680897.1_17832	1272	1170.43	44	3.50115
lcl|NW_015388679.1_cds_XP_029141804.1_17833	4251	4124.66	4	0.0903177
lcl|NW_015388679.1_cds_XP_029141805.1_17834	642	603.949	0	0
lcl|NW_015388679.1_cds_XP_015680900.1_17835	465	411.979	1	0.226061
lcl|NW_015388680.1_cds_XP_015680902.1_17836	270	237.279	75	29.4377
lcl|NW_015388680.1_cds_XP_029141806.1_17837	3555	3389.3	49	1.34644
lcl|NW_015388681.1_cds_XP_015680904.1_17838	2166	1967.01	31	1.46776
lcl|NW_015388682.1_cds_XP_015680905.1_17839	699	660.949	0	0
lcl|NW_015388683.1_cds_XP_015680906.2_17840	1176	1137.95	0	0
lcl|NW_015388683.1_cds_XP_015680910.1_17841	1107	1081.32	772.239	66.5118
lcl|NW_015388683.1_cds_XP_015680907.1_17842	1110	1085.3	211.761	18.1718
lcl|NW_015388683.1_cds_XP_015680908.1_17843	1110	1085.3	211.761	18.1718
lcl|NW_015388683.1_cds_XP_015680909.1_17844	1107	1081.32	772.239	66.5118
lcl|NW_015388683.1_cds_XP_015680911.1_17845	651	620.782	11	1.65027
lcl|NW_015388687.1_cds_XP_015680913.1_17846	741	655.411	2	0.284196
lcl|NW_015388687.1_cds_XP_015680914.1_17847	975	936.949	0	0
lcl|NW_015388688.1_cds_XP_015680918.1_17848	519	455.529	307	62.7659
lcl|NW_015388688.1_cds_XP_015680916.1_17849	570	531.949	0	0
lcl|NW_015388688.1_cds_XP_015680919.1_17850	1404	1345.18	6	0.415407
lcl|NW_015388688.1_cds_XP_015680920.1_17851	909	902.912	47	4.8479
lcl|NW_015388688.1_cds_XP_015680921.1_17852	909	902.912	47	4.8479
lcl|NW_015388688.1_cds_XP_015680922.1_17853	2016	1954.16	118	5.62371
lcl|NW_015388688.1_cds_XP_015680917.2_17854	1251	1254.93	1	0.0742133
lcl|NW_015388689.1_cds_XP_015680923.1_17855	309	270.949	0	0
lcl|NW_015388689.1_cds_XP_015680924.1_17856	3474	3444.18	150	4.05608
lcl|NW_015388690.1_cds_XP_015680925.1_17857	1464	1425.95	0	0
lcl|NW_015388691.1_cds_XP_029141807.1_17858	156	108.542	38	32.6052
lcl|NW_015388691.1_cds_XP_015680927.1_17859	438	379.423	308	75.6011
lcl|NW_015388691.1_cds_XP_029141808.1_17860	1728	1689.95	0	0
lcl|NW_015388692.1_cds_XP_015680929.1_17861	984	963.936	1	0.0966169
lcl|NW_015388692.1_cds_XP_015680928.1_17862	600	556.872	6	1.00345
lcl|NW_015388693.1_cds_XP_015680932.2_17863	1086	1101.24	409.876	34.6636
lcl|NW_015388693.1_cds_XP_029141809.1_17864	945	958.839	262.124	25.4602
lcl|NW_015388693.1_cds_XP_015680931.1_17865	1593	1556.05	13	0.778073
lcl|NW_015388694.1_cds_XP_029141811.1_17866	4365	4262.81	72	1.57303
lcl|NW_015388694.1_cds_XP_029141810.1_17867	1578	1544.91	4	0.241135
lcl|NW_015388694.1_cds_XP_015680934.1_17868	924	859.517	72.8979	7.89881
lcl|NW_015388697.1_cds_XP_015680938.1_17869	2292	2158.89	10	0.431391
lcl|NW_015388697.1_cds_XP_015680939.1_17870	357	327.282	47	13.3745
lcl|NW_015388698.1_cds_XP_015680941.1_17871	708	617.579	3	0.452408
lcl|NW_015388698.1_cds_XP_015680942.1_17872	816	751.645	723	89.5833
lcl|NW_015388698.1_cds_XP_015680940.1_17873	2424	2385.95	0	0
lcl|NW_015388699.1_cds_XP_015680943.1_17874	573	513.938	317	57.4447
lcl|NW_015388700.1_cds_XP_029141812.1_17875	1257	1135.42	1	0.0820248
lcl|NW_015388700.1_cds_XP_015680955.1_17876	960	865.38	215	23.1384
lcl|NW_015388700.1_cds_XP_015680945.1_17877	2076	1836.19	5	0.253603
lcl|NW_015388700.1_cds_XP_029141814.1_17878	1281	1142.51	40	3.26062
lcl|NW_015388700.1_cds_XP_029141815.1_17879	3384	3345.95	0	0
lcl|NW_015388700.1_cds_XP_015680949.1_17880	2034	1833.01	2	0.101617
lcl|NW_015388700.1_cds_XP_015680950.1_17881	2094	2055.95	0	0
lcl|NW_015388700.1_cds_XP_015680951.1_17882	2229	2190.95	0	0
lcl|NW_015388700.1_cds_XP_029141816.1_17883	1059	883.232	32	3.37424
lcl|NW_015388700.1_cds_XP_029141818.1_17884	1734	1549.84	19	1.14174
lcl|NW_015388700.1_cds_XP_015680957.1_17885	723	636.251	19	2.78116
lcl|NW_015388700.1_cds_XP_015680958.1_17886	2199	2006.39	2.68733e-07	1.2474e-08
lcl|NW_015388700.1_cds_XP_015680960.1_17887	2163	1969.83	4	0.189118
lcl|NW_015388700.1_cds_XP_029141817.1_17888	1065	933.718	2	0.199487
lcl|NW_015388700.1_cds_XP_015680954.1_17889	2472	2433.95	0	0
lcl|NW_015388701.1_cds_XP_015680962.1_17890	1596	1454.01	13	0.832678
lcl|NW_015388701.1_cds_XP_015680961.1_17891	483	444.949	0	0
lcl|NW_015388704.1_cds_XP_015680964.1_17892	1155	1111.07	3	0.251466
lcl|NW_015388705.1_cds_XP_015680966.1_17893	1410	1354.56	177	12.1696
lcl|NW_015388705.1_cds_XP_015680965.1_17894	687	630.097	22	3.25175
lcl|NW_015388707.1_cds_XP_015680967.1_17895	864	825.949	0	0
lcl|NW_015388709.1_cds_XP_015680971.1_17896	2193	2237.61	181.893	7.57065
lcl|NW_015388709.1_cds_XP_015680968.1_17897	3279	3445.53	120	3.24359
lcl|NW_015388709.1_cds_XP_015680970.1_17898	789	739.565	5	0.629644
lcl|NW_015388711.1_cds_XP_029141821.1_17899	2595	2485.11	13	0.48719
lcl|NW_015388711.1_cds_XP_015680976.1_17900	1971	1704.96	0	0
lcl|NW_015388711.1_cds_XP_015680978.1_17901	1869	1596.37	1	0.05834
lcl|NW_015388711.1_cds_XP_029141819.1_17902	1524	1465.54	1	0.0635483
lcl|NW_015388711.1_cds_XP_029141820.1_17903	1509	1470.95	0	0
lcl|NW_015388711.1_cds_XP_015680974.1_17904	939	900.949	0	0
lcl|NW_015388711.1_cds_XP_015680979.1_17905	2358	2208.96	14	0.590256
lcl|NW_015388711.1_cds_XP_015680980.1_17906	735	715.402	22	2.864
lcl|NW_015388715.1_cds_XP_015680984.1_17907	1473	1439.14	62	4.01227
lcl|NW_015388715.1_cds_XP_015680985.1_17908	624	586.301	1262	200.466
lcl|NW_015388715.1_cds_XP_015680986.1_17909	3315	3306.15	59	1.662
lcl|NW_015388715.1_cds_XP_015680981.1_17910	2343	2288.83	1	0.04069
lcl|NW_015388715.1_cds_XP_029141823.1_17911	1497	1458.95	0	0
lcl|NW_015388716.1_cds_XP_029141824.1_17912	1567	1528.95	0	0
lcl|NW_015388716.1_cds_XP_015680991.1_17913	1620	1611.41	417	24.1008
lcl|NW_015388716.1_cds_XP_015680989.1_17914	1698	1629.62	4	0.228599
lcl|NW_015388716.1_cds_XP_015680990.1_17915	525	449.307	51	10.5713
lcl|NW_015388716.1_cds_XP_015680988.1_17916	1629	1590.95	0	0
lcl|NW_015388717.1_cds_XP_029141825.1_17917	2172	2113.97	16.9298	0.745854
lcl|NW_015388718.1_cds_XP_015680995.1_17918	225	169.741	181	99.3099
lcl|NW_015388718.1_cds_XP_015680994.1_17919	2667	2669.65	127.79	4.45805
lcl|NW_015388718.1_cds_XP_015680996.1_17920	3939	3789.11	112	2.75285
lcl|NW_015388722.1_cds_XP_015680997.1_17921	2040	2001.95	0	0
lcl|NW_015388722.1_cds_XP_015681001.1_17922	627	615.37	190.828	28.8807
lcl|NW_015388722.1_cds_XP_029141826.1_17923	2349	2354.71	2.80714	0.111027
lcl|NW_015388722.1_cds_XP_015681000.1_17924	1425	1424.47	0.000133662	8.73888e-06
lcl|NW_015388723.1_cds_XP_015681002.1_17925	1257	1191.79	38.2856	2.99182
lcl|NW_015388723.1_cds_XP_029141827.1_17926	1002	942.76	67.7144	6.68931
lcl|NW_015388723.1_cds_XP_015681003.1_17927	960	903.226	703	72.487
lcl|NW_015388723.1_cds_XP_015681005.1_17928	1179	1137.82	52	4.25627
lcl|NW_015388724.1_cds_XP_029141828.1_17929	2469	2351.65	3	0.118809
lcl|NW_015388724.1_cds_XP_015681008.1_17930	1245	1191.31	3	0.234531
lcl|NW_015388724.1_cds_XP_015681007.1_17931	1232	1193.95	0	0
lcl|NW_015388725.1_cds_XP_015681009.1_17932	1164	1114.57	23	1.92186
lcl|NW_015388725.1_cds_XP_015681012.1_17933	261	204.362	11.8961	5.42133
lcl|NW_015388725.1_cds_XP_015681013.1_17934	249	196.379	0	0
lcl|NW_015388725.1_cds_XP_015681014.2_17935	1662	1650.16	755	42.6111
lcl|NW_015388725.1_cds_XP_015681010.1_17936	1515	1449.59	4	0.256991
lcl|NW_015388725.1_cds_XP_015681011.1_17937	903	864.949	0	0
lcl|NW_015388727.1_cds_XP_029141831.1_17938	1152	1113.95	0	0
lcl|NW_015388727.1_cds_XP_015681019.1_17939	1941	1807.25	153	7.88452
lcl|NW_015388727.1_cds_XP_015681017.1_17940	1752	1678.46	6	0.33292
lcl|NW_015388727.1_cds_XP_015681020.1_17941	2433	2396.4	0	0
lcl|NW_015388727.1_cds_XP_029141829.1_17942	2289	2263.69	23	0.946263
lcl|NW_015388727.1_cds_XP_029141832.1_17943	513	474.949	0	0
lcl|NW_015388727.1_cds_XP_015681022.1_17944	861	803.272	161.745	18.7529
lcl|NW_015388727.1_cds_XP_015681021.1_17945	864	806.507	239.255	27.6283
lcl|NW_015388727.1_cds_XP_029141830.1_17946	1449	1378.18	5	0.337883
lcl|NW_015388728.1_cds_XP_015681023.1_17947	423	383.461	292	70.919
lcl|NW_015388728.1_cds_XP_015681024.1_17948	732	680.599	154	21.0732
lcl|NW_015388728.1_cds_XP_015681025.1_17949	1398	1399.37	43	2.86178
lcl|NW_015388729.1_cds_XP_029141833.1_17950	1224	1185.95	0	0
lcl|NW_015388729.1_cds_XP_015681035.1_17951	1254	1062.79	3	0.262892
lcl|NW_015388729.1_cds_XP_029141834.1_17952	2085	2046.95	0	0
lcl|NW_015388729.1_cds_XP_015681029.2_17953	1863	1824.95	0	0
lcl|NW_015388729.1_cds_XP_015681030.1_17954	1386	1347.95	0	0
lcl|NW_015388729.1_cds_XP_029141835.1_17955	1359	1197.21	7	0.54454
lcl|NW_015388729.1_cds_XP_029141836.1_17956	2025	1986.95	0	0
lcl|NW_015388729.1_cds_XP_015681033.1_17957	3768	3339.91	0	0
lcl|NW_015388729.1_cds_XP_015681034.1_17958	882	788.976	7.35614e-08	8.68336e-09
lcl|NW_015388730.1_cds_XP_015681036.1_17959	1203	1164.95	0	0
lcl|NW_015388730.1_cds_XP_029141838.1_17960	1992	1870.58	91	4.53071
lcl|NW_015388730.1_cds_XP_029141837.1_17961	800	761.949	0	0
lcl|NW_015388731.1_cds_XP_015681039.1_17962	2424	2385.95	0	0
lcl|NW_015388731.1_cds_XP_015681041.1_17963	873	851.378	8.83054	0.965976
lcl|NW_015388731.1_cds_XP_015681040.1_17964	918	898.282	114.694	11.8912
lcl|NW_015388731.1_cds_XP_015681042.1_17965	2313	2191.74	122	5.18408
lcl|NW_015388732.1_cds_XP_015681044.2_17966	1131	1026.91	46.8744	4.25113
lcl|NW_015388732.1_cds_XP_015681043.1_17967	984	830.991	7	0.784518
lcl|NW_015388732.1_cds_XP_029141839.1_17968	1557	1393.36	6	0.401041
lcl|NW_015388732.1_cds_XP_015681045.1_17969	1101	990.765	0	0
lcl|NW_015388733.1_cds_XP_015681046.1_17970	1269	1215.5	165.404	12.6734
lcl|NW_015388734.1_cds_XP_015681047.1_17971	381	319.322	32	9.33302
lcl|NW_015388734.1_cds_XP_015681048.1_17972	1326	1278.22	624	45.4652
lcl|NW_015388735.1_cds_XP_015681050.1_17973	1497	1424.22	1.93027	0.126224
lcl|NW_015388735.1_cds_XP_029141840.1_17974	618	579.949	0	0
lcl|NW_015388737.1_cds_XP_015681051.1_17975	771	732.949	0	0
lcl|NW_015388737.1_cds_XP_015681052.1_17976	816	747.547	136	16.9434
lcl|NW_015388738.1_cds_XP_015681053.1_17977	747	663.272	10	1.40414
lcl|NW_015388738.1_cds_XP_015681054.1_17978	3990	3970.94	44	1.03195
lcl|NW_015388738.1_cds_XP_015681055.1_17979	1296	1283.36	0	0
lcl|NW_015388738.1_cds_XP_015681056.1_17980	603	560.436	52	8.64129
lcl|NW_015388738.1_cds_XP_015681057.1_17981	1074	1058.69	64	5.63005
lcl|NW_015388739.1_cds_XP_015681058.1_17982	531	452.475	58	11.9381
lcl|NW_015388739.1_cds_XP_029141841.1_17983	2532	2493.95	0	0
lcl|NW_015388740.1_cds_XP_015681059.1_17984	615	567.831	8.18505	1.34247
lcl|NW_015388740.1_cds_XP_015681061.1_17985	585	503.024	3936.82	728.884
lcl|NW_015388741.1_cds_XP_015681062.2_17986	1785	1607.06	3	0.173856
lcl|NW_015388741.1_cds_XP_015681063.1_17987	1677	1638.95	0	0
lcl|NW_015388741.1_cds_XP_015681064.1_17988	900	865.053	34.4563	3.7096
lcl|NW_015388742.1_cds_XP_029141842.1_17989	501	462.949	0	0
lcl|NW_015388742.1_cds_XP_029141843.1_17990	1749	1647.55	17	0.960972
lcl|NW_015388742.1_cds_XP_015681066.1_17991	7116	6529.63	145	2.06814
lcl|NW_015388742.1_cds_XP_015681067.1_17992	3627	3225.51	7	0.202116
lcl|NW_015388743.1_cds_XP_015681071.1_17993	3036	2994.43	47	1.46179
lcl|NW_015388743.1_cds_XP_029141844.1_17994	3624	3552.14	8	0.20975
lcl|NW_015388743.1_cds_XP_015681072.1_17995	2100	2091.79	463	20.6141
lcl|NW_015388743.1_cds_XP_029141845.1_17996	3468	3429.95	0	0
lcl|NW_015388746.1_cds_XP_015681073.1_17997	1020	981.949	0	0
lcl|NW_015388746.1_cds_XP_029141846.1_17998	2268	2138.67	86	3.74504
lcl|NW_015388748.1_cds_XP_015681077.1_17999	5496	5312	101.066	1.77194
lcl|NW_015388748.1_cds_XP_015681076.1_18000	338	299.949	0	0
lcl|NW_015388751.1_cds_XP_015681080.1_18001	2097	2108.99	19.5926	0.865205
lcl|NW_015388751.1_cds_XP_015681078.1_18002	1614	1575.95	0	0
lcl|NW_015388752.1_cds_XP_029141847.1_18003	1779	1609.7	24	1.38857
lcl|NW_015388752.1_cds_XP_015681083.1_18004	1215	1060.07	20	1.75711
lcl|NW_015388752.1_cds_XP_015681084.1_18005	5208	4902.29	20	0.379955
lcl|NW_015388752.1_cds_XP_015681085.1_18006	1572	1490.49	13	0.812296
lcl|NW_015388752.1_cds_XP_015681087.1_18007	753	663.832	0	0
lcl|NW_015388752.1_cds_XP_015681086.1_18008	882	780.252	134	15.9945
lcl|NW_015388752.1_cds_XP_015681088.1_18009	2433	2310.99	3	0.120899
lcl|NW_015388752.1_cds_XP_015681081.1_18010	544	469.934	12	2.37819
lcl|NW_015388753.1_cds_XP_029141850.1_18011	681	642.949	0	0
lcl|NW_015388753.1_cds_XP_029141848.1_18012	918	879.949	0	0
lcl|NW_015388753.1_cds_XP_029141851.1_18013	426	379.538	105	25.7653
lcl|NW_015388753.1_cds_XP_029141849.1_18014	706	669.31	2	0.278294
lcl|NW_015388754.1_cds_XP_015681092.2_18015	288	251.251	56	20.7578
lcl|NW_015388754.1_cds_XP_015681091.1_18016	1677	1623.51	152.942	8.77353
lcl|NW_015388756.1_cds_XP_029141852.1_18017	1467	1473.57	111	7.01541
lcl|NW_015388756.1_cds_XP_015681093.2_18018	1920	1881.95	0	0
lcl|NW_015388756.1_cds_XP_015681094.1_18019	1825	1786.95	0	0
lcl|NW_015388758.1_cds_XP_015681097.1_18020	1680	1648.35	32	1.80801
lcl|NW_015388759.1_cds_XP_015681098.1_18021	1680	1641.95	0	0
lcl|NW_015388760.1_cds_XP_029141853.1_18022	1185	1146.95	0	0
lcl|NW_015388760.1_cds_XP_015681102.1_18023	561	556.779	721.647	120.71
lcl|NW_015388760.1_cds_XP_015681100.1_18024	1167	1149.1	18.3513	1.48735
lcl|NW_015388761.1_cds_XP_015681103.1_18025	1653	1614.65	37.5622	2.16658
lcl|NW_015388763.1_cds_XP_015681104.1_18026	543	504.949	0	0
lcl|NW_015388768.1_cds_XP_015681106.1_18027	1425	1454.31	64	4.09849
lcl|NW_015388768.1_cds_XP_015681105.1_18028	693	654.949	0	0
lcl|NW_015388771.1_cds_XP_015681107.1_18029	480	402.91	11.9254	2.75656
lcl|NW_015388772.1_cds_XP_029141855.1_18030	1188	1202.51	114.794	8.89061
lcl|NW_015388772.1_cds_XP_015681109.1_18031	1071	1072.75	122.375	10.6242
lcl|NW_015388772.1_cds_XP_015681110.1_18032	849	836.317	0	0
lcl|NW_015388772.1_cds_XP_015681108.1_18033	501	462.949	0	0
lcl|NW_015388773.1_cds_XP_015681111.1_18034	540	521.764	55	9.81725
lcl|NW_015388773.1_cds_XP_015681112.1_18035	1449	1411.77	36	2.37487
lcl|NW_015388773.1_cds_XP_015681113.2_18036	1029	921.13	50.4697	5.10283
lcl|NW_015388773.1_cds_XP_015681114.1_18037	879	837.867	102.051	11.3435
lcl|NW_015388773.1_cds_XP_015681115.1_18038	699	657.242	71.9486	10.1953
lcl|NW_015388774.1_cds_XP_015681116.1_18039	594	555.949	0	0
lcl|NW_015388774.1_cds_XP_015681118.1_18040	939	825.623	16.7816	1.89301
lcl|NW_015388774.1_cds_XP_015681127.1_18041	1074	1019.98	86.2857	7.8786
lcl|NW_015388774.1_cds_XP_015681119.1_18042	1428	1315.62	127.877	9.05245
lcl|NW_015388774.1_cds_XP_015681120.1_18043	1344	1253.45	73	5.42399
lcl|NW_015388774.1_cds_XP_015681124.1_18044	558	464.611	6.4004	1.28298
lcl|NW_015388774.1_cds_XP_015681125.1_18045	609	534.387	5.0386	0.878123
lcl|NW_015388774.1_cds_XP_029141856.1_18046	270	198.213	4	1.87944
lcl|NW_015388774.1_cds_XP_015681121.1_18047	1407	1322.82	24.0407	1.69257
lcl|NW_015388774.1_cds_XP_029141857.1_18048	3474	3450.79	1	0.0269888
lcl|NW_015388774.1_cds_XP_015681126.1_18049	327	263.472	47	16.6137
lcl|NW_015388774.1_cds_XP_015681123.1_18050	492	453.949	0	0
lcl|NW_015388775.1_cds_XP_015681129.1_18051	858	804.806	31	3.58733
lcl|NW_015388775.1_cds_XP_015681130.1_18052	858	837.054	5.56669	0.619363
lcl|NW_015388776.1_cds_XP_015681131.1_18053	1203	1131.76	19.2763	1.58625
lcl|NW_015388776.1_cds_XP_015681132.1_18054	4485	4411.94	6	0.126655
lcl|NW_015388780.1_cds_XP_015681133.1_18055	1392	1353.95	0	0
lcl|NW_015388781.1_cds_XP_015681134.1_18056	1677	1638.95	0	0
lcl|NW_015388781.1_cds_XP_015681136.1_18057	597	538.598	2382	411.887
lcl|NW_015388781.1_cds_XP_015681137.1_18058	867	834.13	204	22.7771
lcl|NW_015388781.1_cds_XP_029141858.1_18059	1182	1108.76	2	0.167994
lcl|NW_015388782.1_cds_XP_015681139.1_18060	2613	2673.93	20	0.696598
lcl|NW_015388782.1_cds_XP_015681141.1_18061	927	901.297	16	1.65331
lcl|NW_015388782.1_cds_XP_015681142.1_18062	3549	3532.4	59	1.55555
lcl|NW_015388782.1_cds_XP_015681140.1_18063	1137	1144.1	14	1.13964
lcl|NW_015388782.1_cds_XP_015681143.1_18064	3399	3392.15	42	1.15312
lcl|NW_015388783.1_cds_XP_015681144.1_18065	906	843.705	105	11.5904
lcl|NW_015388783.1_cds_XP_029141859.1_18066	2007	2010.99	8	0.370495
lcl|NW_015388783.1_cds_XP_015681145.1_18067	1149	1163	314.349	25.173
lcl|NW_015388786.1_cds_18068	396	379.434	32	7.85444
lcl|NW_015388787.1_cds_XP_029141860.1_18069	2262	2223.95	0	0
lcl|NW_015388787.1_cds_XP_015681150.1_18070	1269	1230.95	0	0
lcl|NW_015388788.1_cds_XP_015681151.1_18071	1200	1122.14	2	0.165991
lcl|NW_015388788.1_cds_XP_015681152.1_18072	1074	1035.95	0	0
lcl|NW_015388788.1_cds_XP_015681153.1_18073	735	706.586	51	6.72212
lcl|NW_015388790.1_cds_XP_029141861.1_18074	4677	4557.25	23	0.470031
lcl|NW_015388790.1_cds_XP_015681155.1_18075	1335	1331.57	591.08	41.3411
lcl|NW_015388791.1_cds_XP_029141862.1_18076	589	550.949	0	0
lcl|NW_015388791.1_cds_XP_015681159.1_18077	2025	1904.24	32	1.56506
lcl|NW_015388791.1_cds_XP_015681157.1_18078	1317	1278.95	0	0
lcl|NW_015388791.1_cds_XP_015681158.1_18079	1989	1760.69	3	0.158686
lcl|NW_015388792.1_cds_XP_015681160.1_18080	1815	1776.95	0	0
lcl|NW_015388793.1_cds_XP_029141863.1_18081	1129	1106.1	2	0.168398
lcl|NW_015388794.1_cds_XP_015681162.1_18082	1389	1324.66	281	19.7561
lcl|NW_015388794.1_cds_XP_015681164.1_18083	474	413.518	26.4838	5.96468
lcl|NW_015388794.1_cds_XP_015681166.1_18084	462	409.184	35.2007	8.01187
lcl|NW_015388794.1_cds_XP_015681165.1_18085	471	408.565	21.3155	4.85889
lcl|NW_015388795.1_cds_XP_015681167.2_18086	664	625.949	0	0
lcl|NW_015388795.1_cds_XP_029141865.1_18087	654	578.986	2.0442	0.328819
lcl|NW_015388795.1_cds_XP_029141866.1_18088	498	459.949	0	0
lcl|NW_015388795.1_cds_XP_015681169.1_18089	810	777.545	2	0.239555
lcl|NW_015388795.1_cds_XP_029141864.1_18090	777	738.949	0	0
lcl|NW_015388796.1_cds_XP_015681171.1_18091	1509	1495.04	122.857	7.65326
lcl|NW_015388796.1_cds_XP_015681174.2_18092	1503	1481.46	167.143	10.5075
lcl|NW_015388796.1_cds_XP_015681173.1_18093	3228	3116.49	3	0.0896513
lcl|NW_015388797.1_cds_XP_015681176.1_18094	423	377.66	1	0.246604
lcl|NW_015388797.1_cds_XP_029141867.1_18095	1149	1137.56	0	0
lcl|NW_015388797.1_cds_XP_015681179.1_18096	423	384.949	0	0
lcl|NW_015388797.1_cds_XP_015681182.1_18097	432	393.949	0	0
lcl|NW_015388797.1_cds_XP_015681185.2_18098	1071	1048.48	0	0
lcl|NW_015388799.1_cds_XP_029141868.1_18099	468	429.949	0	0
lcl|NW_015388799.1_cds_XP_015681187.2_18100	2850	2881.32	16	0.517166
lcl|NW_015388799.1_cds_XP_015681188.1_18101	1725	1601.92	463	26.9179
lcl|NW_015388801.1_cds_XP_015681189.2_18102	789	750.949	0	0
lcl|NW_015388801.1_cds_XP_015681190.1_18103	852	813.949	0	0
lcl|NW_015388802.1_cds_XP_015681195.1_18104	1092	1039.59	323	28.9362
lcl|NW_015388802.1_cds_XP_015681192.1_18105	2580	2377.65	19	0.744229
lcl|NW_015388802.1_cds_XP_029141869.1_18106	1386	1320.48	5	0.352648
lcl|NW_015388802.1_cds_XP_015681194.1_18107	1359	1228.38	5	0.379086
lcl|NW_015388803.1_cds_XP_015681196.1_18108	7809	7971.39	1	0.0116833
lcl|NW_015388805.1_cds_XP_015681198.1_18109	1092	1053.95	0	0
lcl|NW_015388805.1_cds_XP_029141870.1_18110	654	615.949	0	0
lcl|NW_015388805.1_cds_XP_015681199.1_18111	774	735.949	0	0
lcl|NW_015388806.1_cds_XP_015681202.1_18112	2100	2109.39	625.159	27.6017
lcl|NW_015388806.1_cds_XP_015681200.1_18113	1941	1942.77	0.000821893	3.93999e-05
lcl|NW_015388806.1_cds_XP_015681201.1_18114	1806	1809.09	315.84	16.2596
lcl|NW_015388806.1_cds_XP_015681203.1_18115	2289	2262.71	241	9.91949
lcl|NW_015388806.1_cds_XP_015681204.1_18116	1359	1371.1	92	6.24913
lcl|NW_015388808.1_cds_XP_015681207.1_18117	1116	1079.99	81.1659	6.99933
lcl|NW_015388808.1_cds_XP_029141871.1_18118	651	588.529	1	0.158246
lcl|NW_015388808.1_cds_XP_015681208.2_18119	2364	2253.04	21.4162	0.885269
lcl|NW_015388808.1_cds_XP_015681209.1_18120	450	410.33	0.954895	0.216732
lcl|NW_015388808.1_cds_XP_015681206.1_18121	909	870.949	0	0
lcl|NW_015388809.1_cds_XP_015681210.1_18122	4167	4128.95	0	0
lcl|NW_015388811.1_cds_XP_029141873.1_18123	1259	1220.95	0	0
lcl|NW_015388811.1_cds_XP_015681212.2_18124	2148	2058.94	1	0.0452333
lcl|NW_015388813.1_cds_XP_015681214.1_18125	2037	1951.42	51	2.434
lcl|NW_015388813.1_cds_XP_029141874.1_18126	1446	1317.22	1	0.070704
lcl|NW_015388816.1_cds_XP_015681216.1_18127	414	375.949	0	0
lcl|NW_015388819.1_cds_XP_015681220.1_18128	2454	2375.33	118	4.62657
lcl|NW_015388819.1_cds_XP_015681217.2_18129	333	294.949	0	0
lcl|NW_015388819.1_cds_XP_015681218.1_18130	396	328.349	13.5	3.82912
lcl|NW_015388819.1_cds_XP_015681219.1_18131	396	328.349	13.5	3.82912
lcl|NW_015388820.1_cds_XP_015681221.1_18132	738	650.212	4	0.572936
lcl|NW_015388820.1_cds_XP_015681223.1_18133	2430	2316.23	3	0.120626
lcl|NW_015388820.1_cds_XP_015681224.1_18134	1158	1119.95	0	0
lcl|NW_015388820.1_cds_XP_015681225.1_18135	1521	1482.95	0	0
lcl|NW_015388820.1_cds_XP_015681226.1_18136	2022	1969.78	101	4.77535
lcl|NW_015388822.1_cds_XP_015681227.1_18137	510	483.005	3	0.578457
lcl|NW_015388822.1_cds_XP_015681228.1_18138	1026	921.29	355	35.8867
lcl|NW_015388823.1_cds_XP_015681229.1_18139	996	913.888	2.92402	0.297981
lcl|NW_015388823.1_cds_XP_029141878.1_18140	3231	3192.95	0	0
lcl|NW_015388823.1_cds_XP_029141875.1_18141	2889	2701.14	0	0
lcl|NW_015388823.1_cds_XP_029141877.1_18142	2730	2548.85	3.81585	0.139428
lcl|NW_015388823.1_cds_XP_029141876.1_18143	2751	2556.48	0.184151	0.00670859
lcl|NW_015388825.1_cds_XP_015681232.2_18144	1263	1215.65	33.1751	2.54159
lcl|NW_015388825.1_cds_XP_015681233.1_18145	1239	1215.56	13.8249	1.05922
lcl|NW_015388825.1_cds_XP_015681231.1_18146	2118	2122.68	9608	421.55
lcl|NW_015388825.1_cds_XP_015681234.1_18147	1011	981.896	66	6.26008
lcl|NW_015388826.1_cds_XP_015681235.1_18148	2523	2492.61	29	1.08354
lcl|NW_015388826.1_cds_XP_029141879.1_18149	1581	1467.79	25	1.58627
lcl|NW_015388826.1_cds_XP_015681238.1_18150	948	904.404	29	2.98632
lcl|NW_015388826.1_cds_XP_015681237.1_18151	3843	3804.95	0	0
lcl|NW_015388828.1_cds_XP_015681240.1_18152	1086	959.596	13	1.2617
lcl|NW_015388828.1_cds_XP_029141880.1_18153	3213	3174.95	0	0
lcl|NW_015388829.1_cds_XP_015681242.1_18154	705	672.452	9	1.24647
lcl|NW_015388829.1_cds_XP_015681245.1_18155	630	577.827	4	0.644708
lcl|NW_015388829.1_cds_XP_015681241.1_18156	2934	2844.43	22	0.720326
lcl|NW_015388830.1_cds_XP_029141884.1_18157	1984	2066.64	37.3402	1.68272
lcl|NW_015388830.1_cds_XP_029141881.1_18158	4284	4553.07	73.0229	1.49368
lcl|NW_015388830.1_cds_XP_029141882.1_18159	4155	4378.79	29.3801	0.624884
lcl|NW_015388830.1_cds_XP_029141883.1_18160	1305	1342.92	0	0
lcl|NW_015388831.1_cds_XP_015681250.1_18161	3840	3766.14	0.00240771	5.95401e-05
lcl|NW_015388831.1_cds_XP_015681251.1_18162	3813	3732.61	6.99759	0.174597
lcl|NW_015388831.1_cds_XP_015681247.1_18163	1539	1486.52	2	0.125303
lcl|NW_015388831.1_cds_XP_015681257.1_18164	462	443.037	468	98.38
lcl|NW_015388831.1_cds_XP_015681258.1_18165	366	312.153	695	207.357
lcl|NW_015388832.1_cds_XP_029141885.1_18166	933	894.949	0	0
lcl|NW_015388832.1_cds_XP_029141886.1_18167	747	708.949	0	0
lcl|NW_015388832.1_cds_XP_029141887.1_18168	915	876.949	0	0
lcl|NW_015388832.1_cds_XP_029141888.1_18169	570	531.949	0	0
lcl|NW_015388832.1_cds_XP_029141889.1_18170	915	876.949	0	0
lcl|NW_015388832.1_cds_XP_029141890.1_18171	915	876.949	0	0
lcl|NW_015388832.1_cds_XP_029141891.1_18172	915	876.949	0	0
lcl|NW_015388832.1_cds_XP_029141892.1_18173	915	876.949	0	0
lcl|NW_015388833.1_cds_XP_029141893.1_18174	1248	1209.95	0	0
lcl|NW_015388833.1_cds_XP_015681262.1_18175	1407	1368.95	0	0
lcl|NW_015388833.1_cds_XP_029141894.1_18176	720	716.371	1	0.130006
lcl|NW_015388833.1_cds_XP_015681263.1_18177	1383	1344.95	0	0
lcl|NW_015388837.1_cds_XP_029141895.1_18178	2445	2406.95	0	0
lcl|NW_015388837.1_cds_XP_029141896.1_18179	1185	1146.95	0	0
lcl|NW_015388837.1_cds_XP_029141897.1_18180	996	957.949	0	0
lcl|NW_015388837.1_cds_XP_015681266.2_18181	1215	1184.64	12	0.9434
lcl|NW_015388837.1_cds_XP_015681269.1_18182	1077	977.205	3	0.285915
lcl|NW_015388838.1_cds_XP_015681279.1_18183	2757	2609.27	0.963284	0.0343824
lcl|NW_015388838.1_cds_XP_015681277.1_18184	2760	2608.62	1.10842	0.0395724
lcl|NW_015388838.1_cds_XP_015681278.1_18185	2757	2612.05	0.397032	0.0141562
lcl|NW_015388838.1_cds_XP_015681280.1_18186	2748	2602.21	11.5313	0.412702
lcl|NW_015388838.1_cds_XP_029141898.1_18187	567	528.949	0	0
lcl|NW_015388838.1_cds_XP_029141899.1_18188	2265	2125.49	3	0.131451
lcl|NW_015388838.1_cds_XP_015681281.1_18189	399	328.231	2	0.567482
lcl|NW_015388838.1_cds_XP_029141900.1_18190	2289	2078.08	13	0.582616
lcl|NW_015388838.1_cds_XP_015681272.1_18191	10419	9747.39	44	0.420403
lcl|NW_015388838.1_cds_XP_015681273.1_18192	1017	978.949	0	0
lcl|NW_015388838.1_cds_XP_015681274.1_18193	1053	1014.95	0	0
lcl|NW_015388838.1_cds_XP_015681283.1_18194	936	897.949	0	0
lcl|NW_015388838.1_cds_XP_015681275.1_18195	2919	2718.98	4	0.137011
lcl|NW_015388838.1_cds_XP_015681276.1_18196	1377	1198.86	2	0.155368
lcl|NW_015388839.1_cds_XP_015681285.1_18197	1734	1740.07	70.7353	3.78591
lcl|NW_015388841.1_cds_XP_015681286.2_18198	1554	1515.95	0	0
lcl|NW_015388841.1_cds_XP_029141902.1_18199	2517	2478.95	0	0
lcl|NW_015388841.1_cds_XP_029141903.1_18200	2697	2666.07	2	0.0698651
lcl|NW_015388841.1_cds_XP_029141901.1_18201	900	871.85	5	0.534109
lcl|NW_015388841.1_cds_XP_015681288.1_18202	282	243.332	101	38.6567
lcl|NW_015388843.1_cds_XP_015681289.1_18203	2400	2394.93	1214	47.2092
lcl|NW_015388845.1_cds_XP_015681290.1_18204	1059	1020.95	0	0
lcl|NW_015388847.1_cds_XP_029141904.1_18205	1107	1083.62	6.12502	0.526422
lcl|NW_015388848.1_cds_XP_015681291.1_18206	1338	1278.43	9	0.655644
lcl|NW_015388848.1_cds_XP_029141905.1_18207	3537	3339.09	4	0.111566
lcl|NW_015388848.1_cds_XP_029141906.1_18208	2487	2396.17	12	0.466408
lcl|NW_015388848.1_cds_XP_015681295.1_18209	1197	1125.07	59	4.88397
lcl|NW_015388849.1_cds_XP_029141907.1_18210	2409	2457.65	5	0.189475
lcl|NW_015388850.1_cds_XP_015681300.1_18211	1470	1431.95	0	0
lcl|NW_015388850.1_cds_XP_029141908.1_18212	1986	1947.95	0	0
lcl|NW_015388850.1_cds_XP_015681302.1_18213	1614	1464.22	3	0.190817
lcl|NW_015388850.1_cds_XP_015681297.1_18214	3129	2928.89	0.000558622	1.7763e-05
lcl|NW_015388850.1_cds_XP_015681298.1_18215	3096	2900.48	3.99944	0.12842
lcl|NW_015388850.1_cds_XP_015681299.1_18216	2706	2521.64	0	0
lcl|NW_015388851.1_cds_XP_029141909.1_18217	7441	7206.76	269.738	3.48581
lcl|NW_015388853.1_cds_XP_015681305.1_18218	1800	1615.69	25	1.44107
lcl|NW_015388853.1_cds_XP_015681304.1_18219	395	365.785	7	1.78227
lcl|NW_015388854.1_cds_XP_015681308.1_18220	4005	3985.51	1	0.0233678
lcl|NW_015388855.1_cds_XP_029141912.1_18221	708	669.949	0	0
lcl|NW_015388855.1_cds_XP_015681309.1_18222	534	484.556	20	3.84404
lcl|NW_015388855.1_cds_XP_029141911.1_18223	465	426.949	0	0
lcl|NW_015388856.1_cds_XP_029141913.1_18224	1149	1110.95	0	0
lcl|NW_015388856.1_cds_XP_015681310.1_18225	1053	894.567	28	2.91505
lcl|NW_015388856.1_cds_XP_015681311.1_18226	2397	2358.95	0	0
lcl|NW_015388856.1_cds_XP_029141914.1_18227	453	414.949	0	0
lcl|NW_015388856.1_cds_XP_015681312.1_18228	273	234.949	0	0
lcl|NW_015388856.1_cds_XP_015681313.1_18229	408	369.949	0	0
lcl|NW_015388857.1_cds_XP_015681314.2_18230	795	699.905	940.75	125.18
lcl|NW_015388857.1_cds_XP_015681315.1_18231	1737	1675.57	0.972387	0.0540479
lcl|NW_015388857.1_cds_XP_029141915.1_18232	1848	1865.25	5	0.249652
lcl|NW_015388857.1_cds_XP_015681317.1_18233	1686	1630.23	9	0.514155
lcl|NW_015388860.1_cds_XP_015681319.1_18234	537	498.949	0	0
lcl|NW_015388861.1_cds_XP_015681321.1_18235	495	480.478	218	42.2556
lcl|NW_015388861.1_cds_XP_015681320.1_18236	1125	1000.52	32	2.97869
lcl|NW_015388865.1_cds_XP_015681322.1_18237	364	325.949	0	0
lcl|NW_015388865.1_cds_XP_015681323.2_18238	1392	1282.15	6	0.435826
lcl|NW_015388865.1_cds_XP_015681327.1_18239	1041	1002.95	0	0
lcl|NW_015388865.1_cds_XP_015681329.1_18240	954	865.159	27	2.90649
lcl|NW_015388865.1_cds_XP_015681330.1_18241	1512	1334.56	2	0.139571
lcl|NW_015388865.1_cds_XP_015681324.1_18242	2490	2314.27	52	2.09262
lcl|NW_015388865.1_cds_XP_015681325.1_18243	642	603.949	0	0
lcl|NW_015388865.1_cds_XP_015681326.1_18244	2652	2613.95	0	0
lcl|NW_015388867.1_cds_XP_015681331.1_18245	756	728.049	38	4.86098
lcl|NW_015388867.1_cds_XP_015681332.1_18246	1500	1501.08	7	0.434305
lcl|NW_015388868.1_cds_XP_015681333.1_18247	1575	1539.45	55	3.32736
lcl|NW_015388869.1_cds_XP_015681336.1_18248	993	954.949	0	0
lcl|NW_015388869.1_cds_XP_029141916.1_18249	2376	2211.04	8	0.336973
lcl|NW_015388869.1_cds_XP_015681335.1_18250	2433	2179.1	3	0.128217
lcl|NW_015388869.1_cds_XP_015681334.1_18251	1449	1320.31	16	1.12861
lcl|NW_015388869.1_cds_XP_015681340.1_18252	504	451.617	6.31255	1.30177
lcl|NW_015388869.1_cds_XP_015681339.1_18253	744	652.944	5.68745	0.811228
lcl|NW_015388869.1_cds_XP_029141917.1_18254	3432	3111.14	22	0.658574
lcl|NW_015388870.1_cds_XP_015681342.2_18255	1467	1428.95	0	0
lcl|NW_015388870.1_cds_XP_015681343.1_18256	9269	8754.82	13	0.138292
lcl|NW_015388871.1_cds_XP_015681344.2_18257	1380	1287.96	15	1.08465
lcl|NW_015388871.1_cds_XP_029141918.1_18258	513	474.949	0	0
lcl|NW_015388871.1_cds_XP_029141919.1_18259	774	735.949	0	0
lcl|NW_015388872.1_cds_XP_015681345.1_18260	1731	1739.29	220	11.7802
lcl|NW_015388873.1_cds_XP_029141920.1_18261	2937	2883.31	33	1.06592
lcl|NW_015388875.1_cds_XP_015681348.1_18262	4182	4090.02	197.417	4.49532
lcl|NW_015388877.1_cds_XP_015681350.1_18263	1614	1539.15	3	0.181527
lcl|NW_015388877.1_cds_XP_015681351.1_18264	564	475.326	21.7617	4.26385
lcl|NW_015388879.1_cds_XP_015681352.1_18265	1041	1047.93	165	14.664
lcl|NW_015388879.1_cds_XP_015681354.1_18266	1491	1424.11	490	32.0446
lcl|NW_015388879.1_cds_XP_029141921.1_18267	1812	1755.4	43	2.28136
lcl|NW_015388880.1_cds_XP_015681356.1_18268	1275	1240.73	297	22.2937
lcl|NW_015388883.1_cds_XP_015681357.1_18269	3198	3273.15	10	0.284535
lcl|NW_015388884.1_cds_18270	366	347.101	17.6809	4.74406
lcl|NW_015388884.1_cds_18271	384	385.625	1.16148	0.28051
lcl|NW_015388884.1_cds_XP_029141922.1_18272	2727	2688.95	0	0
lcl|NW_015388884.1_cds_XP_029141923.1_18273	963	994.887	15.4678	1.44796
lcl|NW_015388884.1_cds_18274	528	508.092	3	0.549896
lcl|NW_015388884.1_cds_18275	627	624.247	8.79898	1.31274
lcl|NW_015388884.1_cds_XP_029141924.1_18276	894	933.42	23.997	2.39432
lcl|NW_015388884.1_cds_18277	591	584.486	11.3211	1.80392
lcl|NW_015388884.1_cds_18278	387	362.181	7.13566	1.83489
lcl|NW_015388884.1_cds_18279	516	491.439	13.9555	2.6447
lcl|NW_015388884.1_cds_18280	513	501.019	7.88939	1.46653
lcl|NW_015388884.1_cds_18281	423	384.949	0	0
lcl|NW_015388884.1_cds_18282	402	373.48	0.0444945	0.0110953
lcl|NW_015388884.1_cds_18283	444	417.638	1.90782	0.425439
lcl|NW_015388884.1_cds_18284	444	405.949	0	0
lcl|NW_015388884.1_cds_18285	477	438.949	0	0
lcl|NW_015388885.1_cds_XP_029141925.1_18286	4546	4507.95	0	0
lcl|NW_015388889.1_cds_XP_015681362.1_18287	1872	1833.95	0	0
lcl|NW_015388890.1_cds_XP_015681363.1_18288	693	643.989	8	1.15695
lcl|NW_015388890.1_cds_XP_015681364.1_18289	1110	1074.17	34	2.94785
lcl|NW_015388894.1_cds_XP_015681370.1_18290	2112	2073.95	0	0
lcl|NW_015388894.1_cds_XP_015681368.1_18291	672	616.756	29	4.37911
lcl|NW_015388894.1_cds_XP_015681369.1_18292	3435	3487.91	28	0.747642
lcl|NW_015388896.1_cds_XP_015681371.1_18293	708	695.665	6	0.803253
lcl|NW_015388897.1_cds_XP_015681373.2_18294	840	801.949	0	0
lcl|NW_015388898.1_cds_XP_029141926.1_18295	789	750.949	0	0
lcl|NW_015388899.1_cds_XP_015681374.1_18296	957	892.524	283.5	29.5825
lcl|NW_015388899.1_cds_XP_015681375.1_18297	957	892.524	283.5	29.5825
lcl|NW_015388899.1_cds_XP_015681376.1_18298	471	438.386	19	4.03644
lcl|NW_015388899.1_cds_XP_015681377.1_18299	471	438.386	19	4.03644
lcl|NW_015388900.1_cds_XP_029141927.1_18300	1326	1287.95	0	0
lcl|NW_015388900.1_cds_XP_029141928.1_18301	2406	2367.95	0	0
lcl|NW_015388900.1_cds_XP_015681381.1_18302	1635	1422.9	100.201	6.55842
lcl|NW_015388900.1_cds_XP_015681380.1_18303	549	510.949	0	0
lcl|NW_015388900.1_cds_XP_015681382.1_18304	1215	1176.95	0	0
lcl|NW_015388900.1_cds_XP_015681384.1_18305	2076	1892.21	4.9356	0.242925
lcl|NW_015388900.1_cds_XP_015681383.1_18306	2508	2282.96	0	0
lcl|NW_015388904.1_cds_XP_029141929.1_18307	573	534.949	0	0
lcl|NW_015388904.1_cds_XP_015681386.2_18308	912	908.641	0	0
lcl|NW_015388904.1_cds_XP_029141930.1_18309	915	876.949	0	0
lcl|NW_015388904.1_cds_XP_029141931.1_18310	915	876.949	0	0
lcl|NW_015388904.1_cds_XP_015681387.1_18311	915	876.949	0	0
lcl|NW_015388904.1_cds_XP_015681388.1_18312	912	876.819	1	0.106216
lcl|NW_015388904.1_cds_XP_029141932.1_18313	915	876.949	0	0
lcl|NW_015388904.1_cds_XP_015681389.1_18314	915	876.949	0	0
lcl|NW_015388904.1_cds_XP_029141933.1_18315	1020	981.949	0	0
lcl|NW_015388904.1_cds_XP_015681391.1_18316	915	876.949	0	0
lcl|NW_015388904.1_cds_XP_015681393.1_18317	927	888.949	0	0
lcl|NW_015388904.1_cds_XP_029141934.1_18318	924	885.949	0	0
lcl|NW_015388904.1_cds_XP_015681395.1_18319	915	876.949	0	0
lcl|NW_015388905.1_cds_XP_015681396.1_18320	540	501.949	0	0
lcl|NW_015388906.1_cds_XP_015681397.1_18321	1740	1699.27	296.974	16.2763
lcl|NW_015388906.1_cds_XP_015681398.1_18322	1737	1697.44	356.989	19.5868
lcl|NW_015388906.1_cds_XP_015681400.1_18323	1737	1697.19	29.0734	1.59538
lcl|NW_015388906.1_cds_XP_015681401.1_18324	1734	1695.36	34.9635	1.92068
lcl|NW_015388906.1_cds_XP_015681402.1_18325	1098	1082.46	636	54.7199
lcl|NW_015388906.1_cds_XP_015681403.1_18326	714	713.795	37.75	4.92544
lcl|NW_015388906.1_cds_XP_015681404.1_18327	714	713.795	37.75	4.92544
lcl|NW_015388906.1_cds_XP_015681405.1_18328	714	713.795	37.75	4.92544
lcl|NW_015388906.1_cds_XP_015681406.1_18329	714	713.795	37.75	4.92544
lcl|NW_015388906.1_cds_XP_029141935.1_18330	2103	2079.6	104	4.65753
lcl|NW_015388906.1_cds_XP_015681408.1_18331	513	473.496	154.426	30.3742
lcl|NW_015388906.1_cds_XP_015681409.1_18332	429	381.511	10.787	2.63326
lcl|NW_015388906.1_cds_XP_015681410.1_18333	429	381.511	10.787	2.63326
lcl|NW_015388906.1_cds_XP_015681411.1_18334	684	613.462	95	14.4224
lcl|NW_015388911.1_cds_XP_015681414.1_18335	5045	5123.95	4	0.0727037
lcl|NW_015388913.1_cds_XP_015681418.1_18336	1098	1007.84	206	19.0361
lcl|NW_015388913.1_cds_XP_015681415.1_18337	822	746.192	324.869	40.547
lcl|NW_015388913.1_cds_XP_029141936.1_18338	825	746.735	52.1306	6.50171
lcl|NW_015388913.1_cds_XP_015681416.1_18339	822	742.76	0.000292083	3.66234e-05
lcl|NW_015388913.1_cds_XP_015681417.1_18340	327	261.89	9	3.20056
lcl|NW_015388914.1_cds_XP_015681423.1_18341	2427	2293.07	4	0.162459
lcl|NW_015388914.1_cds_XP_015681421.1_18342	705	611.741	2	0.304483
lcl|NW_015388914.1_cds_XP_015681419.1_18343	612	562.428	2206.5	365.375
lcl|NW_015388914.1_cds_XP_015681420.1_18344	612	562.428	2206.5	365.375
lcl|NW_015388914.1_cds_XP_015681422.1_18345	1011	972.949	0	0
lcl|NW_015388915.1_cds_XP_015681431.1_18346	1440	1401.95	0	0
lcl|NW_015388915.1_cds_XP_015681425.1_18347	963	900.658	3283	339.478
lcl|NW_015388915.1_cds_XP_015681426.1_18348	1308	1259.35	190.069	14.0561
lcl|NW_015388915.1_cds_XP_015681428.1_18349	1305	1256.76	24.9312	1.84754
lcl|NW_015388915.1_cds_XP_015681427.1_18350	1305	1256.55	0	0
lcl|NW_015388915.1_cds_XP_015681429.1_18351	1236	1240.23	6	0.450557
lcl|NW_015388915.1_cds_XP_015681430.1_18352	2148	2216.62	83	3.48729
lcl|NW_015388915.1_cds_XP_015681434.1_18353	2820	2785.54	0	0
lcl|NW_015388915.1_cds_XP_015681435.2_18354	2427	2416.85	1	0.0385347
lcl|NW_015388915.1_cds_XP_015681433.1_18355	6270	6382.88	53.2532	0.777016
lcl|NW_015388920.1_cds_XP_015681438.1_18356	1569	1590.06	9.20962	0.539422
lcl|NW_015388920.1_cds_XP_015681437.1_18357	1773	1798.72	317	16.4134
lcl|NW_015388921.1_cds_XP_015681440.2_18358	2754	2557.12	2	0.0728417
lcl|NW_015388923.1_cds_XP_015681443.2_18359	1416	1377.95	0	0
lcl|NW_015388923.1_cds_XP_015681442.1_18360	813	764.219	86	10.4805
lcl|NW_015388923.1_cds_XP_015681441.1_18361	960	915.805	65	6.61016
lcl|NW_015388924.1_cds_XP_015681445.1_18362	612	573.949	0	0
lcl|NW_015388924.1_cds_XP_029141937.1_18363	2484	2252.92	4	0.165354
lcl|NW_015388924.1_cds_XP_015681447.2_18364	1443	1271.46	1	0.0732484
lcl|NW_015388925.1_cds_XP_015681448.1_18365	819	733.059	24	3.04912
lcl|NW_015388925.1_cds_XP_015681449.1_18366	1359	1239.45	5	0.375702
lcl|NW_015388925.1_cds_XP_029141938.1_18367	2385	2269.89	21	0.861621
lcl|NW_015388926.1_cds_XP_015681451.1_18368	852	849.62	4	0.438467
lcl|NW_015388927.1_cds_XP_015681452.1_18369	1332	1322.91	9	0.633599
lcl|NW_015388930.1_cds_XP_015681453.1_18370	1266	1227.95	0	0
lcl|NW_015388932.1_cds_XP_015681458.1_18371	2136	2003	13.5857	0.63169
lcl|NW_015388932.1_cds_XP_029141939.1_18372	1074	1002.98	8	0.742843
lcl|NW_015388932.1_cds_XP_015681454.1_18373	705	691.119	55	7.41158
lcl|NW_015388932.1_cds_XP_015681457.1_18374	1815	1789.19	7.80481	0.406262
lcl|NW_015388933.1_cds_XP_015681459.1_18375	2037	2020.95	1	0.0460835
lcl|NW_015388935.1_cds_XP_015681461.1_18376	406	364.022	1	0.255843
lcl|NW_015388936.1_cds_XP_015681468.1_18377	2505	2466.95	0	0
lcl|NW_015388936.1_cds_XP_015681462.1_18378	1905	1848.52	14	0.705353
lcl|NW_015388936.1_cds_XP_015681463.1_18379	729	657.798	20	2.83165
lcl|NW_015388936.1_cds_XP_015681464.1_18380	750	658.599	455	64.3416
lcl|NW_015388936.1_cds_XP_015681465.1_18381	444	399.354	60	13.9925
lcl|NW_015388936.1_cds_XP_015681469.2_18382	573	534.949	0	0
lcl|NW_015388936.1_cds_XP_015681467.1_18383	3113	3116.88	975	29.133
lcl|NW_015388937.1_cds_XP_029141940.1_18384	834	840.7	64.3941	7.13355
lcl|NW_015388937.1_cds_XP_029141941.1_18385	1755	1716.95	0	0
lcl|NW_015388937.1_cds_XP_015681471.1_18386	933	907.736	20.3476	2.08763
lcl|NW_015388938.1_cds_XP_015681472.1_18387	1671	1529.27	4	0.2436
lcl|NW_015388939.1_cds_XP_015681473.1_18388	726	687.949	0	0
lcl|NW_015388940.1_cds_XP_015681474.1_18389	3180	3103.76	19	0.57012
lcl|NW_015388941.1_cds_XP_029141942.1_18390	2871	2681.35	1.22818	0.0426589
lcl|NW_015388941.1_cds_XP_029141943.1_18391	2862	2673.52	17.7718	0.619083
lcl|NW_015388942.1_cds_XP_029141944.1_18392	2079	2040.95	0	0
lcl|NW_015388942.1_cds_XP_015681479.1_18393	978	898.634	29	3.0055
lcl|NW_015388942.1_cds_XP_015681476.1_18394	1479	1374.02	22	1.49118
lcl|NW_015388943.1_cds_XP_015681480.1_18395	672	647.001	1	0.143945
lcl|NW_015388944.1_cds_XP_029141945.1_18396	585	546.949	0	0
lcl|NW_015388944.1_cds_XP_029141946.1_18397	279	228.252	45	18.3611
lcl|NW_015388944.1_cds_XP_015681481.1_18398	663	597.682	22	3.4281
lcl|NW_015388946.1_cds_XP_015681482.1_18399	816	777.949	0	0
lcl|NW_015388948.1_cds_XP_015681484.1_18400	840	746.579	200.094	24.9609
lcl|NW_015388948.1_cds_XP_015681483.1_18401	778	703.292	62	8.21027
lcl|NW_015388948.1_cds_XP_015681485.1_18402	1305	1266.95	0	0
lcl|NW_015388952.1_cds_XP_015681488.1_18403	688	694.828	5	0.670184
lcl|NW_015388953.1_cds_XP_015681506.1_18404	837	835.109	12	1.33826
lcl|NW_015388953.1_cds_XP_015681489.1_18405	333	293.127	309	98.1757
lcl|NW_015388953.1_cds_XP_029141947.1_18406	2058	2051.28	22	0.998847
lcl|NW_015388953.1_cds_XP_015681491.1_18407	2244	2183.48	89	3.79614
lcl|NW_015388953.1_cds_XP_015681490.1_18408	2247	2185.8	1.99073e-08	8.48212e-10
lcl|NW_015388953.1_cds_XP_015681492.1_18409	1809	1776.46	47	2.46402
lcl|NW_015388953.1_cds_XP_015681495.1_18410	2040	2003.65	29	1.34796
lcl|NW_015388953.1_cds_XP_015681493.1_18411	3600	3733.12	145	3.6174
lcl|NW_015388953.1_cds_XP_015681507.1_18412	648	591.767	6	0.944282
lcl|NW_015388953.1_cds_XP_015681496.2_18413	957	918.949	0	0
lcl|NW_015388953.1_cds_XP_015681498.1_18414	762	723.949	0	0
lcl|NW_015388953.1_cds_XP_015681499.1_18415	939	900.949	0	0
lcl|NW_015388953.1_cds_XP_015681500.1_18416	960	963.867	0	0
lcl|NW_015388953.1_cds_XP_015681501.2_18417	912	873.949	0	0
lcl|NW_015388953.1_cds_XP_015681502.1_18418	960	921.949	0	0
lcl|NW_015388953.1_cds_XP_015681503.1_18419	960	958.643	0	0
lcl|NW_015388953.1_cds_XP_015681505.1_18420	960	921.949	0	0
lcl|NW_015388954.1_cds_XP_015681508.1_18421	792	753.949	0	0
lcl|NW_015388956.1_cds_XP_015681510.1_18422	4326	4320.82	9.76912	0.210567
lcl|NW_015388956.1_cds_XP_015681511.1_18423	732	693.949	0	0
lcl|NW_015388957.1_cds_XP_015681512.1_18424	1455	1288.13	0	0
lcl|NW_015388957.1_cds_XP_015681514.1_18425	1422	1256.47	1.99998	0.148243
lcl|NW_015388957.1_cds_XP_015681513.1_18426	1437	1272.81	1.79964e-05	1.31682e-06
lcl|NW_015388957.1_cds_XP_015681515.1_18427	681	642.949	0	0
lcl|NW_015388958.1_cds_XP_015681516.1_18428	440	401.949	0	0
lcl|NW_015388959.1_cds_XP_029141948.1_18429	5649	5787.43	3	0.0482766
lcl|NW_015388959.1_cds_XP_015681521.1_18430	513	468.93	158	31.3798
lcl|NW_015388959.1_cds_XP_015681520.2_18431	2649	2548.81	11.6718	0.426483
lcl|NW_015388959.1_cds_XP_015681518.1_18432	828	786.549	59	6.98599
lcl|NW_015388961.1_cds_XP_029141949.1_18433	2493	2454.95	0	0
lcl|NW_015388961.1_cds_XP_029141950.1_18434	2607	2568.95	0	0
lcl|NW_015388961.1_cds_XP_029141951.1_18435	1116	1077.95	0	0
lcl|NW_015388962.1_cds_XP_015681523.1_18436	2067	2028.95	0	0
lcl|NW_015388962.1_cds_XP_029141957.1_18437	354	290.774	9.44911	3.02647
lcl|NW_015388962.1_cds_XP_015681535.1_18438	1863	1648.22	6	0.33903
lcl|NW_015388962.1_cds_XP_015681537.2_18439	1134	975.222	1	0.0954988
lcl|NW_015388962.1_cds_XP_029141952.1_18440	969	930.949	0	0
lcl|NW_015388962.1_cds_XP_015681538.1_18441	240	195.977	7	3.32654
lcl|NW_015388962.1_cds_XP_015681539.1_18442	1515	1367.45	38	2.58805
lcl|NW_015388962.1_cds_XP_015681526.1_18443	1008	884.285	1	0.10532
lcl|NW_015388962.1_cds_XP_029141953.1_18444	1359	1320.95	0	0
lcl|NW_015388962.1_cds_XP_015681527.1_18445	2421	2382.95	0	0
lcl|NW_015388962.1_cds_XP_015681529.1_18446	1683	1471.14	1	0.0633062
lcl|NW_015388962.1_cds_XP_029141954.1_18447	2220	1996.8	2	0.0932815
lcl|NW_015388962.1_cds_XP_029141956.1_18448	630	591.949	0	0
lcl|NW_015388962.1_cds_XP_015681531.1_18449	597	558.949	0	0
lcl|NW_015388962.1_cds_XP_015681542.1_18450	630	566.474	4	0.65763
lcl|NW_015388962.1_cds_XP_015681543.1_18451	570	485.64	27	5.17786
lcl|NW_015388962.1_cds_XP_015681544.1_18452	282	243.949	0	0
lcl|NW_015388962.1_cds_XP_015681545.1_18453	282	243.949	0	0
lcl|NW_015388962.1_cds_XP_015681546.1_18454	282	243.949	0	0
lcl|NW_015388962.1_cds_XP_015681547.1_18455	2256	2217.95	0	0
lcl|NW_015388962.1_cds_XP_015681550.1_18456	252	207.338	1703.56	765.211
lcl|NW_015388962.1_cds_XP_015681549.1_18457	2118	2079.95	0	0
lcl|NW_015388962.1_cds_XP_015681522.1_18458	2163	2279.18	5	0.204311
lcl|NW_015388962.1_cds_XP_015681532.1_18459	2796	2583.74	20.8569	0.751801
lcl|NW_015388962.1_cds_XP_015681533.1_18460	915	763.718	124	15.1213
lcl|NW_015388962.1_cds_XP_015681534.2_18461	621	582.949	0	0
lcl|NW_015388963.1_cds_XP_015681553.1_18462	1338	1294.66	15	1.07904
lcl|NW_015388963.1_cds_XP_029141958.1_18463	849	784.925	2	0.237303
lcl|NW_015388963.1_cds_XP_015681551.1_18464	3342	3369.88	38	1.0502
lcl|NW_015388963.1_cds_XP_015681552.1_18465	2491	2480.18	59.7885	2.2451
lcl|NW_015388966.1_cds_XP_015681556.1_18466	2295	2247.77	249	10.3169
lcl|NW_015388968.1_cds_XP_015681558.1_18467	969	930.949	0	0
lcl|NW_015388968.1_cds_XP_015681559.1_18468	753	697.248	6.71225	0.896565
lcl|NW_015388970.1_cds_XP_029141959.1_18469	5931	6047.95	12.2808	0.189112
lcl|NW_015388972.1_cds_XP_015681563.1_18470	778	680.512	1.30023	0.177946
lcl|NW_015388972.1_cds_XP_029141961.1_18471	957	918.949	0	0
lcl|NW_015388972.1_cds_XP_015681564.2_18472	1050	958.954	15.8108	1.53552
lcl|NW_015388972.1_cds_XP_015681565.1_18473	939	900.949	0	0
lcl|NW_015388972.1_cds_XP_029141960.1_18474	1047	989.146	10.6998	1.00743
lcl|NW_015388972.1_cds_XP_015681569.1_18475	966	927.949	0	0
lcl|NW_015388976.1_cds_XP_015681570.1_18476	1209	1170.95	0	0
lcl|NW_015388977.1_cds_XP_015681573.1_18477	2034	1988.2	267.294	12.5208
lcl|NW_015388977.1_cds_XP_015681572.1_18478	1779	1751.02	0	0
lcl|NW_015388977.1_cds_XP_015681571.1_18479	1698	1673.92	335.706	18.6778
lcl|NW_015388977.1_cds_XP_015681574.1_18480	348	299.86	224	69.5714
lcl|NW_015388978.1_cds_XP_015681576.1_18481	1071	1009.87	66.3154	6.11576
lcl|NW_015388978.1_cds_XP_015681578.1_18482	2160	2121.95	0	0
lcl|NW_015388978.1_cds_XP_015681575.1_18483	1086	1081.26	227.025	19.5545
lcl|NW_015388978.1_cds_XP_015681582.1_18484	633	548.797	0	0
lcl|NW_015388978.1_cds_XP_015681581.1_18485	633	548.797	0	0
lcl|NW_015388978.1_cds_XP_015681583.1_18486	603	534.193	4	0.69737
lcl|NW_015388978.1_cds_XP_015681580.1_18487	1807	1711.02	2	0.108862
lcl|NW_015388980.1_cds_XP_015681585.1_18488	1905	1846.06	2	0.100899
lcl|NW_015388981.1_cds_XP_015681586.1_18489	2211	1858.14	3	0.150364
lcl|NW_015388981.1_cds_XP_015681587.1_18490	798	759.949	0	0
lcl|NW_015388981.1_cds_XP_029141963.1_18491	306	233.671	11	4.38418
lcl|NW_015388981.1_cds_XP_029141962.1_18492	1830	1791.95	0	0
lcl|NW_015388983.1_cds_XP_015681590.1_18493	3558	3535.09	8	0.210761
lcl|NW_015388983.1_cds_XP_015681588.1_18494	1236	1169.41	13	1.03533
lcl|NW_015388983.1_cds_XP_015681589.1_18495	2010	1816.18	32	1.64094
lcl|NW_015388983.1_cds_XP_015681594.1_18496	1053	1031.02	2	0.18066
lcl|NW_015388983.1_cds_XP_029141964.1_18497	1305	1266.95	0	0
lcl|NW_015388983.1_cds_XP_029141965.1_18498	537	498.949	0	0
lcl|NW_015388983.1_cds_XP_015681595.1_18499	1320	1208	2	0.154193
lcl|NW_015388983.1_cds_XP_015681592.1_18500	993	954.949	0	0
lcl|NW_015388983.1_cds_XP_015681593.1_18501	1218	1195.76	31.0101	2.41524
lcl|NW_015388984.1_cds_XP_015681597.1_18502	639	600.005	127	19.7129
lcl|NW_015388984.1_cds_XP_015681600.1_18503	1872	1699.28	23.431	1.28419
lcl|NW_015388984.1_cds_XP_015681596.1_18504	969	865.337	169	18.1887
lcl|NW_015388984.1_cds_XP_015681599.1_18505	531	492.949	0	0
lcl|NW_015388985.1_cds_XP_015681601.2_18506	1374	1335.95	0	0
lcl|NW_015388986.1_cds_XP_015681602.1_18507	1461	1363.22	12	0.819817
lcl|NW_015388987.1_cds_XP_015681604.1_18508	2286	2217.33	15	0.630031
lcl|NW_015388987.1_cds_XP_015681603.1_18509	648	619.079	74	11.1324
lcl|NW_015388991.1_cds_XP_029141969.1_18510	531	467.953	30.2197	6.01435
lcl|NW_015388991.1_cds_XP_029141970.1_18511	2877	2984.88	52.1295	1.62651
lcl|NW_015388991.1_cds_XP_029141967.1_18512	2460	2528.78	35.19	1.29602
lcl|NW_015388991.1_cds_XP_029141968.1_18513	1368	1393.41	37.0703	2.47769
lcl|NW_015388991.1_cds_XP_029141971.1_18514	1032	1046.39	16.0431	1.4279
lcl|NW_015388992.1_cds_XP_029141974.1_18515	4023	3660.17	19	0.483452
lcl|NW_015388992.1_cds_XP_015681610.1_18516	1962	1738.08	3960	212.191
lcl|NW_015388992.1_cds_XP_015681609.1_18517	1083	1014.1	92	8.44907
lcl|NW_015388992.1_cds_XP_015681608.1_18518	918	850.233	69	7.55809
lcl|NW_015388992.1_cds_XP_015681620.1_18519	489	391.261	0	0
lcl|NW_015388992.1_cds_XP_015681621.1_18520	480	380.558	40	9.78906
lcl|NW_015388992.1_cds_XP_015681613.1_18521	1863	1714.51	32	1.73825
lcl|NW_015388992.1_cds_XP_015681614.1_18522	1650	1547.14	4	0.240786
lcl|NW_015388992.1_cds_XP_015681622.1_18523	372	301.814	1542	475.823
lcl|NW_015388992.1_cds_XP_029141973.1_18524	1398	1269	7	0.513734
lcl|NW_015388992.1_cds_XP_015681617.1_18525	2145	2085.54	1	0.0446564
lcl|NW_015388992.1_cds_XP_015681611.1_18526	904	801.004	4	0.465079
lcl|NW_015388992.1_cds_XP_015681618.1_18527	1173	1134.95	0	0
lcl|NW_015388992.1_cds_XP_015681619.1_18528	1602	1563.95	0	0
lcl|NW_015388993.1_cds_XP_015681624.1_18529	1332	1294.8	7.45499	0.536224
lcl|NW_015388994.1_cds_XP_015681625.1_18530	1170	1131.95	0	0
lcl|NW_015388994.1_cds_XP_015681626.1_18531	1041	1002.95	0	0
lcl|NW_015388994.1_cds_XP_029141975.1_18532	594	555.949	0	0
lcl|NW_015388994.1_cds_XP_029141976.1_18533	826	787.949	0	0
lcl|NW_015388995.1_cds_XP_015681629.1_18534	2076	2037.95	0	0
lcl|NW_015388996.1_cds_XP_015681630.1_18535	798	738.057	18	2.27135
lcl|NW_015388999.1_cds_XP_015681633.1_18536	387	337.387	6.91382	1.90849
lcl|NW_015388999.1_cds_XP_015681631.1_18537	1404	1382.7	323.776	21.8082
lcl|NW_015388999.1_cds_XP_015681632.1_18538	1302	1293.01	140.586	10.126
lcl|NW_015388999.1_cds_XP_029141978.1_18539	1425	1382.38	4.99952	0.336824
lcl|NW_015388999.1_cds_XP_029141977.1_18540	1452	1410.84	5.29481e-08	3.49522e-09
lcl|NW_015388999.1_cds_XP_015681635.1_18541	1440	1396.62	0.000475915	3.17361e-05
lcl|NW_015388999.1_cds_XP_015681634.2_18542	1044	1008.62	1	0.0923366
lcl|NW_015389000.1_cds_XP_015681636.1_18543	1239	1206.85	604	46.6105
lcl|NW_015389001.1_cds_XP_029141979.1_18544	1143	1104.95	0	0
lcl|NW_015389001.1_cds_XP_029141980.1_18545	3567	3243.59	29	0.832671
lcl|NW_015389001.1_cds_XP_029141981.1_18546	1698	1501.95	1	0.0620079
lcl|NW_015389002.1_cds_XP_015681640.1_18547	834	783.844	66	7.8418
lcl|NW_015389002.1_cds_XP_029141982.1_18548	2004	1949.07	97.1351	4.64141
lcl|NW_015389002.1_cds_XP_029141984.1_18549	636	601.032	2	0.309908
lcl|NW_015389002.1_cds_XP_015681643.1_18550	939	897.225	11	1.14181
lcl|NW_015389002.1_cds_XP_015681644.1_18551	1026	1001.71	4	0.371896
lcl|NW_015389002.1_cds_XP_029141983.1_18552	657	606.97	105	16.111
lcl|NW_015389002.1_cds_XP_015681645.2_18553	1077	1032.83	5	0.450859
lcl|NW_015389005.1_cds_XP_029141986.1_18554	446	407.949	0	0
lcl|NW_015389005.1_cds_XP_015681647.1_18555	2706	2689.65	555.496	19.2348
lcl|NW_015389005.1_cds_XP_015681648.1_18556	1212	1179.21	231	18.2441
lcl|NW_015389005.1_cds_XP_015681650.1_18557	1724	1646	8	0.452649
lcl|NW_015389008.1_cds_XP_029141987.1_18558	5106	5172.01	2	0.036014
lcl|NW_015389010.1_cds_XP_015681656.1_18559	234	195.949	0	0
lcl|NW_015389010.1_cds_XP_015681652.1_18560	1191	1201.61	307.5	23.8332
lcl|NW_015389010.1_cds_XP_015681653.1_18561	1191	1201.61	307.5	23.8332
lcl|NW_015389010.1_cds_XP_015681654.1_18562	678	656.375	446	63.2826
lcl|NW_015389011.1_cds_XP_015681660.1_18563	753	763.088	1	0.122047
lcl|NW_015389011.1_cds_XP_015681661.1_18564	918	898.576	2	0.207289
lcl|NW_015389011.1_cds_XP_015681657.1_18565	1248	1236.2	2	0.150675
lcl|NW_015389011.1_cds_XP_015681658.1_18566	825	792.672	6	0.704951
lcl|NW_015389011.1_cds_XP_015681659.1_18567	1026	979.352	184	17.4977
lcl|NW_015389012.1_cds_XP_015681662.1_18568	600	561.949	0	0
lcl|NW_015389012.1_cds_XP_015681663.1_18569	2943	2904.95	0	0
lcl|NW_015389015.1_cds_XP_029141988.1_18570	846	758.215	2	0.245662
lcl|NW_015389017.1_cds_XP_015681672.1_18571	948	909.949	0	0
lcl|NW_015389017.1_cds_XP_015681666.1_18572	933	936.393	133.75	13.3026
lcl|NW_015389017.1_cds_XP_015681665.1_18573	1011	1010.81	23.25	2.14217
lcl|NW_015389017.1_cds_XP_015681668.1_18574	1098	1030.35	340	30.7322
lcl|NW_015389017.1_cds_XP_015681669.1_18575	1254	1238.66	787.794	59.2327
lcl|NW_015389017.1_cds_XP_015681670.1_18576	1191	1190.49	18	1.40815
lcl|NW_015389017.1_cds_XP_015681671.1_18577	729	706.225	68.3988	9.02001
lcl|NW_015389018.1_cds_XP_015681673.1_18578	1350	1311.95	0	0
lcl|NW_015389018.1_cds_XP_015681685.1_18579	1623	1584.95	0	0
lcl|NW_015389018.1_cds_XP_015681692.1_18580	660	548.548	1.90288	0.323071
lcl|NW_015389018.1_cds_XP_029141989.1_18581	1863	1824.95	0	0
lcl|NW_015389018.1_cds_XP_029141990.1_18582	1137	975.351	1	0.0954861
lcl|NW_015389018.1_cds_XP_029141991.1_18583	3252	3213.95	0	0
lcl|NW_015389018.1_cds_XP_029141992.1_18584	2001	1962.95	0	0
lcl|NW_015389018.1_cds_XP_015681679.1_18585	480	441.949	0	0
lcl|NW_015389018.1_cds_XP_015681688.1_18586	207	168.949	0	0
lcl|NW_015389018.1_cds_XP_015681680.1_18587	852	813.949	0	0
lcl|NW_015389018.1_cds_XP_015681691.1_18588	597	558.949	0	0
lcl|NW_015389018.1_cds_XP_015681681.1_18589	795	756.949	0	0
lcl|NW_015389018.1_cds_XP_015681682.1_18590	828	690.061	3	0.404888
lcl|NW_015389018.1_cds_XP_015681683.1_18591	1575	1394.88	20	1.33535
lcl|NW_015389019.1_cds_XP_015681694.1_18592	1323	1284.95	0	0
lcl|NW_015389019.1_cds_XP_029141993.1_18593	6813	6802.44	51	0.698244
lcl|NW_015389020.1_cds_XP_015681695.1_18594	612	573.949	0	0
lcl|NW_015389023.1_cds_XP_015681697.1_18595	1578	1539.95	0	0
lcl|NW_015389023.1_cds_XP_015681696.1_18596	5052	4851.32	3171	60.8748
lcl|NW_015389024.1_cds_XP_015681702.1_18597	1281	1242.95	0	0
lcl|NW_015389024.1_cds_XP_015681698.1_18598	1335	1233.86	3	0.226442
lcl|NW_015389024.1_cds_XP_015681699.1_18599	1221	1035.76	10	0.899168
lcl|NW_015389024.1_cds_XP_015681701.1_18600	600	536.999	1	0.173432
lcl|NW_015389025.1_cds_XP_015681703.1_18601	1110	1102.26	20	1.68984
lcl|NW_015389025.1_cds_XP_015681704.1_18602	483	445.866	3268	682.62
lcl|NW_015389025.1_cds_XP_015681705.1_18603	714	675.949	0	0
lcl|NW_015389026.1_cds_XP_015681706.1_18604	1107	1068.95	0	0
lcl|NW_015389026.1_cds_XP_015681707.1_18605	1584	1551.33	71	4.26242
lcl|NW_015389027.1_cds_XP_029141995.1_18606	1170	1131.95	0	0
lcl|NW_015389029.1_cds_XP_015681712.2_18607	1236	1197.95	0	0
lcl|NW_015389029.1_cds_XP_015681713.2_18608	927	888.949	0	0
lcl|NW_015389029.1_cds_XP_015681714.1_18609	939	900.949	0	0
lcl|NW_015389029.1_cds_XP_015681715.2_18610	927	888.949	0	0
lcl|NW_015389029.1_cds_XP_015681716.2_18611	927	957.001	0.00236544	0.000230198
lcl|NW_015389029.1_cds_XP_015681717.2_18612	927	888.949	0	0
lcl|NW_015389029.1_cds_XP_015681718.1_18613	828	789.949	0	0
lcl|NW_015389029.1_cds_XP_015681719.2_18614	927	888.949	0	0
lcl|NW_015389029.1_cds_XP_015681720.1_18615	927	888.949	0	0
lcl|NW_015389029.1_cds_XP_015681721.1_18616	930	891.949	0	0
lcl|NW_015389029.1_cds_XP_015681722.1_18617	924	885.949	0	0
lcl|NW_015389031.1_cds_XP_015681723.1_18618	438	389.767	17	4.06205
lcl|NW_015389035.1_cds_XP_015681731.2_18619	1638	1599.95	0	0
lcl|NW_015389035.1_cds_XP_029141998.1_18620	954	915.949	0	0
lcl|NW_015389035.1_cds_XP_015681724.1_18621	1797	1670.25	15	0.836395
lcl|NW_015389035.1_cds_XP_029141999.1_18622	1119	1081.62	2	0.172209
lcl|NW_015389035.1_cds_XP_029142000.1_18623	576	522.199	5	0.891734
lcl|NW_015389035.1_cds_XP_015681727.1_18624	663	587.542	23	3.64578
lcl|NW_015389035.1_cds_XP_015681725.1_18625	936	840.43	508	56.2942
lcl|NW_015389038.1_cds_XP_015681733.2_18626	1857	1819.77	1.26785	0.0648862
lcl|NW_015389039.1_cds_XP_015681735.1_18627	1161	1060.93	567	49.7735
lcl|NW_015389039.1_cds_XP_015681736.1_18628	1029	990.949	0	0
lcl|NW_015389039.1_cds_XP_015681734.1_18629	737	691.296	28	3.7722
lcl|NW_015389040.1_cds_XP_029142001.1_18630	447	401.452	5	1.15995
lcl|NW_015389040.1_cds_XP_015681740.1_18631	1989	1821.82	1	0.0511205
lcl|NW_015389040.1_cds_XP_029142002.1_18632	1536	1353.51	1241.49	85.4243
lcl|NW_015389040.1_cds_XP_015681742.1_18633	693	575.369	45	7.28396
lcl|NW_015389040.1_cds_XP_015681737.1_18634	1986	1816.41	2	0.102545
lcl|NW_015389040.1_cds_XP_015681744.1_18635	813	760.115	22	2.69553
lcl|NW_015389040.1_cds_XP_015681745.1_18636	669	584.855	19	3.02557
lcl|NW_015389040.1_cds_XP_015681743.2_18637	1287	1248.95	0	0
lcl|NW_015389040.1_cds_XP_015681751.1_18638	2034	1839.35	5	0.253167
lcl|NW_015389040.1_cds_XP_015681749.1_18639	2079	1884.69	0	0
lcl|NW_015389040.1_cds_XP_015681747.1_18640	2238	2026.59	0	0
lcl|NW_015389040.1_cds_XP_015681750.1_18641	2067	1870.63	1.20914e-06	6.01989e-08
lcl|NW_015389040.1_cds_XP_015681746.1_18642	2271	2059.21	0	0
lcl|NW_015389042.1_cds_XP_015681759.1_18643	828	771.442	9.08795	1.09714
lcl|NW_015389042.1_cds_XP_015681753.1_18644	837	750.85	712.334	88.3552
lcl|NW_015389042.1_cds_XP_015681752.1_18645	840	758.59	100.666	12.3588
lcl|NW_015389042.1_cds_XP_015681754.1_18646	2103	2055.74	69	3.12595
lcl|NW_015389042.1_cds_XP_015681755.1_18647	720	667.731	1977	275.744
lcl|NW_015389042.1_cds_XP_015681762.1_18648	615	559.258	14	2.3314
lcl|NW_015389042.1_cds_XP_015681763.1_18649	615	559.258	14	2.3314
lcl|NW_015389042.1_cds_XP_015681756.1_18650	663	640.818	35	5.08668
lcl|NW_015389042.1_cds_XP_015681757.1_18651	1635	1673.42	75.9182	4.22516
lcl|NW_015389042.1_cds_XP_015681758.1_18652	1323	1392.27	297.082	19.8726
lcl|NW_015389043.1_cds_XP_029142003.1_18653	2634	2785.24	37.8763	1.2665
lcl|NW_015389043.1_cds_XP_029142004.1_18654	438	389.905	4.89288	1.16871
lcl|NW_015389044.1_cds_XP_015681765.1_18655	1641	1569.34	43	2.55184
lcl|NW_015389046.1_cds_XP_029142005.1_18656	576	537.949	0	0
lcl|NW_015389048.1_cds_XP_029142006.1_18657	3033	2994.95	0	0
lcl|NW_015389048.1_cds_XP_015681768.1_18658	660	652.021	3582	511.641
lcl|NW_015389049.1_cds_XP_015681772.1_18659	672	602.649	1	0.154539
lcl|NW_015389051.1_cds_XP_015681773.1_18660	2667	2673.42	189.99	6.61858
lcl|NW_015389051.1_cds_XP_015681774.1_18661	2763	2731.17	66	2.25059
lcl|NW_015389051.1_cds_XP_015681775.1_18662	2631	2570.79	95	3.44159
lcl|NW_015389053.1_cds_XP_015681776.1_18663	921	882.949	0	0
lcl|NW_015389055.1_cds_XP_015681777.1_18664	1557	1422.64	22	1.44022
lcl|NW_015389055.1_cds_XP_029142008.1_18665	1368	1276.33	184.481	13.4613
lcl|NW_015389055.1_cds_XP_029142007.1_18666	1371	1282.35	191.761	13.9269
lcl|NW_015389055.1_cds_XP_015681779.1_18667	1383	1289.67	376.144	27.1629
lcl|NW_015389055.1_cds_XP_015681778.1_18668	1386	1295.69	389.615	28.005
lcl|NW_015389055.1_cds_XP_015681780.1_18669	840	790.136	26.8505	3.16484
lcl|NW_015389057.1_cds_XP_015681782.1_18670	948	909.949	0	0
lcl|NW_015389058.1_cds_XP_029142009.1_18671	975	936.949	0	0
lcl|NW_015389058.1_cds_XP_015681784.1_18672	747	708.949	0	0
lcl|NW_015389059.1_cds_XP_015681789.1_18673	1296	1373.02	203.93	13.8326
lcl|NW_015389059.1_cds_XP_015681785.1_18674	1254	1226.94	3	0.227718
lcl|NW_015389059.1_cds_XP_015681786.1_18675	426	381.521	5	1.22054
lcl|NW_015389059.1_cds_XP_015681787.1_18676	981	942.949	0	0
lcl|NW_015389060.1_cds_XP_015681790.1_18677	834	795.949	0	0
lcl|NW_015389060.1_cds_XP_015681793.2_18678	4434	4395.95	0	0
lcl|NW_015389060.1_cds_XP_029142011.1_18679	3753	3574.55	3	0.0781631
lcl|NW_015389060.1_cds_XP_015681792.1_18680	2226	2068.99	12	0.540161
lcl|NW_015389063.1_cds_XP_015681794.1_18681	633	578.048	13	2.0945
lcl|NW_015389063.1_cds_XP_029142012.1_18682	1551	1480.5	1	0.0629061
lcl|NW_015389064.1_cds_XP_015681804.1_18683	870	795.075	5	0.585684
lcl|NW_015389064.1_cds_XP_015681797.1_18684	1605	1519.62	232.268	14.235
lcl|NW_015389064.1_cds_XP_015681796.1_18685	1611	1525.75	974.732	59.498
lcl|NW_015389064.1_cds_XP_015681799.1_18686	1074	972.537	586	56.1168
lcl|NW_015389064.1_cds_XP_015681800.1_18687	846	821.98	53.6667	6.08057
lcl|NW_015389064.1_cds_XP_015681801.1_18688	846	821.98	53.6667	6.08057
lcl|NW_015389064.1_cds_XP_015681802.1_18689	846	821.98	53.6667	6.08057
lcl|NW_015389064.1_cds_XP_029142013.1_18690	1185	1135.52	25	2.05044
lcl|NW_015389064.1_cds_XP_015681803.1_18691	2976	2961.68	106	3.33326
lcl|NW_015389067.1_cds_XP_029142014.1_18692	1068	1029.95	0	0
lcl|NW_015389067.1_cds_XP_015681807.2_18693	600	561.949	0	0
lcl|NW_015389067.1_cds_XP_015681808.1_18694	1128	993.817	63	5.90385
lcl|NW_015389067.1_cds_XP_015681809.1_18695	2727	2347.73	1	0.0396692
lcl|NW_015389068.1_cds_XP_015681811.1_18696	1866	1827.95	0	0
lcl|NW_015389068.1_cds_XP_015681813.1_18697	2439	2342.17	9	0.35787
lcl|NW_015389068.1_cds_XP_015681812.1_18698	693	598.453	2	0.311244
lcl|NW_015389069.1_cds_XP_029142016.1_18699	330	269.593	14.3976	4.97375
lcl|NW_015389069.1_cds_XP_015681818.2_18700	1605	1595.89	112.153	6.54499
lcl|NW_015389069.1_cds_XP_029142017.1_18701	1179	1137.07	1	0.081906
lcl|NW_015389069.1_cds_XP_015681815.1_18702	2688	2687.62	119	4.12364
lcl|NW_015389069.1_cds_XP_015681814.1_18703	1127	1107.72	194	16.3108
lcl|NW_015389069.1_cds_XP_015681816.1_18704	1143	1075.92	39	3.37588
lcl|NW_015389069.1_cds_XP_029142015.1_18705	1788	1749.95	0	0
lcl|NW_015389070.1_cds_XP_015681819.1_18706	618	550.955	7	1.18327
lcl|NW_015389071.1_cds_XP_015681821.1_18707	1548	1500.52	9438.61	585.824
lcl|NW_015389071.1_cds_XP_029142019.1_18708	1608	1606.55	1824.33	105.757
lcl|NW_015389071.1_cds_XP_029142020.1_18709	375	320.341	15734.6	4574.52
lcl|NW_015389071.1_cds_XP_029142018.1_18710	1566	1542.53	15538.5	938.159
lcl|NW_015389071.1_cds_XP_015681823.1_18711	846	852.755	1118.35	122.139
lcl|NW_015389073.1_cds_XP_015681824.1_18712	1605	1432.43	1	0.0650174
lcl|NW_015389074.1_cds_XP_029142022.1_18713	3401	3278.94	3	0.0852096
lcl|NW_015389076.1_cds_XP_015681826.1_18714	5322	5166.12	1	0.0180275
lcl|NW_015389076.1_cds_XP_015681825.1_18715	1134	1079.05	1640	141.548
lcl|NW_015389076.1_cds_XP_015681827.1_18716	1323	1265.09	25.9963	1.91378
lcl|NW_015389077.1_cds_XP_015681830.1_18717	393	354.949	0	0
lcl|NW_015389077.1_cds_XP_015681829.1_18718	636	617.415	16	2.41348
lcl|NW_015389079.1_cds_XP_015681831.2_18719	1014	975.949	0	0
lcl|NW_015389080.1_cds_XP_015681832.1_18720	1143	1104.95	0	0
lcl|NW_015389082.1_cds_XP_015681833.1_18721	498	483.163	26	5.01165
lcl|NW_015389083.1_cds_XP_029142023.1_18722	2700	2519.48	1	0.036965
lcl|NW_015389083.1_cds_XP_015681835.1_18723	768	729.949	0	0
lcl|NW_015389083.1_cds_XP_015681841.1_18724	2187	1984.75	24	1.12618
lcl|NW_015389083.1_cds_XP_015681842.1_18725	459	380.481	1	0.244776
lcl|NW_015389083.1_cds_XP_015681843.1_18726	456	417.949	0	0
lcl|NW_015389083.1_cds_XP_015681836.1_18727	624	510.664	13	2.37088
lcl|NW_015389083.1_cds_XP_029142024.1_18728	5793	5098.96	1	0.018265
lcl|NW_015389083.1_cds_XP_029142025.1_18729	537	480.125	1	0.193975
lcl|NW_015389083.1_cds_XP_029142026.1_18730	3573	3325.52	7.11171	0.199166
lcl|NW_015389083.1_cds_XP_015681845.2_18731	957	858.627	240	26.032
lcl|NW_015389083.1_cds_XP_015681840.1_18732	4008	3969.95	0	0
lcl|NW_015389083.1_cds_XP_015681846.1_18733	987	957.021	14.8811	1.44815
lcl|NW_015389086.1_cds_XP_029142028.1_18734	1501	1462.95	0	0
lcl|NW_015389086.1_cds_XP_015681848.2_18735	1143	1102.06	4	0.338031
lcl|NW_015389086.1_cds_XP_015681849.1_18736	1620	1581.95	0	0
lcl|NW_015389086.1_cds_XP_029142027.1_18737	549	479.428	0.72488	0.140814
lcl|NW_015389088.1_cds_XP_029142030.1_18738	4638	4599.95	0	0
lcl|NW_015389088.1_cds_XP_029142029.1_18739	2997	2787.88	3	0.100219
lcl|NW_015389090.1_cds_XP_015681854.1_18740	2472	2453.11	40.1991	1.52616
lcl|NW_015389090.1_cds_XP_015681853.1_18741	975	947.087	7.48006	0.735557
lcl|NW_015389091.1_cds_XP_015681855.1_18742	741	704.627	4	0.528691
lcl|NW_015389091.1_cds_XP_015681856.1_18743	621	582.949	0	0
lcl|NW_015389092.1_cds_XP_015681858.1_18744	1974	1901.84	5.75554	0.281847
lcl|NW_015389092.1_cds_XP_015681857.1_18745	1341	1282.93	394.614	28.6465
lcl|NW_015389094.1_cds_XP_029142031.1_18746	8484	7440.61	6	0.0751008
lcl|NW_015389094.1_cds_XP_029142033.1_18747	3276	3045.94	1	0.030576
lcl|NW_015389094.1_cds_XP_015681867.1_18748	1047	934.917	87	8.66657
lcl|NW_015389094.1_cds_XP_015681860.1_18749	1434	1223.77	1.68927	0.128559
lcl|NW_015389094.1_cds_XP_015681863.1_18750	2538	2499.95	0	0
lcl|NW_015389094.1_cds_XP_015681868.1_18751	2304	2109.74	18	0.794595
lcl|NW_015389094.1_cds_XP_015681869.1_18752	1041	954.752	0	0
lcl|NW_015389094.1_cds_XP_029142034.1_18753	1233	1194.95	0	0
lcl|NW_015389094.1_cds_XP_015681865.1_18754	510	471.949	0	0
lcl|NW_015389094.1_cds_XP_015681866.1_18755	346	288.68	1	0.322616
lcl|NW_015389099.1_cds_XP_029142035.1_18756	2430	2506.96	359	13.3367
lcl|NW_015389099.1_cds_XP_015681872.1_18757	684	617.605	20	3.01593
lcl|NW_015389100.1_cds_XP_029142036.1_18758	2019	1716.1	2	0.10854
lcl|NW_015389101.1_cds_XP_015681873.1_18759	228	174.375	1	0.534094
lcl|NW_015389101.1_cds_XP_015681875.1_18760	669	612.376	4.06097	0.617609
lcl|NW_015389102.1_cds_XP_015681876.1_18761	630	597.952	1	0.155753
lcl|NW_015389102.1_cds_XP_015681877.1_18762	4935	4869.14	19	0.363415
lcl|NW_015389103.1_cds_XP_029142038.1_18763	3075	2944.27	0	0
lcl|NW_015389103.1_cds_XP_029142037.1_18764	3621	3477.56	0	0
lcl|NW_015389103.1_cds_XP_029142039.1_18765	2910	2778.23	0.38554	0.0129242
lcl|NW_015389103.1_cds_XP_029142040.1_18766	2907	2776.89	0.61446	0.0206081
lcl|NW_015389103.1_cds_XP_015681878.1_18767	2601	2497.7	2	0.0745747
lcl|NW_015389104.1_cds_XP_015681880.1_18768	954	897.198	0	0
lcl|NW_015389104.1_cds_XP_015681881.1_18769	909	852.569	253	27.6371
lcl|NW_015389106.1_cds_XP_015681883.1_18770	627	588.949	0	0
lcl|NW_015389106.1_cds_XP_015681882.1_18771	2562	2507.17	36	1.33727
lcl|NW_015389107.1_cds_XP_015681884.1_18772	1212	1096.83	323	27.4262
lcl|NW_015389107.1_cds_XP_015681886.1_18773	2988	2883.34	213.452	6.89455
lcl|NW_015389108.1_cds_XP_015681887.1_18774	612	577.873	21.8173	3.51617
lcl|NW_015389108.1_cds_XP_029142041.1_18775	2640	2575.35	8	0.289304
lcl|NW_015389109.1_cds_XP_029142042.1_18776	822	783.949	0	0
lcl|NW_015389109.1_cds_XP_015681890.1_18777	1008	942.436	158	15.6137
lcl|NW_015389114.1_cds_XP_015681891.1_18778	797	758.223	89.6891	11.0165
lcl|NW_015389115.1_cds_XP_015681892.1_18779	633	613.899	186	28.2174
lcl|NW_015389116.1_cds_XP_029142043.1_18780	643	604.949	0	0
lcl|NW_015389117.1_cds_XP_029142044.1_18781	3228	3166.47	8	0.235297
lcl|NW_015389119.1_cds_XP_029142045.1_18782	381	333.694	179	49.9581
lcl|NW_015389120.1_cds_XP_015681898.1_18783	942	893.707	3	0.312628
lcl|NW_015389120.1_cds_XP_015681897.1_18784	3810	3652.44	98.8502	2.52055
lcl|NW_015389123.1_cds_XP_015681899.1_18785	957	897.203	191	19.8264
lcl|NW_015389124.1_cds_XP_015681900.1_18786	940	898.243	1	0.103683
lcl|NW_015389125.1_cds_XP_029142046.1_18787	465	411.128	0.315181	0.0713978
lcl|NW_015389125.1_cds_XP_015681901.1_18788	996	952.718	0	0
lcl|NW_015389125.1_cds_XP_015681903.1_18789	516	416.684	441	98.5674
lcl|NW_015389125.1_cds_XP_015681904.1_18790	561	479.396	1	0.194271
lcl|NW_015389127.1_cds_XP_015681905.1_18791	4136	4236.02	14	0.307802
lcl|NW_015389128.1_cds_XP_015681906.1_18792	1251	1126.42	23	1.90164
lcl|NW_015389128.1_cds_XP_015681908.1_18793	2460	2238.8	3418	142.186
lcl|NW_015389128.1_cds_XP_015681909.1_18794	1221	1138.44	6	0.490843
lcl|NW_015389130.1_cds_XP_015681912.1_18795	648	604.318	7.1294	1.09872
lcl|NW_015389130.1_cds_XP_015681910.1_18796	1095	990.344	13	1.22253
lcl|NW_015389130.1_cds_XP_015681913.1_18797	1140	1041.81	60	5.36369
lcl|NW_015389130.1_cds_XP_015681911.1_18798	2163	2077.49	5	0.224147
lcl|NW_015389130.1_cds_XP_015681914.1_18799	405	366.949	0	0
lcl|NW_015389133.1_cds_XP_015681915.1_18800	1206	1202.71	259	20.0559
lcl|NW_015389133.1_cds_XP_029142047.1_18801	4566	4527.95	0	0
lcl|NW_015389133.1_cds_XP_015681916.1_18802	1449	1481.9	1403.21	88.1873
lcl|NW_015389133.1_cds_XP_015681919.1_18803	810	757.146	8.92633	1.09798
lcl|NW_015389134.1_cds_XP_015681920.1_18804	3841	3639.47	2	0.0511791
lcl|NW_015389135.1_cds_XP_015681921.1_18805	963	940.715	1	0.0990019
lcl|NW_015389137.1_cds_XP_029142049.1_18806	1731	1692.95	0	0
lcl|NW_015389138.1_cds_XP_029142050.1_18807	570	531.949	0	0
lcl|NW_015389138.1_cds_XP_029142051.1_18808	561	522.949	0	0
lcl|NW_015389141.1_cds_XP_029142052.1_18809	4746	4809.86	2.62598e-07	5.08464e-09
lcl|NW_015389141.1_cds_XP_015681924.1_18810	4656	4718.47	9	0.177641
lcl|NW_015389143.1_cds_XP_015681925.1_18811	552	489.551	37	7.0389
lcl|NW_015389143.1_cds_XP_015681926.1_18812	1011	958.645	83	8.06346
lcl|NW_015389143.1_cds_XP_029142053.1_18813	1047	1018.12	1	0.0914753
lcl|NW_015389145.1_cds_XP_029142055.1_18814	1395	1298.25	19	1.363
lcl|NW_015389145.1_cds_XP_015681939.1_18815	1806	1767.95	0	0
lcl|NW_015389145.1_cds_XP_015681940.1_18816	666	627.949	0	0
lcl|NW_015389145.1_cds_XP_015681932.1_18817	381	282.777	0	0
lcl|NW_015389145.1_cds_XP_015681930.1_18818	741	584.674	2.02445	0.322475
lcl|NW_015389145.1_cds_XP_015681933.1_18819	381	283.34	1.29384	0.42528
lcl|NW_015389145.1_cds_XP_015681935.1_18820	579	540.949	0	0
lcl|NW_015389145.1_cds_XP_029142054.1_18821	435	373.785	12	2.98992
lcl|NW_015389145.1_cds_XP_015681936.1_18822	3738	3699.95	0	0
lcl|NW_015389145.1_cds_XP_015681928.1_18823	771	680.025	17	2.32823
lcl|NW_015389145.1_cds_XP_015681937.1_18824	345	306.949	0	0
lcl|NW_015389145.1_cds_XP_015681934.1_18825	312	273.949	0	0
lcl|NW_015389145.1_cds_XP_015681931.1_18826	405	366.949	0	0
lcl|NW_015389145.1_cds_XP_015681942.1_18827	636	597.949	0	0
lcl|NW_015389145.1_cds_XP_015681943.1_18828	3510	3153.76	32	0.944981
lcl|NW_015389145.1_cds_XP_015681944.1_18829	417	351.478	1	0.264974
lcl|NW_015389145.1_cds_XP_015681945.1_18830	900	813.923	1	0.114424
lcl|NW_015389146.1_cds_XP_015681949.1_18831	1293	1254.95	0	0
lcl|NW_015389146.1_cds_XP_029142056.1_18832	1968	1929.95	0	0
lcl|NW_015389146.1_cds_XP_015681955.1_18833	498	410.354	148	33.5896
lcl|NW_015389146.1_cds_XP_029142057.1_18834	2100	1869.1	7	0.348792
lcl|NW_015389146.1_cds_XP_015681957.1_18835	1329	1236.45	12	0.903869
lcl|NW_015389146.1_cds_XP_015681950.1_18836	996	897.855	108.918	11.2979
lcl|NW_015389146.1_cds_XP_029142058.1_18837	1296	1257.95	0	0
lcl|NW_015389146.1_cds_XP_029142059.1_18838	963	917.09	4	0.406209
lcl|NW_015389146.1_cds_XP_029142060.1_18839	1392	1277.11	7	0.510471
lcl|NW_015389146.1_cds_XP_015681948.1_18840	891	764.152	4460	543.572
lcl|NW_015389146.1_cds_XP_015681946.1_18841	2181	1948.08	105.863	5.06102
lcl|NW_015389146.1_cds_XP_015681953.1_18842	1338	1299.95	0	0
lcl|NW_015389146.1_cds_XP_015681960.1_18843	657	608.372	5.27294	0.807206
lcl|NW_015389146.1_cds_XP_015681961.1_18844	738	638.747	6	0.874831
lcl|NW_015389146.1_cds_XP_029142061.1_18845	1491	1294.38	1	0.0719513
lcl|NW_015389146.1_cds_XP_029142062.1_18846	1557	1412.38	11.9738	0.789552
lcl|NW_015389146.1_cds_XP_015681964.1_18847	1392	1238.3	20.0262	1.50617
lcl|NW_015389146.1_cds_XP_015681954.1_18848	429	352.332	1	0.264331
lcl|NW_015389146.1_cds_XP_015681965.1_18849	2721	2504.48	2	0.0743727
lcl|NW_015389147.1_cds_XP_015681966.1_18850	4118	4076.04	23	0.525521
lcl|NW_015389149.1_cds_XP_029142063.1_18851	2832	2779.17	4	0.134044
lcl|NW_015389150.1_cds_XP_015681968.1_18852	537	498.949	0	0
lcl|NW_015389151.1_cds_XP_029142065.1_18853	3252	3213.95	0	0
lcl|NW_015389151.1_cds_XP_029142064.1_18854	2070	2031.95	0	0
lcl|NW_015389151.1_cds_XP_015681977.1_18855	2013	1974.95	0	0
lcl|NW_015389151.1_cds_XP_015681973.1_18856	1737	1658.03	3	0.168512
lcl|NW_015389151.1_cds_XP_029142066.1_18857	2043	2004.95	0	0
lcl|NW_015389151.1_cds_XP_015681975.1_18858	1587	1548.95	0	0
lcl|NW_015389151.1_cds_XP_015681976.1_18859	972	933.949	0	0
lcl|NW_015389153.1_cds_XP_015681978.1_18860	1410	1232.88	1	0.0755403
lcl|NW_015389154.1_cds_XP_029142068.1_18861	4479	4725.67	44.2869	0.872797
lcl|NW_015389154.1_cds_XP_015681981.2_18862	3051	3182.66	42.6729	1.24871
lcl|NW_015389154.1_cds_XP_029142067.1_18863	2859	2891.94	19.9213	0.641549
lcl|NW_015389155.1_cds_XP_015681982.1_18864	1110	1071.95	0	0
lcl|NW_015389155.1_cds_XP_015681983.1_18865	1467	1428.95	0	0
lcl|NW_015389155.1_cds_XP_015681984.1_18866	1248	1138.89	140	11.4484
lcl|NW_015389155.1_cds_XP_015681985.1_18867	387	310.869	17	5.09299
lcl|NW_015389155.1_cds_XP_015681986.1_18868	333	275.558	112	37.8535
lcl|NW_015389155.1_cds_XP_015681987.1_18869	1257	1187.8	333.745	26.168
lcl|NW_015389156.1_cds_XP_015681988.1_18870	2019	2048.1	436	19.826
lcl|NW_015389156.1_cds_XP_015681990.1_18871	639	627.907	31	4.59799
lcl|NW_015389157.1_cds_XP_029142070.1_18872	936	870.698	66.5946	7.12316
lcl|NW_015389157.1_cds_XP_029142071.1_18873	936	870.698	66.5946	7.12316
lcl|NW_015389157.1_cds_XP_029142069.1_18874	1746	1707.95	0	0
lcl|NW_015389158.1_cds_XP_029142076.1_18875	465	426.949	0	0
lcl|NW_015389158.1_cds_XP_029142073.1_18876	936	897.949	0	0
lcl|NW_015389158.1_cds_XP_015681997.1_18877	189	150.949	0	0
lcl|NW_015389158.1_cds_XP_015681994.1_18878	471	432.949	0	0
lcl|NW_015389158.1_cds_XP_015681993.1_18879	483	420.629	1882	416.698
lcl|NW_015389158.1_cds_XP_015681998.2_18880	948	898.342	1.99438	0.20676
lcl|NW_015389158.1_cds_XP_029142074.1_18881	936	897.949	0	0
lcl|NW_015389158.1_cds_XP_015682001.1_18882	942	903.949	0	0
lcl|NW_015389158.1_cds_XP_015682002.1_18883	936	897.949	0	0
lcl|NW_015389158.1_cds_XP_015682003.1_18884	957	918.949	0	0
lcl|NW_015389158.1_cds_XP_015682004.1_18885	753	714.949	0	0
lcl|NW_015389158.1_cds_XP_015682005.1_18886	693	654.949	0	0
lcl|NW_015389158.1_cds_XP_015682006.2_18887	939	900.949	0	0
lcl|NW_015389158.1_cds_XP_015682007.1_18888	960	921.949	0	0
lcl|NW_015389158.1_cds_XP_015682008.1_18889	960	921.949	0	0
lcl|NW_015389158.1_cds_XP_015682009.1_18890	960	921.949	0	0
lcl|NW_015389158.1_cds_XP_015682010.1_18891	960	921.949	0	0
lcl|NW_015389158.1_cds_XP_015682012.1_18892	927	888.949	0	0
lcl|NW_015389158.1_cds_XP_015682013.2_18893	960	952.748	3	0.293254
lcl|NW_015389158.1_cds_XP_015681995.1_18894	2025	1949.31	18	0.859989
lcl|NW_015389158.1_cds_XP_029142075.1_18895	8835	8268.28	60	0.67583
lcl|NW_015389158.1_cds_XP_015682015.1_18896	894	855.949	0	0
lcl|NW_015389158.1_cds_XP_015682016.1_18897	1515	1378.17	7	0.473039
lcl|NW_015389159.1_cds_XP_015682017.1_18898	1320	1301.48	1	0.0715587
lcl|NW_015389160.1_cds_XP_015682018.1_18899	1287	1119.27	1	0.0832081
lcl|NW_015389162.1_cds_XP_015682020.1_18900	630	596.443	0	0
lcl|NW_015389162.1_cds_XP_015682021.1_18901	627	589.537	0	0
lcl|NW_015389162.1_cds_XP_015682019.1_18902	744	729.102	40	5.10944
lcl|NW_015389166.1_cds_XP_015682025.1_18903	930	891.949	0	0
lcl|NW_015389166.1_cds_XP_015682024.1_18904	1290	1251.95	0	0
lcl|NW_015389167.1_cds_XP_015682026.1_18905	750	674.604	6.88206	0.950105
lcl|NW_015389167.1_cds_XP_015682027.1_18906	297	258.949	0	0
lcl|NW_015389167.1_cds_XP_015682028.1_18907	390	351.949	0	0
lcl|NW_015389168.1_cds_XP_029142077.1_18908	1690	1668.17	32.724	1.82696
lcl|NW_015389169.1_cds_XP_015682031.2_18909	609	570.949	0	0
lcl|NW_015389169.1_cds_XP_029142078.1_18910	1089	1057.02	1	0.0881087
lcl|NW_015389174.1_cds_XP_029142079.1_18911	10869	10916.4	59.6508	0.508904
lcl|NW_015389174.1_cds_XP_015682032.1_18912	1764	1790.67	74	3.84872
lcl|NW_015389174.1_cds_XP_015682034.1_18913	1032	963.177	257	24.8501
lcl|NW_015389175.1_cds_XP_015682036.1_18914	1302	1224.35	64	4.86827
lcl|NW_015389176.1_cds_XP_015682040.1_18915	1023	995.472	1844.29	172.545
lcl|NW_015389176.1_cds_XP_015682038.1_18916	663	596.202	91	14.2151
lcl|NW_015389176.1_cds_XP_015682039.1_18917	1272	1179.56	5	0.394777
lcl|NW_015389176.1_cds_XP_015682037.1_18918	2790	2619.33	27	0.960008
lcl|NW_015389177.1_cds_XP_015682043.1_18919	540	532.928	704.5	123.116
lcl|NW_015389177.1_cds_XP_015682045.1_18920	540	532.928	704.5	123.116
lcl|NW_015389177.1_cds_XP_029142082.1_18921	1350	1362.6	246.182	16.8264
lcl|NW_015389177.1_cds_XP_029142080.1_18922	963	923.365	101.728	10.2605
lcl|NW_015389177.1_cds_XP_015682041.1_18923	2761	2686.67	84	2.91183
lcl|NW_015389177.1_cds_XP_015682047.1_18924	885	811.678	251	28.7999
lcl|NW_015389177.1_cds_XP_015682048.1_18925	813	732.693	1357	172.488
lcl|NW_015389177.1_cds_XP_029142081.1_18926	549	494.476	3	0.565038
lcl|NW_015389178.1_cds_XP_015682050.1_18927	2232	2179.53	17	0.72642
lcl|NW_015389178.1_cds_XP_015682049.1_18928	495	470.727	9	1.78063
lcl|NW_015389179.1_cds_XP_015682052.1_18929	1620	1527.26	136.55	8.32681
lcl|NW_015389179.1_cds_XP_015682051.1_18930	597	558.949	0	0
lcl|NW_015389182.1_cds_XP_015682054.1_18931	1080	1041.95	0	0
lcl|NW_015389182.1_cds_XP_015682056.1_18932	519	462.193	72.6466	14.6384
lcl|NW_015389182.1_cds_XP_015682055.1_18933	531	477.281	20.3534	3.97158
lcl|NW_015389183.1_cds_XP_029142084.1_18934	1167	1057.24	11	0.968991
lcl|NW_015389186.1_cds_XP_015682058.1_18935	3616	3577.95	0	0
lcl|NW_015389186.1_cds_XP_029142085.1_18936	1164	1091.23	180	15.3623
lcl|NW_015389187.1_cds_XP_015682060.1_18937	1257	1218.95	0	0
lcl|NW_015389189.1_cds_XP_029142086.1_18938	1107	1068.95	0	0
lcl|NW_015389189.1_cds_XP_015682061.1_18939	1683	1662.02	71.9042	4.0292
lcl|NW_015389189.1_cds_XP_015682062.1_18940	771	726.281	31.9937	4.10262
lcl|NW_015389190.1_cds_XP_015682066.1_18941	1533	1510.34	25	1.54158
lcl|NW_015389190.1_cds_XP_015682067.1_18942	495	469.236	30	5.9543
lcl|NW_015389190.1_cds_XP_029142087.1_18943	1002	929.986	951	95.2369
lcl|NW_015389190.1_cds_XP_029142088.1_18944	1986	1864.76	3	0.14983
lcl|NW_015389190.1_cds_XP_015682065.1_18945	1341	1265.49	1	0.0735938
lcl|NW_015389193.1_cds_XP_015682069.1_18946	561	504.03	72	13.3039
lcl|NW_015389193.1_cds_XP_015682070.1_18947	1122	1077.86	121	10.455
lcl|NW_015389193.1_cds_XP_015682073.1_18948	1626	1520.6	0.000447568	2.74122e-05
lcl|NW_015389193.1_cds_XP_015682072.1_18949	1671	1574.69	549	32.4698
lcl|NW_015389195.1_cds_XP_015682074.1_18950	2040	2023.24	0.317043	0.0145939
lcl|NW_015389195.1_cds_XP_015682076.1_18951	2040	2021.58	0.682957	0.0314633
lcl|NW_015389195.1_cds_XP_015682077.2_18952	2268	2230.28	0	0
lcl|NW_015389195.1_cds_XP_015682078.1_18953	2439	2400.95	0	0
lcl|NW_015389195.1_cds_XP_029142089.1_18954	2577	2538.95	0	0
lcl|NW_015389195.1_cds_XP_029142090.1_18955	2481	2442.95	0	0
lcl|NW_015389196.1_cds_XP_015682084.1_18956	1416	1330.42	4.17745	0.292431
lcl|NW_015389196.1_cds_XP_029142091.1_18957	1434	1348.13	2.71523e-05	1.87576e-06
lcl|NW_015389196.1_cds_XP_015682082.1_18958	1083	1011.94	1.82253	0.167733
lcl|NW_015389196.1_cds_XP_015682081.1_18959	1251	1176.2	0	0
lcl|NW_015389196.1_cds_XP_015682080.1_18960	1269	1193.85	0	0
lcl|NW_015389197.1_cds_XP_029142092.1_18961	540	501.949	0	0
lcl|NW_015389197.1_cds_XP_015682085.1_18962	669	630.949	0	0
lcl|NW_015389198.1_cds_XP_015682087.2_18963	1260	1222.82	1.03222	0.0786159
lcl|NW_015389198.1_cds_XP_015682091.1_18964	921	890.754	49.4605	5.17133
lcl|NW_015389198.1_cds_XP_015682092.1_18965	1005	979.029	10.0178	0.952972
lcl|NW_015389198.1_cds_XP_015682088.2_18966	1014	988.135	3.00424	0.283152
lcl|NW_015389198.1_cds_XP_029142096.1_18967	1026	965.375	63.6222	6.13782
lcl|NW_015389198.1_cds_XP_029142095.1_18968	348	299.305	0	0
lcl|NW_015389198.1_cds_XP_029142094.1_18969	1135	1096.95	0	0
lcl|NW_015389199.1_cds_XP_015682094.1_18970	861	822.949	0	0
lcl|NW_015389200.1_cds_XP_015682095.1_18971	1503	1364.16	63	4.30107
lcl|NW_015389200.1_cds_XP_015682096.1_18972	858	776.011	60	7.20086
lcl|NW_015389200.1_cds_XP_015682097.1_18973	1020	981.949	0	0
lcl|NW_015389200.1_cds_XP_029142097.1_18974	7635	7153.23	18.287	0.23809
lcl|NW_015389200.1_cds_XP_015682101.1_18975	717	655.789	1.66814	0.236902
lcl|NW_015389200.1_cds_XP_029142098.1_18976	633	505.96	12	2.20885
lcl|NW_015389200.1_cds_XP_015682102.1_18977	273	206.368	21	9.47714
lcl|NW_015389200.1_cds_XP_029142099.1_18978	1419	1380.95	0	0
lcl|NW_015389201.1_cds_XP_015682103.1_18979	591	518.139	5	0.898721
lcl|NW_015389201.1_cds_XP_015682105.1_18980	342	282.557	134.431	44.3092
lcl|NW_015389201.1_cds_XP_029142100.1_18981	438	408.003	5	1.14132
lcl|NW_015389201.1_cds_XP_015682107.1_18982	342	277.497	532.569	178.739
lcl|NW_015389201.1_cds_XP_015682111.1_18983	1578	1505.6	122.006	7.54693
lcl|NW_015389201.1_cds_XP_015682112.1_18984	1578	1506.39	185.994	11.4991
lcl|NW_015389201.1_cds_XP_015682109.1_18985	702	663.949	0	0
lcl|NW_015389201.1_cds_XP_015682108.1_18986	702	663.949	0	0
lcl|NW_015389201.1_cds_XP_015682104.1_18987	1815	1776.95	0	0
lcl|NW_015389202.1_cds_XP_015682113.1_18988	1284	1262.18	138.3	10.2047
lcl|NW_015389202.1_cds_XP_015682114.1_18989	1284	1262.18	138.3	10.2047
lcl|NW_015389203.1_cds_XP_015682117.1_18990	1095	1085.47	770	66.0655
lcl|NW_015389203.1_cds_XP_015682115.1_18991	3580	3618.04	1	0.0257411
lcl|NW_015389203.1_cds_XP_015682116.1_18992	540	513.294	73.5815	13.3507
lcl|NW_015389204.1_cds_XP_015682118.1_18993	474	449.84	3	0.621104
lcl|NW_015389205.1_cds_XP_015682121.2_18994	1515	1563.02	120	7.15021
lcl|NW_015389205.1_cds_XP_015682122.1_18995	1596	1609.35	193	11.1689
lcl|NW_015389205.1_cds_XP_015682120.1_18996	417	378.949	0	0
lcl|NW_015389207.1_cds_XP_015682124.1_18997	456	427.902	29	6.31182
lcl|NW_015389207.1_cds_XP_015682125.1_18998	339	302.626	653	200.959
lcl|NW_015389207.1_cds_XP_015682126.1_18999	1803	1748.31	53	2.82332
lcl|NW_015389207.1_cds_XP_015682123.2_19000	408	351.002	48	12.736
lcl|NW_015389211.1_cds_XP_015682127.1_19001	1419	1354.23	2.64332	0.181785
lcl|NW_015389211.1_cds_XP_015682128.1_19002	2085	1976.03	12	0.565574
lcl|NW_015389213.1_cds_XP_015682130.1_19003	147	94.8879	12.13	11.9056
lcl|NW_015389214.1_cds_XP_015682131.1_19004	2040	2042.52	438.452	19.992
lcl|NW_015389216.1_cds_XP_015682133.1_19005	2241	2202.95	0	0
lcl|NW_015389216.1_cds_XP_029142101.1_19006	516	477.949	0	0
lcl|NW_015389217.1_cds_XP_015682134.1_19007	1260	1184.46	11.4349	0.899116
lcl|NW_015389217.1_cds_XP_015682135.1_19008	699	682.212	42	5.73365
lcl|NW_015389218.1_cds_XP_015682136.1_19009	1393	1339.54	125.765	8.74396
lcl|NW_015389218.1_cds_XP_015682137.1_19010	861	849.909	735	80.5409
lcl|NW_015389218.1_cds_XP_015682138.1_19011	2961	2919.15	65	2.07376
lcl|NW_015389218.1_cds_XP_015682140.1_19012	582	571.04	278	45.3398
lcl|NW_015389218.1_cds_XP_015682141.1_19013	582	571.04	278	45.3398
lcl|NW_015389219.1_cds_XP_015682143.1_19014	1113	1074.95	0	0
lcl|NW_015389219.1_cds_XP_015682142.1_19015	1155	1116.95	0	0
lcl|NW_015389219.1_cds_XP_015682144.1_19016	1134	1095.95	0	0
lcl|NW_015389221.1_cds_XP_015682145.1_19017	453	414.949	0	0
lcl|NW_015389221.1_cds_XP_015682146.1_19018	1326	1287.95	0	0
lcl|NW_015389221.1_cds_XP_029142103.1_19019	1767	1728.95	0	0
lcl|NW_015389221.1_cds_XP_015682155.1_19020	1176	1114.7	281	23.4773
lcl|NW_015389221.1_cds_XP_015682147.1_19021	1086	938.385	22	2.18345
lcl|NW_015389221.1_cds_XP_015682154.2_19022	1173	1134.95	0	0
lcl|NW_015389221.1_cds_XP_029142104.1_19023	1542	1405.79	3	0.198747
lcl|NW_015389221.1_cds_XP_015682151.1_19024	1998	1818.61	1	0.0512107
lcl|NW_015389221.1_cds_XP_029142102.1_19025	855	762.862	83	10.1329
lcl|NW_015389221.1_cds_XP_029142105.1_19026	1551	1363.26	3	0.204948
lcl|NW_015389221.1_cds_XP_029142106.1_19027	531	492.949	0	0
lcl|NW_015389221.1_cds_XP_015682153.2_19028	1017	873.015	2	0.213358
lcl|NW_015389223.1_cds_XP_015682156.1_19029	270	231.949	0	0
lcl|NW_015389223.1_cds_XP_015682157.1_19030	1161	1109.57	7	0.58755
lcl|NW_015389226.1_cds_XP_015682159.2_19031	480	458.688	1	0.203041
lcl|NW_015389226.1_cds_XP_015682161.1_19032	1011	995.712	1	0.0935336
lcl|NW_015389226.1_cds_XP_015682162.1_19033	692	664.066	514	72.0864
lcl|NW_015389226.1_cds_XP_029142107.1_19034	3363	3399.63	132	3.61613
lcl|NW_015389226.1_cds_XP_015682160.1_19035	5514	5662.9	486	7.9928
lcl|NW_015389228.1_cds_XP_015682164.1_19036	3654	3595.75	19	0.492114
lcl|NW_015389229.1_cds_XP_029142108.1_19037	2190	2212.52	15.7371	0.662427
lcl|NW_015389229.1_cds_XP_029142112.1_19038	2946	2991.57	49.1008	1.52859
lcl|NW_015389229.1_cds_XP_029142115.1_19039	2019	2045.45	9.12264	0.415368
lcl|NW_015389229.1_cds_XP_029142114.1_19040	2022	2043.31	20.3374	0.926962
lcl|NW_015389229.1_cds_XP_029142113.1_19041	1791	1822.59	18.6655	0.953787
lcl|NW_015389229.1_cds_XP_029142116.1_19042	7758	7886.06	141.418	1.67012
lcl|NW_015389229.1_cds_XP_029142117.1_19043	1125	1123.25	36.8033	3.0515
lcl|NW_015389229.1_cds_XP_029142109.1_19044	3015	3018.94	99.4697	3.06858
lcl|NW_015389229.1_cds_XP_029142110.1_19045	1698	1656.39	33.3305	1.87404
lcl|NW_015389230.1_cds_XP_015682171.1_19046	915	852.301	13.5	1.47517
lcl|NW_015389230.1_cds_XP_015682172.1_19047	915	852.301	13.5	1.47517
lcl|NW_015389230.1_cds_XP_015682175.2_19048	2064	2025.95	0	0
lcl|NW_015389232.1_cds_XP_015682176.2_19049	1152	1113.95	0	0
lcl|NW_015389232.1_cds_XP_029142118.1_19050	1281	1242.95	0	0
lcl|NW_015389232.1_cds_XP_015682177.1_19051	702	614.622	2	0.303056
lcl|NW_015389232.1_cds_XP_015682178.1_19052	543	504.949	0	0
lcl|NW_015389232.1_cds_XP_029142119.1_19053	492	453.949	0	0
lcl|NW_015389232.1_cds_XP_015682179.1_19054	924	885.949	0	0
lcl|NW_015389232.1_cds_XP_015682180.1_19055	924	893.304	2.00562	0.209099
lcl|NW_015389233.1_cds_XP_015682181.1_19056	252	192.416	253	122.456
lcl|NW_015389235.1_cds_XP_029142120.1_19057	1590	1612.24	64.3808	3.71901
lcl|NW_015389237.1_cds_XP_015682183.1_19058	216	181.734	7	3.58726
lcl|NW_015389237.1_cds_XP_015682184.1_19059	216	181.734	7	3.58726
lcl|NW_015389237.1_cds_XP_015682186.1_19060	216	181.734	7	3.58726
lcl|NW_015389237.1_cds_XP_015682187.1_19061	1989	1955.95	23	1.09514
lcl|NW_015389237.1_cds_XP_029142122.1_19062	3243	3151.83	11	0.325036
lcl|NW_015389238.1_cds_XP_015682189.2_19063	985	946.949	0	0
lcl|NW_015389238.1_cds_XP_015682190.1_19064	885	846.949	0	0
lcl|NW_015389239.1_cds_XP_015682191.1_19065	1833	1714.84	212	11.5137
lcl|NW_015389240.1_cds_XP_029142123.1_19066	2505	2312.89	19	0.765068
lcl|NW_015389242.1_cds_XP_015682194.1_19067	750	743.23	3	0.375924
lcl|NW_015389242.1_cds_XP_015682195.1_19068	717	690.075	139.028	18.7633
lcl|NW_015389242.1_cds_XP_015682196.1_19069	693	665.26	10.1944	1.42715
lcl|NW_015389242.1_cds_XP_015682197.1_19070	693	665.26	10.1944	1.42715
lcl|NW_015389242.1_cds_XP_015682198.1_19071	693	665.26	10.1944	1.42715
lcl|NW_015389242.1_cds_XP_015682199.1_19072	693	665.26	10.1944	1.42715
lcl|NW_015389242.1_cds_XP_015682200.1_19073	693	665.26	10.1944	1.42715
lcl|NW_015389243.1_cds_XP_029142125.1_19074	7269	7676.9	247.436	3.00177
lcl|NW_015389245.1_cds_XP_015682204.1_19075	2949	2885.53	470	15.1696
lcl|NW_015389245.1_cds_XP_015682203.2_19076	1182	1142.46	13	1.05975
lcl|NW_015389246.1_cds_XP_029142126.1_19077	594	540.32	18	3.10258
lcl|NW_015389246.1_cds_XP_029142127.1_19078	447	408.949	0	0
lcl|NW_015389246.1_cds_XP_015682207.1_19079	1617	1455.53	16	1.02376
lcl|NW_015389250.1_cds_XP_029142128.1_19080	897	858.949	0	0
lcl|NW_015389250.1_cds_XP_029142129.1_19081	2031	1992.95	0	0
lcl|NW_015389252.1_cds_XP_015682209.1_19082	348	306.12	5	1.52117
lcl|NW_015389252.1_cds_XP_015682210.1_19083	2295	2256.95	0	0
lcl|NW_015389252.1_cds_XP_015682212.1_19084	1020	954.808	82	7.99833
lcl|NW_015389252.1_cds_XP_015682211.1_19085	2490	2534.15	6	0.220506
lcl|NW_015389252.1_cds_XP_015682213.1_19086	1677	1611.78	310	17.9126
lcl|NW_015389252.1_cds_XP_015682214.1_19087	2013	1984.33	86	4.03632
lcl|NW_015389253.1_cds_XP_015682215.1_19088	435	377.49	12	2.96058
lcl|NW_015389254.1_cds_XP_015682217.1_19089	708	669.949	0	0
lcl|NW_015389254.1_cds_XP_015682220.1_19090	300	244.66	3	1.14198
lcl|NW_015389254.1_cds_XP_015682221.1_19091	297	258.949	0	0
lcl|NW_015389254.1_cds_XP_015682223.1_19092	1266	1227.95	0	0
lcl|NW_015389254.1_cds_XP_015682218.1_19093	573	495.539	5	0.939708
lcl|NW_015389254.1_cds_XP_029142131.1_19094	912	732.605	1	0.127125
lcl|NW_015389254.1_cds_XP_029142130.1_19095	1578	1539.95	0	0
lcl|NW_015389254.1_cds_XP_015682219.1_19096	1470	1431.95	0	0
lcl|NW_015389258.1_cds_XP_015682224.1_19097	381	368.744	3	0.7577
lcl|NW_015389260.1_cds_XP_029142132.1_19098	2088	1898.48	6	0.294339
lcl|NW_015389261.1_cds_XP_029142133.1_19099	1872	1833.95	0	0
lcl|NW_015389261.1_cds_XP_015682228.1_19100	792	753.949	0	0
lcl|NW_015389263.1_cds_XP_015682230.1_19101	1302	1229.23	74.7916	5.66657
lcl|NW_015389263.1_cds_XP_015682229.1_19102	5736	5578.01	1	0.0166964
lcl|NW_015389265.1_cds_XP_015682232.1_19103	1410	1373.08	789	53.516
lcl|NW_015389265.1_cds_XP_029142134.1_19104	1515	1423.45	14	0.915981
lcl|NW_015389266.1_cds_XP_029142135.1_19105	1431	1392.95	0	0
lcl|NW_015389266.1_cds_XP_015682233.1_19106	1641	1602.95	0	0
lcl|NW_015389266.1_cds_XP_015682234.1_19107	1182	1112.65	31	2.59481
lcl|NW_015389266.1_cds_XP_015682235.1_19108	1095	1056.95	0	0
lcl|NW_015389267.1_cds_XP_015682237.1_19109	333	317.819	0	0
lcl|NW_015389267.1_cds_XP_015682236.1_19110	792	753.949	0	0
lcl|NW_015389268.1_cds_XP_015682238.1_19111	1065	1006.45	2	0.185071
lcl|NW_015389269.1_cds_XP_029142137.1_19112	3036	3031.9	65	1.99664
lcl|NW_015389269.1_cds_XP_029142138.1_19113	468	429.949	0	0
lcl|NW_015389270.1_cds_XP_015682241.1_19114	3657	3659.87	92	2.34112
lcl|NW_015389271.1_cds_XP_015682242.1_19115	1224	1201.17	3	0.232604
lcl|NW_015389273.1_cds_XP_029142139.1_19116	3267	2959.77	12	0.377594
lcl|NW_015389275.1_cds_XP_015682244.1_19117	363	292.047	4	1.27558
lcl|NW_015389275.1_cds_XP_015682245.1_19118	693	654.949	0	0
lcl|NW_015389277.1_cds_XP_015682250.1_19119	2001	2017.52	63.2868	2.92144
lcl|NW_015389277.1_cds_XP_015682251.1_19120	2679	2564.3	282	10.2419
lcl|NW_015389277.1_cds_XP_015682246.1_19121	558	519.949	0	0
lcl|NW_015389277.1_cds_XP_015682249.1_19122	558	519.949	0	0
lcl|NW_015389278.1_cds_XP_029142140.1_19123	3786	3629.72	49.9358	1.28127
lcl|NW_015389278.1_cds_XP_015682254.1_19124	393	313.775	1763.58	523.452
lcl|NW_015389278.1_cds_XP_015682253.1_19125	396	316.105	80.4241	23.6949
lcl|NW_015389279.1_cds_XP_015682256.1_19126	741	703.445	28.5898	3.78514
lcl|NW_015389279.1_cds_XP_029142141.1_19127	378	304.036	0	0
lcl|NW_015389279.1_cds_XP_015682257.1_19128	366	294.298	2	0.632913
lcl|NW_015389279.1_cds_XP_015682255.1_19129	780	741.949	0	0
lcl|NW_015389279.1_cds_XP_015682258.2_19130	879	840.949	0	0
lcl|NW_015389282.1_cds_XP_015682260.1_19131	444	388.709	1	0.239595
lcl|NW_015389282.1_cds_XP_015682261.1_19132	1851	1849.1	4	0.201465
lcl|NW_015389286.1_cds_XP_015682262.1_19133	1728	1697.96	56	3.07158
lcl|NW_015389286.1_cds_XP_015682263.1_19134	1479	1390.74	6	0.401797
lcl|NW_015389286.1_cds_XP_015682264.1_19135	4815	4650.56	904	18.1036
lcl|NW_015389286.1_cds_XP_015682266.1_19136	2667	2581.95	0.0567488	0.00204696
lcl|NW_015389286.1_cds_XP_015682265.1_19137	2667	2571.13	1.94325	0.0703892
lcl|NW_015389287.1_cds_XP_015682268.1_19138	1957	1918.95	0	0
lcl|NW_015389291.1_cds_XP_015682269.1_19139	252	213.949	0	0
lcl|NW_015389291.1_cds_XP_015682270.2_19140	687	593.46	4	0.627726
lcl|NW_015389291.1_cds_XP_015682274.1_19141	942	867.268	10	1.07386
lcl|NW_015389291.1_cds_XP_015682273.1_19142	981	904.645	0	0
lcl|NW_015389291.1_cds_XP_029142142.1_19143	2355	2203.83	4	0.169038
lcl|NW_015389291.1_cds_XP_015682272.1_19144	1446	1288.25	49.6373	3.58846
lcl|NW_015389292.1_cds_XP_029142143.1_19145	2088	2117.81	6.09227	0.267913
lcl|NW_015389292.1_cds_19146	414	375.949	0	0
lcl|NW_015389292.1_cds_XP_015682276.2_19147	2310	2329.82	2.90773	0.116234
lcl|NW_015389292.1_cds_19148	342	328.384	7.622	2.16166
lcl|NW_015389292.1_cds_19149	414	396.786	34.3501	8.06256
lcl|NW_015389294.1_cds_XP_029142145.1_19150	1671	1527.74	30	1.82883
lcl|NW_015389294.1_cds_XP_029142144.1_19151	2586	2547.95	0	0
lcl|NW_015389295.1_cds_XP_015682283.1_19152	1266	1227.95	0	0
lcl|NW_015389295.1_cds_XP_015682285.1_19153	1584	1438.76	5	0.323655
lcl|NW_015389295.1_cds_XP_015682280.1_19154	1359	1236.52	2	0.150637
lcl|NW_015389295.1_cds_XP_015682281.1_19155	783	744.949	0	0
lcl|NW_015389295.1_cds_XP_015682282.2_19156	843	804.949	0	0
lcl|NW_015389296.1_cds_XP_029142146.1_19157	2520	2651.63	8	0.280982
lcl|NW_015389297.1_cds_XP_015682288.1_19158	1251	1212.95	0	0
lcl|NW_015389297.1_cds_XP_029142147.1_19159	1338	1299.95	0	0
lcl|NW_015389297.1_cds_XP_015682289.1_19160	516	477.949	0	0
lcl|NW_015389298.1_cds_XP_015682290.1_19161	558	519.949	0	0
lcl|NW_015389298.1_cds_XP_015682291.1_19162	2076	2124.76	35	1.53412
lcl|NW_015389299.1_cds_XP_015682292.2_19163	3804	3830.27	444	10.7958
lcl|NW_015389301.1_cds_XP_029142148.1_19164	441	423.984	1	0.219661
lcl|NW_015389301.1_cds_XP_015682295.1_19165	1353	1284.45	0	0
lcl|NW_015389301.1_cds_XP_015682293.1_19166	1461	1382.06	206	13.8817
lcl|NW_015389301.1_cds_XP_029142149.1_19167	2880	2961.99	8	0.25154
lcl|NW_015389303.1_cds_XP_029142151.1_19168	2121	2022.41	0.00340157	0.000156644
lcl|NW_015389303.1_cds_XP_029142152.1_19169	2109	2009.69	0.996598	0.046184
lcl|NW_015389303.1_cds_XP_029142154.1_19170	1986	1947.95	0	0
lcl|NW_015389303.1_cds_XP_029142153.1_19171	1974	1935.95	0	0
lcl|NW_015389303.1_cds_XP_029142150.1_19172	1341	1302.95	0	0
lcl|NW_015389305.1_cds_XP_029142157.1_19173	2031	1992.95	0	0
lcl|NW_015389305.1_cds_XP_029142155.1_19174	2031	1981.21	1	0.0470079
lcl|NW_015389305.1_cds_XP_029142156.1_19175	2031	1992.95	0	0
lcl|NW_015389308.1_cds_XP_015682306.1_19176	2988	2935.45	694.491	22.034
lcl|NW_015389308.1_cds_XP_015682308.1_19177	546	489.87	9	1.71105
lcl|NW_015389308.1_cds_XP_015682307.1_19178	627	591.122	11	1.73307
lcl|NW_015389308.1_cds_XP_015682302.1_19179	396	357.949	0	0
lcl|NW_015389308.1_cds_XP_015682299.1_19180	543	482.896	4.27838	0.825139
lcl|NW_015389308.1_cds_XP_015682303.1_19181	516	467.254	1166	232.406
lcl|NW_015389308.1_cds_XP_015682304.1_19182	1839	1786.4	5	0.260672
lcl|NW_015389308.1_cds_XP_015682310.1_19183	1527	1506	477	29.4981
lcl|NW_015389308.1_cds_XP_015682301.1_19184	1575	1536.95	0	0
lcl|NW_015389310.1_cds_XP_015682311.1_19185	1235	1111.18	1	0.083814
lcl|NW_015389310.1_cds_XP_015682313.1_19186	1107	956.786	177	17.229
lcl|NW_015389310.1_cds_XP_015682314.1_19187	423	362.974	147	37.7176
lcl|NW_015389310.1_cds_XP_015682319.1_19188	801	686.687	2934	397.926
lcl|NW_015389310.1_cds_XP_015682315.1_19189	927	847.194	128	14.0711
lcl|NW_015389310.1_cds_XP_015682320.1_19190	789	654.896	172	24.46
lcl|NW_015389310.1_cds_XP_015682318.1_19191	810	724.091	805	103.539
lcl|NW_015389310.1_cds_XP_015682312.1_19192	1674	1541.29	3	0.181275
lcl|NW_015389310.1_cds_XP_015682321.1_19193	1227	1138.59	513	41.9616
lcl|NW_015389311.1_cds_XP_015682322.2_19194	956	863.965	5.29352	0.570623
lcl|NW_015389311.1_cds_XP_015682323.1_19195	672	592.206	2	0.314527
lcl|NW_015389311.1_cds_XP_015682325.1_19196	963	893.806	153	15.9423
lcl|NW_015389311.1_cds_XP_015682324.1_19197	4668	4629.95	0	0
lcl|NW_015389313.1_cds_XP_015682326.1_19198	1533	1494.95	0	0
lcl|NW_015389316.1_cds_XP_029142158.1_19199	3675	3687.8	16.7336	0.422593
lcl|NW_015389317.1_cds_XP_015682329.1_19200	279	223.318	59	24.6054
lcl|NW_015389320.1_cds_XP_029142159.1_19201	2379	2083.01	3	0.134131
lcl|NW_015389320.1_cds_XP_015682331.1_19202	852	770.587	1	0.120859
lcl|NW_015389320.1_cds_XP_015682332.2_19203	2127	1933.16	4	0.192705
lcl|NW_015389321.1_cds_XP_015682333.1_19204	1668	1499.26	11	0.683307
lcl|NW_015389324.1_cds_XP_015682334.1_19205	2610	2547.65	101.074	3.69488
lcl|NW_015389325.1_cds_XP_015682335.2_19206	3339	3300.95	0	0
lcl|NW_015389325.1_cds_XP_015682337.1_19207	1743	1482.99	1	0.0628006
lcl|NW_015389326.1_cds_XP_015682338.1_19208	1596	1557.95	0	0
lcl|NW_015389326.1_cds_XP_029142160.1_19209	603	523.111	2	0.356072
lcl|NW_015389331.1_cds_XP_015682340.1_19210	5091	5052.08	268	4.94044
lcl|NW_015389331.1_cds_XP_015682342.1_19211	930	869.879	6.16087	0.659606
lcl|NW_015389331.1_cds_XP_015682341.1_19212	963	911.482	37.4726	3.82884
lcl|NW_015389331.1_cds_XP_015682343.1_19213	891	842.303	0	0
lcl|NW_015389332.1_cds_XP_015682344.1_19214	1755	1704.73	1	0.054632
lcl|NW_015389333.1_cds_XP_029142162.1_19215	1752	1713.95	0	0
lcl|NW_015389333.1_cds_XP_029142161.1_19216	1236	1077.08	3	0.259402
lcl|NW_015389333.1_cds_XP_029142163.1_19217	1293	1254.95	0	0
lcl|NW_015389334.1_cds_XP_015682347.1_19218	990	951.949	0	0
lcl|NW_015389335.1_cds_XP_015682348.1_19219	1515	1476.95	0	0
lcl|NW_015389335.1_cds_XP_029142165.1_19220	972	852.313	1	0.10927
lcl|NW_015389335.1_cds_XP_015682350.1_19221	3876	3630.81	4	0.102602
lcl|NW_015389335.1_cds_XP_029142164.1_19222	1203	1164.95	0	0
lcl|NW_015389335.1_cds_XP_015682354.1_19223	1599	1524.23	72	4.3993
lcl|NW_015389335.1_cds_XP_029142166.1_19224	1626	1587.95	0	0
lcl|NW_015389335.1_cds_XP_015682353.1_19225	4119	3875.98	35	0.840984
lcl|NW_015389336.1_cds_XP_015682356.1_19226	1074	1008.43	0	0
lcl|NW_015389336.1_cds_XP_015682358.1_19227	2136	1985.1	10.4143	0.488592
lcl|NW_015389336.1_cds_XP_029142167.1_19228	2050	1953.46	11	0.524432
lcl|NW_015389337.1_cds_XP_015682359.1_19229	945	854.865	11.9593	1.30289
lcl|NW_015389337.1_cds_XP_029142168.1_19230	2793	2754.95	0	0
lcl|NW_015389337.1_cds_XP_015682361.1_19231	327	265.858	0	0
lcl|NW_015389338.1_cds_XP_029142171.1_19232	693	654.949	0	0
lcl|NW_015389338.1_cds_XP_015682364.1_19233	1674	1635.95	0	0
lcl|NW_015389338.1_cds_XP_029142170.1_19234	774	735.949	0	0
lcl|NW_015389339.1_cds_XP_015682368.1_19235	1806	1786.06	143.551	7.48535
lcl|NW_015389339.1_cds_XP_015682365.1_19236	930	842.709	10	1.10516
lcl|NW_015389339.1_cds_XP_015682369.1_19237	2334	2198.72	216	9.14924
lcl|NW_015389339.1_cds_XP_015682367.1_19238	639	570.851	2	0.326294
lcl|NW_015389339.1_cds_XP_015682366.1_19239	5244	4923.84	25	0.472865
lcl|NW_015389341.1_cds_XP_015682371.1_19240	307	268.949	0	0
lcl|NW_015389342.1_cds_XP_015682374.1_19241	4095	3748.09	204	5.06899
lcl|NW_015389342.1_cds_XP_015682372.1_19242	1722	1518.15	27	1.65634
lcl|NW_015389342.1_cds_XP_029142172.1_19243	1107	1068.95	0	0
lcl|NW_015389342.1_cds_XP_015682375.1_19244	1314	1211.84	1249	95.988
lcl|NW_015389343.1_cds_XP_029142173.1_19245	1533	1513.51	0	0
lcl|NW_015389343.1_cds_XP_015682376.1_19246	1494	1470.77	10	0.633222
lcl|NW_015389343.1_cds_XP_015682377.1_19247	469	430.949	0	0
lcl|NW_015389345.1_cds_XP_015682378.1_19248	1763	1594.8	60	3.50386
lcl|NW_015389347.1_cds_XP_015682379.1_19249	5367	5174.37	40	0.719952
lcl|NW_015389347.1_cds_XP_029142174.1_19250	2466	2420.47	1	0.0384771
lcl|NW_015389349.1_cds_XP_015682382.1_19251	3837	3798.95	0	0
lcl|NW_015389350.1_cds_XP_029142175.1_19252	6219	5839.42	1.59036	0.0253646
lcl|NW_015389350.1_cds_XP_015682384.1_19253	870	831.949	0	0
lcl|NW_015389350.1_cds_XP_015682385.1_19254	708	669.949	0	0
lcl|NW_015389352.1_cds_XP_015682386.1_19255	1098	1059.95	0	0
lcl|NW_015389354.1_cds_XP_015682387.1_19256	603	491.413	29	5.49608
lcl|NW_015389354.1_cds_XP_015682389.1_19257	2814	2604.12	11	0.393399
lcl|NW_015389354.1_cds_XP_015682388.1_19258	1005	874.643	4	0.425922
lcl|NW_015389356.1_cds_XP_015682390.1_19259	2157	2106.29	13.7407	0.607565
lcl|NW_015389357.1_cds_XP_015682392.2_19260	1074	1035.95	0	0
lcl|NW_015389359.1_cds_XP_015682394.2_19261	720	694.878	36	4.82498
lcl|NW_015389359.1_cds_XP_015682396.1_19262	2304	2209.56	115	4.84722
lcl|NW_015389359.1_cds_XP_015682395.1_19263	354	298.481	256	79.8776
lcl|NW_015389359.1_cds_XP_015682393.1_19264	2070	2004.26	13	0.604074
lcl|NW_015389360.1_cds_XP_029142177.1_19265	1317	1333.82	4	0.279295
lcl|NW_015389360.1_cds_XP_015682399.1_19266	3243	3303.06	68	1.91732
lcl|NW_015389360.1_cds_XP_029142178.1_19267	3243	3303.06	68	1.91732
lcl|NW_015389360.1_cds_XP_015682401.1_19268	1077	1076.34	1910	165.266
lcl|NW_015389360.1_cds_XP_015682400.1_19269	1536	1504.98	213	13.181
lcl|NW_015389360.1_cds_XP_015682397.1_19270	250	212.778	86	37.6421
lcl|NW_015389361.1_cds_XP_015682403.1_19271	2133	1895.82	9	0.442127
lcl|NW_015389361.1_cds_XP_015682404.1_19272	1593	1420.06	1	0.0655837
lcl|NW_015389362.1_cds_XP_015682405.1_19273	685	646.949	0	0
lcl|NW_015389364.1_cds_XP_029142179.1_19274	2677	2745.89	2.60055	0.088203
lcl|NW_015389364.1_cds_XP_015682406.2_19275	1728	1576.7	6	0.354409
lcl|NW_015389365.1_cds_XP_015682407.1_19276	2616	2575.59	265	9.5823
lcl|NW_015389366.1_cds_XP_015682408.1_19277	2157	1944.24	7	0.335312
lcl|NW_015389367.1_cds_XP_015682410.1_19278	498	459.949	0	0
lcl|NW_015389367.1_cds_XP_015682409.1_19279	498	459.949	0	0
lcl|NW_015389368.1_cds_XP_015682412.1_19280	618	579.949	0	0
lcl|NW_015389369.1_cds_XP_015682414.1_19281	1035	955.371	158	15.4023
lcl|NW_015389369.1_cds_XP_015682413.1_19282	1119	1080.95	0	0
lcl|NW_015389370.1_cds_XP_015682416.1_19283	879	751.371	15	1.85925
lcl|NW_015389370.1_cds_XP_015682419.1_19284	1344	1250.31	3	0.223464
lcl|NW_015389370.1_cds_XP_015682415.2_19285	792	753.949	0	0
lcl|NW_015389370.1_cds_XP_015682417.1_19286	690	651.949	0	0
lcl|NW_015389371.1_cds_XP_015682420.1_19287	1986	1974.58	44.8692	2.11629
lcl|NW_015389371.1_cds_XP_015682421.1_19288	1671	1635.41	29	1.65148
lcl|NW_015389372.1_cds_XP_015682423.1_19289	3027	2995.14	25	0.777363
lcl|NW_015389372.1_cds_XP_015682424.1_19290	2352	2313.95	0	0
lcl|NW_015389374.1_cds_XP_015682425.1_19291	1263	1196.24	65	5.06052
lcl|NW_015389376.1_cds_XP_015682426.1_19292	225	186.949	0	0
lcl|NW_015389376.1_cds_XP_015682428.1_19293	639	621.616	13	1.9477
lcl|NW_015389376.1_cds_XP_015682427.1_19294	273	234.949	0	0
lcl|NW_015389376.1_cds_XP_015682429.1_19295	387	348.949	0	0
lcl|NW_015389376.1_cds_XP_015682430.1_19296	459	396.968	21	4.9268
lcl|NW_015389377.1_cds_XP_015682431.1_19297	2787	2467.65	7	0.26419
lcl|NW_015389377.1_cds_XP_015682432.1_19298	975	857.191	8	0.869188
lcl|NW_015389377.1_cds_XP_015682434.1_19299	951	912.949	0	0
lcl|NW_015389379.1_cds_XP_015682435.1_19300	2349	2310.95	0	0
lcl|NW_015389379.1_cds_XP_029142180.1_19301	372	333.949	0	0
lcl|NW_015389379.1_cds_XP_015682436.1_19302	1560	1446.3	88	5.66665
lcl|NW_015389380.1_cds_XP_015682437.1_19303	1470	1513.52	5	0.307668
lcl|NW_015389382.1_cds_XP_015682438.1_19304	2454	2389.69	2	0.0779452
lcl|NW_015389383.1_cds_XP_015682439.1_19305	720	681.949	0	0
lcl|NW_015389385.1_cds_XP_015682440.1_19306	2799	2680.18	34	1.18145
lcl|NW_015389386.1_cds_XP_015682442.1_19307	1272	1196.11	19	1.4794
lcl|NW_015389386.1_cds_XP_015682441.1_19308	492	443.19	20	4.20282
lcl|NW_015389386.1_cds_XP_015682443.1_19309	2121	2066.65	87	3.92061
lcl|NW_015389388.1_cds_XP_029142181.1_19310	852	813.949	0	0
lcl|NW_015389389.1_cds_XP_015682445.1_19311	2226	2194.33	5794.61	245.938
lcl|NW_015389389.1_cds_XP_015682446.1_19312	299	276.293	52.385	17.6579
lcl|NW_015389390.1_cds_XP_029142184.1_19313	834	795.949	0	0
lcl|NW_015389390.1_cds_XP_029142183.1_19314	1575	1550.98	4	0.24019
lcl|NW_015389390.1_cds_XP_015682449.1_19315	651	603.429	427	65.9027
lcl|NW_015389390.1_cds_XP_015682450.1_19316	1677	1606.02	16396	950.796
lcl|NW_015389390.1_cds_XP_015682448.1_19317	729	652.352	162.984	23.2683
lcl|NW_015389391.1_cds_XP_015682452.1_19318	1467	1428.06	51.5	3.35863
lcl|NW_015389391.1_cds_XP_015682454.1_19319	1467	1428.06	51.5	3.35863
lcl|NW_015389391.1_cds_XP_015682451.2_19320	195	144.886	34	21.8551
lcl|NW_015389392.1_cds_XP_015682458.1_19321	1050	967.853	69	6.63958
lcl|NW_015389392.1_cds_XP_015682459.1_19322	1050	967.853	69	6.63958
lcl|NW_015389392.1_cds_XP_015682455.1_19323	1104	1060.21	9.57553	0.841147
lcl|NW_015389392.1_cds_XP_029142186.1_19324	1146	1094.11	0	0
lcl|NW_015389392.1_cds_XP_015682457.1_19325	606	570.431	3	0.4898
lcl|NW_015389393.1_cds_XP_015682460.1_19326	642	570.328	263.407	43.0134
lcl|NW_015389393.1_cds_XP_029142187.1_19327	1473	1434.95	0	0
lcl|NW_015389393.1_cds_XP_015682462.1_19328	636	597.949	0	0
lcl|NW_015389394.1_cds_XP_015682463.1_19329	918	879.949	0	0
lcl|NW_015389396.1_cds_XP_015682464.1_19330	1470	1407.82	29.2605	1.93569
lcl|NW_015389398.1_cds_XP_015682465.1_19331	1626	1661.34	4	0.224234
lcl|NW_015389399.1_cds_XP_015682467.1_19332	1170	1131.95	0	0
lcl|NW_015389399.1_cds_XP_015682471.1_19333	657	559.679	6	0.998421
lcl|NW_015389399.1_cds_XP_015682470.1_19334	741	640.685	0	0
lcl|NW_015389399.1_cds_XP_029142189.1_19335	531	449.065	1	0.207392
lcl|NW_015389399.1_cds_XP_029142190.1_19336	1686	1419.43	6	0.393676
lcl|NW_015389399.1_cds_XP_029142188.1_19337	1353	1314.95	0	0
lcl|NW_015389401.1_cds_XP_015682472.2_19338	508	461.693	55	11.0946
lcl|NW_015389402.1_cds_XP_015682474.1_19339	1260	1190.48	14	1.09523
lcl|NW_015389402.1_cds_XP_015682473.1_19340	1011	929.824	1	0.100161
lcl|NW_015389404.1_cds_XP_015682475.2_19341	3348	3354.46	1069	29.6795
lcl|NW_015389405.1_cds_XP_015682477.1_19342	1764	1725.95	0	0
lcl|NW_015389406.1_cds_XP_015682479.1_19343	2514	2427.39	17.3567	0.665929
lcl|NW_015389406.1_cds_XP_015682478.1_19344	1146	1107.95	0	0
lcl|NW_015389406.1_cds_XP_029142192.1_19345	1284	1245.95	0	0
lcl|NW_015389406.1_cds_XP_029142191.1_19346	945	906.949	0	0
lcl|NW_015389407.1_cds_XP_015682480.1_19347	624	565.351	1	0.164734
lcl|NW_015389408.1_cds_XP_015682482.1_19348	492	420.171	9	1.99488
lcl|NW_015389408.1_cds_XP_015682483.1_19349	534	481.604	389	75.2248
lcl|NW_015389408.1_cds_XP_015682481.1_19350	1431	1396.15	3	0.20012
lcl|NW_015389410.1_cds_XP_015682487.1_19351	2628	2643.6	146	5.1435
lcl|NW_015389410.1_cds_XP_015682485.1_19352	777	720.723	146.819	18.9721
lcl|NW_015389410.1_cds_XP_015682486.1_19353	630	583.692	29.2933	4.67396
lcl|NW_015389410.1_cds_XP_015682484.1_19354	777	716.368	95.8879	12.4661
lcl|NW_015389412.1_cds_XP_029142193.1_19355	1524	1406.45	1	0.0662183
lcl|NW_015389412.1_cds_XP_029142194.1_19356	1458	1311.86	1	0.0709926
lcl|NW_015389412.1_cds_XP_015682489.1_19357	2424	2107.59	5.13096	0.226733
lcl|NW_015389413.1_cds_XP_015682490.1_19358	2781	2783.27	2	0.066923
lcl|NW_015389414.1_cds_XP_015682491.1_19359	976	933.173	1	0.0998019
lcl|NW_015389414.1_cds_XP_015682492.1_19360	909	885.218	21	2.20938
lcl|NW_015389415.1_cds_XP_015682493.1_19361	1308	1132.48	2.07137	0.170345
lcl|NW_015389417.1_cds_XP_015682495.1_19362	2145	2104.66	69	3.0533
lcl|NW_015389417.1_cds_XP_029142195.1_19363	459	420.949	0	0
lcl|NW_015389418.1_cds_XP_015682496.2_19364	936	897.949	0	0
lcl|NW_015389420.1_cds_XP_015682497.1_19365	969	930.949	0	0
lcl|NW_015389420.1_cds_XP_015682498.1_19366	963	924.949	0	0
lcl|NW_015389420.1_cds_XP_015682499.1_19367	954	915.949	0	0
lcl|NW_015389420.1_cds_XP_015682500.1_19368	948	909.949	0	0
lcl|NW_015389420.1_cds_XP_015682501.1_19369	1344	1285.3	1	0.0724595
lcl|NW_015389420.1_cds_XP_015682502.1_19370	903	864.949	0	0
lcl|NW_015389420.1_cds_XP_015682503.1_19371	960	921.949	0	0
lcl|NW_015389421.1_cds_XP_015682504.1_19372	1263	1209.36	3	0.231028
lcl|NW_015389422.1_cds_XP_015682506.1_19373	1341	1279.34	17	1.23755
lcl|NW_015389422.1_cds_XP_015682505.1_19374	1353	1213.97	14	1.07405
lcl|NW_015389423.1_cds_XP_015682507.1_19375	990	951.949	0	0
lcl|NW_015389423.1_cds_XP_015682508.1_19376	2269	2230.95	0	0
lcl|NW_015389428.1_cds_XP_015682510.1_19377	1122	1044.61	190.947	17.0239
lcl|NW_015389428.1_cds_XP_015682511.2_19378	1230	1113.97	11.0853	0.926772
lcl|NW_015389428.1_cds_XP_015682512.1_19379	888	810.044	19.9645	2.29536
lcl|NW_015389428.1_cds_XP_015682513.2_19380	1071	996.963	5.51708	0.515385
lcl|NW_015389430.1_cds_XP_015682514.1_19381	1359	1320.95	0	0
lcl|NW_015389432.1_cds_XP_029142197.1_19382	2577	2425.84	1.29579	0.049748
lcl|NW_015389432.1_cds_XP_029142196.1_19383	4131	4160.42	1	0.0223854
lcl|NW_015389433.1_cds_XP_029142199.1_19384	3447	3350.19	20	0.555983
lcl|NW_015389433.1_cds_XP_015682519.1_19385	852	813.949	0	0
lcl|NW_015389433.1_cds_XP_029142200.1_19386	1044	996.417	62.5	5.84171
lcl|NW_015389433.1_cds_XP_015682522.1_19387	1044	996.417	62.5	5.84171
lcl|NW_015389433.1_cds_XP_029142201.1_19388	1304	1295.16	133.972	9.63369
lcl|NW_015389433.1_cds_XP_029142198.1_19389	1353	1324.99	178.971	12.5797
lcl|NW_015389434.1_cds_XP_015682526.1_19390	687	668.738	59	8.2167
lcl|NW_015389434.1_cds_XP_029142202.1_19391	1092	981.145	4	0.379689
lcl|NW_015389435.1_cds_XP_015682527.1_19392	1872	1859.17	58	2.90543
lcl|NW_015389435.1_cds_XP_029142204.1_19393	2214	2209.19	6.18878	0.2609
lcl|NW_015389435.1_cds_XP_015682531.1_19394	2214	2209.35	5.81122	0.244965
lcl|NW_015389435.1_cds_XP_015682532.1_19395	1035	994.025	199	18.6448
lcl|NW_015389435.1_cds_XP_029142203.1_19396	267	218.219	1	0.426785
lcl|NW_015389435.1_cds_XP_015682528.1_19397	1953	1938.99	2	0.0960628
lcl|NW_015389436.1_cds_XP_029142205.1_19398	2022	1990.23	1090	51.0064
lcl|NW_015389436.1_cds_XP_029142206.1_19399	411	380.351	72	17.6299
lcl|NW_015389437.1_cds_XP_015682534.1_19400	1839	1763.86	142	7.49767
lcl|NW_015389438.1_cds_XP_029142207.1_19401	4311	4241.87	10	0.219555
lcl|NW_015389438.1_cds_XP_015682535.1_19402	711	698.057	14219	1897.05
lcl|NW_015389438.1_cds_XP_015682536.1_19403	1269	1246.88	182	13.594
lcl|NW_015389442.1_cds_XP_015682538.1_19404	1239	1237.95	320	24.0741
lcl|NW_015389442.1_cds_XP_015682537.1_19405	1572	1476.34	20	1.26167
lcl|NW_015389442.1_cds_XP_015682539.1_19406	1473	1374.35	108	7.31859
lcl|NW_015389444.1_cds_XP_015682544.1_19407	1302	1251.65	53	3.9436
lcl|NW_015389444.1_cds_XP_015682540.1_19408	654	678.371	12	1.64746
lcl|NW_015389444.1_cds_XP_015682542.1_19409	585	594.945	0	0
lcl|NW_015389446.1_cds_XP_015682545.1_19410	4212	4173.95	0	0
lcl|NW_015389446.1_cds_XP_015682547.2_19411	1800	1750.77	1114	59.2595
lcl|NW_015389447.1_cds_XP_015682548.1_19412	570	511.65	41	7.46298
lcl|NW_015389448.1_cds_XP_015682549.2_19413	519	490.239	1	0.189974
lcl|NW_015389449.1_cds_XP_015682552.1_19414	1665	1572.8	32	1.89486
lcl|NW_015389450.1_cds_XP_015682553.1_19415	2679	2429.47	54.0532	2.0721
lcl|NW_015389450.1_cds_XP_015682555.1_19416	1563	1524.95	0	0
lcl|NW_015389450.1_cds_XP_015682554.1_19417	2151	1891.63	22	1.08315
lcl|NW_015389451.1_cds_XP_015682556.1_19418	1143	1137.3	4	0.327556
lcl|NW_015389452.1_cds_XP_015682557.1_19419	654	602.901	1	0.154474
lcl|NW_015389452.1_cds_XP_015682558.1_19420	1074	1070.29	448.112	38.9928
lcl|NW_015389453.1_cds_XP_015682564.2_19421	1914	1875.95	0	0
lcl|NW_015389453.1_cds_XP_015682561.1_19422	981	890.994	2	0.209053
lcl|NW_015389453.1_cds_XP_029142208.1_19423	1113	1074.95	0	0
lcl|NW_015389453.1_cds_XP_015682560.1_19424	1527	1427.89	195	12.7187
lcl|NW_015389453.1_cds_XP_015682563.1_19425	1089	959.622	2	0.194103
lcl|NW_015389457.1_cds_XP_015682565.1_19426	1393	1354.95	0	0
lcl|NW_015389458.1_cds_XP_015682568.1_19427	1509	1334.57	1	0.0697847
lcl|NW_015389458.1_cds_XP_015682567.1_19428	1572	1408.33	0	0
lcl|NW_015389458.1_cds_XP_029142209.1_19429	240	201.949	0	0
lcl|NW_015389458.1_cds_XP_015682566.1_19430	2031	1992.95	0	0
lcl|NW_015389459.1_cds_XP_015682569.1_19431	735	638.56	2	0.291695
lcl|NW_015389459.1_cds_XP_015682570.1_19432	651	612.949	0	0
lcl|NW_015389460.1_cds_XP_015682571.1_19433	414	375.949	0	0
lcl|NW_015389460.1_cds_XP_015682572.1_19434	1113	1002.41	72	6.6894
lcl|NW_015389461.1_cds_XP_015682574.2_19435	4230	4263.01	100	2.18467
lcl|NW_015389462.1_cds_XP_029142210.1_19436	2871	2547.24	3	0.109686
lcl|NW_015389463.1_cds_XP_029142211.1_19437	3159	3011.59	97	2.99969
lcl|NW_015389463.1_cds_XP_015682577.2_19438	1071	971.198	14	1.34252
lcl|NW_015389463.1_cds_XP_029142212.1_19439	882	766.598	9	1.09339
lcl|NW_015389463.1_cds_XP_015682579.2_19440	750	735.979	367	46.441
lcl|NW_015389463.1_cds_XP_015682578.1_19441	2688	2576.03	154	5.56765
lcl|NW_015389463.1_cds_XP_015682576.1_19442	936	842.46	885	97.8352
lcl|NW_015389464.1_cds_XP_015682583.1_19443	1713	1538.36	11.2189	0.679195
lcl|NW_015389464.1_cds_XP_029142213.1_19444	1116	1003.93	99	9.18401
lcl|NW_015389465.1_cds_XP_015682585.1_19445	378	355.414	2	0.524079
lcl|NW_015389465.1_cds_XP_015682586.1_19446	759	737.008	4	0.505463
lcl|NW_015389465.1_cds_XP_015682587.1_19447	180	117.143	6	4.7702
lcl|NW_015389465.1_cds_XP_015682588.1_19448	180	117.143	6	4.7702
lcl|NW_015389465.1_cds_XP_015682589.1_19449	369	309.561	7	2.10598
lcl|NW_015389466.1_cds_XP_015682591.1_19450	2046	2007.95	0	0
lcl|NW_015389467.1_cds_XP_015682592.1_19451	675	648.196	2	0.287359
lcl|NW_015389469.1_cds_XP_015682593.1_19452	568	529.949	0	0
lcl|NW_015389470.1_cds_XP_015682594.1_19453	1191	995.137	2	0.187175
lcl|NW_015389471.1_cds_XP_015682595.1_19454	606	567.949	0	0
lcl|NW_015389472.1_cds_XP_015682596.1_19455	2088	2035.53	352	16.1052
lcl|NW_015389474.1_cds_XP_015682598.2_19456	1344	1305.95	0	0
lcl|NW_015389474.1_cds_XP_015682599.2_19457	3918	3902.59	54	1.28867
lcl|NW_015389474.1_cds_XP_015682597.1_19458	1479	1440.95	0	0
lcl|NW_015389475.1_cds_XP_015682600.1_19459	243	193.832	2	0.96096
lcl|NW_015389476.1_cds_XP_015682602.1_19460	1050	1011.95	0	0
lcl|NW_015389480.1_cds_XP_029142215.1_19461	4779	4740.95	0	0
lcl|NW_015389481.1_cds_XP_015682604.1_19462	1101	1092.43	215.043	18.333
lcl|NW_015389482.1_cds_XP_015682605.2_19463	4164	4139.59	43	0.967415
lcl|NW_015389483.1_cds_XP_015682606.1_19464	693	624.316	3	0.447526
lcl|NW_015389484.1_cds_XP_015682607.1_19465	387	351.794	6	1.58841
lcl|NW_015389484.1_cds_XP_015682608.1_19466	1947	1985.53	20	0.938113
lcl|NW_015389485.1_cds_XP_015682611.1_19467	1527	1474.08	544	34.3701
lcl|NW_015389485.1_cds_XP_015682614.1_19468	288	233.069	0	0
lcl|NW_015389485.1_cds_XP_015682615.1_19469	288	230.411	58	23.4437
lcl|NW_015389485.1_cds_XP_029142216.1_19470	1407	1364.19	1	0.0682696
lcl|NW_015389485.1_cds_XP_015682613.1_19471	393	336.591	100	27.6693
lcl|NW_015389485.1_cds_XP_029142217.1_19472	3249	2991.31	42	1.30764
lcl|NW_015389486.1_cds_XP_015682616.1_19473	1029	1014.47	6.45271	0.592385
lcl|NW_015389490.1_cds_XP_015682617.1_19474	195	156.949	0	0
lcl|NW_015389491.1_cds_XP_015682621.1_19475	1302	1235.1	12	0.904855
lcl|NW_015389491.1_cds_XP_015682618.1_19476	1158	1088.46	65	5.56161
lcl|NW_015389491.1_cds_XP_015682619.2_19477	1284	1197.93	74	5.7531
lcl|NW_015389491.1_cds_XP_029142218.1_19478	1734	1594.3	16	0.934656
lcl|NW_015389492.1_cds_XP_015682622.1_19479	690	651.949	0	0
lcl|NW_015389492.1_cds_XP_029142220.1_19480	1053	998.628	4	0.373042
lcl|NW_015389492.1_cds_XP_015682626.1_19481	1440	1401.95	0	0
lcl|NW_015389492.1_cds_XP_029142219.1_19482	696	586.651	2	0.317506
lcl|NW_015389496.1_cds_XP_015682628.1_19483	681	642.949	0	0
lcl|NW_015389497.1_cds_XP_015682629.1_19484	1311	1272.95	0	0
lcl|NW_015389497.1_cds_XP_015682630.1_19485	966	912.439	2	0.20414
lcl|NW_015389499.1_cds_XP_015682631.1_19486	1878	1822.31	102532	5240.1
lcl|NW_015389500.1_cds_XP_015682632.1_19487	3303	3155.18	86	2.53849
lcl|NW_015389501.1_cds_XP_015682640.1_19488	1491	1351.68	206	14.1937
lcl|NW_015389501.1_cds_XP_015682637.1_19489	1404	1371.69	122	8.28331
lcl|NW_015389501.1_cds_XP_029142221.1_19490	1257	1218.95	0	0
lcl|NW_015389501.1_cds_XP_015682638.1_19491	597	527.178	7	1.23664
lcl|NW_015389501.1_cds_XP_015682639.1_19492	576	533.194	1	0.174669
lcl|NW_015389502.1_cds_XP_015682641.1_19493	2085	1929.63	8	0.386115
lcl|NW_015389502.1_cds_XP_029142222.1_19494	1383	1344.95	0	0
lcl|NW_015389503.1_cds_XP_015682643.1_19495	1431	1331.8	52	3.63636
lcl|NW_015389503.1_cds_XP_015682644.1_19496	1188	1110.63	19.3683	1.62414
lcl|NW_015389504.1_cds_XP_015682645.2_19497	1515	1420.67	76	4.98219
lcl|NW_015389504.1_cds_XP_015682648.1_19498	1668	1587	244.88	14.3708
lcl|NW_015389504.1_cds_XP_015682649.1_19499	417	358.087	1179	306.639
lcl|NW_015389504.1_cds_XP_029142223.1_19500	1281	1269	7	0.513734
lcl|NW_015389505.1_cds_XP_015682651.1_19501	1542	1503.95	0	0
lcl|NW_015389505.1_cds_XP_015682652.1_19502	867	728.727	7	0.894612
lcl|NW_015389505.1_cds_XP_015682650.1_19503	2559	2207.49	13	0.548461
lcl|NW_015389505.1_cds_XP_015682655.1_19504	519	480.949	0	0
lcl|NW_015389505.1_cds_XP_015682656.1_19505	1971	1655.21	1	0.0562663
lcl|NW_015389505.1_cds_XP_015682657.1_19506	1323	1284.95	0	0
lcl|NW_015389505.1_cds_XP_015682659.1_19507	1773	1734.95	0	0
lcl|NW_015389507.1_cds_XP_015682660.1_19508	762	693.366	8	1.07456
lcl|NW_015389509.1_cds_XP_015682661.1_19509	2736	2686.26	41	1.42147
lcl|NW_015389509.1_cds_XP_015682662.1_19510	1335	1292.04	8	0.576655
lcl|NW_015389510.1_cds_XP_029142224.1_19511	1560	1521.95	0	0
lcl|NW_015389510.1_cds_XP_015682664.1_19512	1731	1692.95	0	0
lcl|NW_015389511.1_cds_XP_015682665.1_19513	642	574.778	108.174	17.5277
lcl|NW_015389511.1_cds_XP_015682667.1_19514	1647	1626.63	7	0.400783
lcl|NW_015389511.1_cds_XP_015682666.1_19515	984	992.77	2	0.187621
lcl|NW_015389513.1_cds_XP_015682669.1_19516	5322	5377.43	151.066	2.61633
lcl|NW_015389514.1_cds_XP_029142225.1_19517	3882	3992.83	51.317	1.19697
lcl|NW_015389516.1_cds_XP_015682670.1_19518	604	540.322	3	0.517095
lcl|NW_015389516.1_cds_XP_015682671.1_19519	1395	1247.7	2	0.149286
lcl|NW_015389517.1_cds_XP_015682672.1_19520	1596	1557.95	0	0
lcl|NW_015389517.1_cds_XP_015682673.1_19521	603	564.949	0	0
lcl|NW_015389519.1_cds_XP_015682675.1_19522	612	550.552	5	0.845811
lcl|NW_015389519.1_cds_XP_015682674.2_19523	1395	1269.17	7	0.513665
lcl|NW_015389519.1_cds_XP_015682676.1_19524	1179	1140.95	0	0
lcl|NW_015389519.1_cds_XP_015682677.1_19525	1221	1182.95	0	0
lcl|NW_015389522.1_cds_XP_015682679.1_19526	2037	1980.61	3	0.141066
lcl|NW_015389522.1_cds_XP_029142227.1_19527	2904	2719.37	41	1.40416
lcl|NW_015389525.1_cds_XP_029142228.1_19528	462	420.441	8.18506	1.81308
lcl|NW_015389526.1_cds_XP_015682682.1_19529	1197	1118.73	136	11.3218
lcl|NW_015389527.1_cds_XP_015682683.1_19530	2088	2049.95	0	0
lcl|NW_015389528.1_cds_XP_029142230.1_19531	1026	987.949	0	0
lcl|NW_015389528.1_cds_XP_015682686.1_19532	1041	1042.03	3	0.268128
lcl|NW_015389528.1_cds_XP_015682690.1_19533	1542	1533.35	132.833	8.06802
lcl|NW_015389528.1_cds_XP_015682688.1_19534	1572	1574.37	149.2	8.82601
lcl|NW_015389528.1_cds_XP_015682689.1_19535	1572	1574.69	988.966	58.491
lcl|NW_015389528.1_cds_XP_015682684.1_19536	720	696.261	43.6746	5.84195
lcl|NW_015389528.1_cds_XP_015682685.1_19537	720	691.814	6.32542	0.851532
lcl|NW_015389530.1_cds_XP_015682691.1_19538	1273	1281.37	6	0.436091
lcl|NW_015389530.1_cds_XP_015682693.1_19539	1086	1089.24	4930	421.528
lcl|NW_015389530.1_cds_XP_015682692.1_19540	3249	3107.09	234	7.01396
lcl|NW_015389530.1_cds_XP_015682694.2_19541	2112	2049.84	129.759	5.8955
lcl|NW_015389531.1_cds_XP_015682698.1_19542	3732	3764.57	29	0.717437
lcl|NW_015389531.1_cds_XP_015682695.1_19543	237	217.633	15.302	6.54825
lcl|NW_015389531.1_cds_XP_015682696.1_19544	717	658.397	679	96.0469
lcl|NW_015389532.1_cds_XP_015682699.1_19545	2112	2073.95	0	0
lcl|NW_015389532.1_cds_XP_015682700.1_19546	2109	2070.95	0	0
lcl|NW_015389532.1_cds_XP_015682701.1_19547	1002	934.185	2806	279.741
lcl|NW_015389533.1_cds_XP_015682702.1_19548	957	918.949	0	0
lcl|NW_015389533.1_cds_XP_015682704.2_19549	1956	1917.95	0	0
lcl|NW_015389533.1_cds_XP_015682705.1_19550	999	960.949	0	0
lcl|NW_015389533.1_cds_XP_015682706.1_19551	999	960.949	0	0
lcl|NW_015389533.1_cds_XP_015682707.1_19552	966	927.949	0	0
lcl|NW_015389533.1_cds_XP_029142231.1_19553	1123	1092.9	674.241	57.456
lcl|NW_015389533.1_cds_XP_015682710.1_19554	939	900.949	0	0
lcl|NW_015389533.1_cds_XP_015682719.2_19555	939	900.949	0	0
lcl|NW_015389533.1_cds_XP_015682711.1_19556	1362	1323.95	0	0
lcl|NW_015389533.1_cds_XP_029142235.1_19557	1800	1761.95	0	0
lcl|NW_015389533.1_cds_XP_015682720.1_19558	444	386.908	315.979	76.059
lcl|NW_015389533.1_cds_XP_015682712.1_19559	318	242.375	476.021	182.911
lcl|NW_015389533.1_cds_XP_029142232.1_19560	912	873.949	0	0
lcl|NW_015389533.1_cds_XP_015682714.1_19561	951	912.949	0	0
lcl|NW_015389533.1_cds_XP_015682715.2_19562	981	942.949	0	0
lcl|NW_015389533.1_cds_XP_015682716.1_19563	984	945.949	0	0
lcl|NW_015389533.1_cds_XP_029142234.1_19564	960	921.949	0	0
lcl|NW_015389534.1_cds_XP_015682724.2_19565	2010	1938.13	171	8.21702
lcl|NW_015389534.1_cds_XP_015682722.1_19566	609	559.239	47	7.82712
lcl|NW_015389534.1_cds_XP_015682723.1_19567	417	372.18	514	128.621
lcl|NW_015389534.1_cds_XP_015682725.1_19568	381	326.321	17	4.85183
lcl|NW_015389534.1_cds_XP_029142236.1_19569	1080	1038.2	1.63358	0.146541
lcl|NW_015389535.1_cds_XP_015682726.1_19570	894	815.08	15	1.71393
lcl|NW_015389535.1_cds_XP_015682727.1_19571	576	450.286	3	0.620489
lcl|NW_015389535.1_cds_XP_015682728.1_19572	1485	1446.95	0	0
lcl|NW_015389535.1_cds_XP_015682730.1_19573	717	678.949	0	0
lcl|NW_015389536.1_cds_XP_015682731.1_19574	2034	2097.13	826.751	36.7155
lcl|NW_015389537.1_cds_XP_015682733.2_19575	936	907.168	0	0
lcl|NW_015389537.1_cds_XP_015682732.1_19576	411	324.495	643.545	184.702
lcl|NW_015389539.1_cds_XP_029142237.1_19577	3579	3339.18	2	0.0557817
lcl|NW_015389539.1_cds_XP_015682735.1_19578	3615	3352.17	12	0.333393
lcl|NW_015389539.1_cds_XP_029142238.1_19579	5688	5463.32	47	0.801203
lcl|NW_015389540.1_cds_XP_015682737.1_19580	501	462.949	0	0
lcl|NW_015389541.1_cds_XP_015682740.1_19581	813	792.503	29	3.40799
lcl|NW_015389541.1_cds_XP_015682741.1_19582	1119	1048.13	143	12.7063
lcl|NW_015389542.1_cds_XP_015682742.1_19583	449	410.949	0	0
lcl|NW_015389543.1_cds_XP_015682744.1_19584	3495	3472.39	89.1938	2.39225
lcl|NW_015389546.1_cds_XP_015682745.1_19585	948	909.949	0	0
lcl|NW_015389548.1_cds_XP_015682746.1_19586	672	602.16	8	1.23731
lcl|NW_015389548.1_cds_XP_015682747.1_19587	1797	1758.95	0	0
lcl|NW_015389549.1_cds_XP_029142239.1_19588	1818	1940.76	12.001	0.575898
lcl|NW_015389549.1_cds_XP_029142240.1_19589	1818	1940.76	12.001	0.575898
lcl|NW_015389550.1_cds_XP_015682756.1_19590	1761	1745.87	1075.28	57.3605
lcl|NW_015389550.1_cds_XP_015682752.1_19591	291	243.311	16.5	6.31574
lcl|NW_015389550.1_cds_XP_015682753.1_19592	291	243.311	16.5	6.31574
lcl|NW_015389550.1_cds_XP_015682754.1_19593	291	243.311	16.5	6.31574
lcl|NW_015389550.1_cds_XP_015682755.1_19594	291	243.311	16.5	6.31574
lcl|NW_015389550.1_cds_XP_015682757.1_19595	642	562.737	690.876	114.339
lcl|NW_015389550.1_cds_XP_015682758.1_19596	2001	1973.27	14	0.66076
lcl|NW_015389552.1_cds_XP_029142243.1_19597	1062	1061.19	5.01561	0.440181
lcl|NW_015389552.1_cds_XP_029142241.1_19598	1155	1140.6	27.5365	2.24843
lcl|NW_015389552.1_cds_XP_029142242.1_19599	2469	2476.98	7.62554	0.286714
lcl|NW_015389554.1_cds_XP_015682763.1_19600	1581	1452.81	144.472	9.26136
lcl|NW_015389554.1_cds_XP_015682762.1_19601	1581	1442.82	796.528	51.4151
lcl|NW_015389554.1_cds_XP_029142244.1_19602	951	911.254	8	0.817621
lcl|NW_015389554.1_cds_XP_015682764.1_19603	639	568.976	172	28.1537
lcl|NW_015389554.1_cds_XP_029142245.1_19604	7746	7649.96	27.839	0.338918
lcl|NW_015389555.1_cds_XP_015682766.1_19605	1431	1348.25	41	2.83213
lcl|NW_015389555.1_cds_XP_015682771.1_19606	369	330.318	291	82.0468
lcl|NW_015389555.1_cds_XP_015682770.1_19607	3951	3540.18	17	0.447224
lcl|NW_015389555.1_cds_XP_015682768.1_19608	723	655.272	170.4	24.2186
lcl|NW_015389555.1_cds_XP_015682769.1_19609	720	652.412	0	0
lcl|NW_015389555.1_cds_XP_015682767.1_19610	546	480.51	39.6	7.67528
lcl|NW_015389555.1_cds_XP_015682773.1_19611	774	735.949	0	0
lcl|NW_015389556.1_cds_XP_015682774.1_19612	1218	1179.95	0	0
lcl|NW_015389556.1_cds_XP_015682775.2_19613	1275	1183.94	1	0.0786629
lcl|NW_015389557.1_cds_XP_015682777.1_19614	945	877.859	41	4.34971
lcl|NW_015389557.1_cds_XP_015682782.1_19615	399	345.352	260.5	70.2501
lcl|NW_015389557.1_cds_XP_015682783.1_19616	399	345.352	260.5	70.2501
lcl|NW_015389557.1_cds_XP_015682779.1_19617	510	447.216	27.3809	5.70206
lcl|NW_015389557.1_cds_XP_015682781.1_19618	513	437.894	352.619	74.996
lcl|NW_015389557.1_cds_XP_015682776.1_19619	1479	1486.31	38	2.38108
lcl|NW_015389557.1_cds_XP_015682778.1_19620	237	189.658	3	1.47316
lcl|NW_015389560.1_cds_XP_015682784.1_19621	361	322.949	0	0
lcl|NW_015389561.1_cds_XP_029142246.1_19622	1011	972.949	0	0
lcl|NW_015389561.1_cds_XP_015682785.1_19623	930	891.949	0	0
lcl|NW_015389561.1_cds_XP_029142247.1_19624	996	1019.07	3	0.274168
lcl|NW_015389561.1_cds_XP_015682787.1_19625	4686	4813.66	401	7.75837
lcl|NW_015389561.1_cds_XP_015682786.1_19626	234	195.949	0	0
lcl|NW_015389565.1_cds_XP_015682788.1_19627	924	842.212	1	0.110581
lcl|NW_015389566.1_cds_XP_029142250.1_19628	951	955.405	15	1.46219
lcl|NW_015389566.1_cds_XP_029142248.1_19629	2127	2175.57	7.05816	0.302147
lcl|NW_015389566.1_cds_XP_029142249.1_19630	1344	1383.33	75.9012	5.11005
lcl|NW_015389569.1_cds_XP_015682795.1_19631	1404	1310.28	0	0
lcl|NW_015389569.1_cds_XP_015682796.1_19632	555	475.701	10915	2136.93
lcl|NW_015389569.1_cds_XP_015682794.1_19633	288	227.151	267	109.471
lcl|NW_015389569.1_cds_XP_015682793.1_19634	763	677.115	25	3.43858
lcl|NW_015389571.1_cds_XP_015682797.2_19635	1341	1221.25	5	0.3813
lcl|NW_015389571.1_cds_XP_015682801.1_19636	1359	1253.55	194	14.4132
lcl|NW_015389571.1_cds_XP_015682798.1_19637	1917	1672.21	2.56356	0.142775
lcl|NW_015389571.1_cds_XP_029142251.1_19638	1119	967.902	9	0.865989
lcl|NW_015389574.1_cds_XP_015682802.2_19639	2403	2328.94	1	0.0399893
lcl|NW_015389574.1_cds_XP_029142252.1_19640	1233	1202.54	1.453	0.11253
lcl|NW_015389574.1_cds_XP_015682804.1_19641	819	768.781	155.13	18.7929
lcl|NW_015389574.1_cds_XP_029142253.1_19642	3075	3031.7	4	0.122878
lcl|NW_015389575.1_cds_XP_015682805.2_19643	3753	3714.95	0	0
lcl|NW_015389575.1_cds_XP_029142254.1_19644	857	802.16	273	31.6959
lcl|NW_015389575.1_cds_XP_015682808.1_19645	1821	1723.36	691	37.3424
lcl|NW_015389575.1_cds_XP_029142255.1_19646	552	504.43	18	3.32332
lcl|NW_015389578.1_cds_XP_015682810.1_19647	900	814.056	28	3.20336
lcl|NW_015389581.1_cds_XP_015682814.1_19648	1017	978.885	22	2.09311
lcl|NW_015389581.1_cds_XP_029142256.1_19649	2352	2210.26	44	1.854
lcl|NW_015389581.1_cds_XP_015682813.1_19650	942	903.949	0	0
lcl|NW_015389581.1_cds_XP_029142257.1_19651	723	677.289	15	2.06262
lcl|NW_015389581.1_cds_XP_015682812.1_19652	783	717.896	23	2.98379
lcl|NW_015389581.1_cds_XP_015682815.1_19653	1701	1542.3	6	0.362313
lcl|NW_015389582.1_cds_XP_029142258.1_19654	1116	1075.81	3	0.259708
lcl|NW_015389582.1_cds_XP_015682819.1_19655	627	584.887	16	2.54771
lcl|NW_015389582.1_cds_XP_015682821.1_19656	2094	2110.15	316	13.9468
lcl|NW_015389582.1_cds_XP_015682818.1_19657	1248	1241.56	70	5.25089
lcl|NW_015389582.1_cds_XP_029142259.1_19658	840	823.73	13	1.46981
lcl|NW_015389586.1_cds_XP_015682822.1_19659	1581	1589.3	284.826	16.6907
lcl|NW_015389587.1_cds_XP_015682823.1_19660	1146	1072.27	3	0.260565
lcl|NW_015389587.1_cds_XP_015682824.1_19661	426	387.949	0	0
lcl|NW_015389588.1_cds_XP_015682825.1_19662	3375	3164.27	13	0.382624
lcl|NW_015389588.1_cds_XP_015682827.1_19663	1521	1399.52	9.48859	0.63143
lcl|NW_015389588.1_cds_XP_015682826.1_19664	591	514.549	3.51141	0.63556
lcl|NW_015389589.1_cds_XP_029142260.1_19665	2004	1965.95	0	0
lcl|NW_015389591.1_cds_XP_015682830.1_19666	1984	1978.86	36.9344	1.73827
lcl|NW_015389592.1_cds_XP_029142261.1_19667	6513	5926.27	78	1.22579
lcl|NW_015389592.1_cds_XP_015682831.1_19668	339	278.333	88	29.4456
lcl|NW_015389592.1_cds_XP_015682832.1_19669	1203	1078.83	13	1.12226
lcl|NW_015389592.1_cds_XP_015682833.1_19670	591	556.62	17.7068	2.96267
lcl|NW_015389597.1_cds_XP_015682835.1_19671	2712	2716.33	88	3.01718
lcl|NW_015389598.1_cds_XP_015682837.1_19672	1317	1278.65	29.8246	2.17233
lcl|NW_015389598.1_cds_XP_029142263.1_19673	1313	1270.83	4.80669	0.352258
lcl|NW_015389599.1_cds_XP_015682840.1_19674	1284	1227.7	29.6741	2.25105
lcl|NW_015389599.1_cds_XP_015682842.1_19675	906	867.949	0	0
lcl|NW_015389599.1_cds_XP_015682841.1_19676	513	469.497	7	1.38857
lcl|NW_015389602.1_cds_XP_015682843.1_19677	588	524.382	516	91.6438
lcl|NW_015389605.1_cds_XP_015682845.1_19678	463	424.949	0	0
lcl|NW_015389606.1_cds_XP_015682846.1_19679	876	788.814	1	0.118067
lcl|NW_015389606.1_cds_XP_015682847.1_19680	2628	2374.72	16	0.627494
lcl|NW_015389608.1_cds_XP_015682848.1_19681	1557	1394.58	6.82009	0.455458
lcl|NW_015389612.1_cds_XP_015682849.1_19682	1374	1335.95	0	0
lcl|NW_015389612.1_cds_XP_015682852.1_19683	738	677.163	3	0.4126
lcl|NW_015389612.1_cds_XP_015682855.2_19684	1819	1732.81	177.849	9.55874
lcl|NW_015389612.1_cds_XP_015682851.1_19685	831	776.468	28	3.35843
lcl|NW_015389612.1_cds_XP_015682854.1_19686	1305	1179.92	78	6.15666
lcl|NW_015389612.1_cds_XP_015682856.2_19687	1374	1194.19	37	2.88555
lcl|NW_015389612.1_cds_XP_015682850.1_19688	1533	1494.95	0	0
lcl|NW_015389614.1_cds_XP_015682858.1_19689	1527	1482.44	3	0.188471
lcl|NW_015389614.1_cds_XP_015682860.1_19690	3399	3370.28	41	1.13297
lcl|NW_015389614.1_cds_XP_015682859.1_19691	816	762.649	32.516	3.97076
lcl|NW_015389614.1_cds_XP_015682857.1_19692	1845	1870.87	41.27	2.05443
lcl|NW_015389616.1_cds_XP_015682861.1_19693	1470	1319.02	9	0.635467
lcl|NW_015389621.1_cds_XP_029142264.1_19694	3897	3937.12	172	4.06866
lcl|NW_015389621.1_cds_XP_015682864.1_19695	621	603.48	543	83.7989
lcl|NW_015389621.1_cds_XP_015682865.1_19696	228	195.069	2	0.954867
lcl|NW_015389622.1_cds_XP_015682866.1_19697	2061	2068.88	209.301	9.42187
lcl|NW_015389622.1_cds_XP_029142266.1_19698	1218	1166.46	36	2.87431
lcl|NW_015389622.1_cds_XP_029142265.1_19699	915	876.949	0	0
lcl|NW_015389622.1_cds_XP_015682869.1_19700	984	960.992	82.9891	8.04272
lcl|NW_015389622.1_cds_XP_015682870.1_19701	939	918.484	241.011	24.438
lcl|NW_015389623.1_cds_XP_015682872.1_19702	2205	2172.87	224.732	9.63239
lcl|NW_015389623.1_cds_XP_029142267.1_19703	750	636.618	7	1.02405
lcl|NW_015389624.1_cds_XP_015682874.1_19704	960	921.949	0	0
lcl|NW_015389624.1_cds_XP_015682876.1_19705	363	342.405	55	14.9597
lcl|NW_015389624.1_cds_XP_015682875.1_19706	399	317.991	6	1.75727
lcl|NW_015389626.1_cds_XP_015682877.1_19707	519	472.001	1	0.197314
lcl|NW_015389628.1_cds_XP_015682878.1_19708	924	885.949	0	0
lcl|NW_015389628.1_cds_XP_029142268.1_19709	414	375.949	0	0
lcl|NW_015389629.1_cds_XP_029142269.1_19710	975	936.949	0	0
lcl|NW_015389629.1_cds_XP_029142270.1_19711	1335	1243.69	7	0.524187
lcl|NW_015389629.1_cds_XP_029142271.1_19712	1137	1080.89	4	0.344652
lcl|NW_015389630.1_cds_XP_015682884.1_19713	771	671.835	39	5.40634
lcl|NW_015389633.1_cds_XP_029142273.1_19714	639	600.949	0	0
lcl|NW_015389633.1_cds_XP_029142272.1_19715	1047	997.233	41	3.82903
lcl|NW_015389633.1_cds_XP_015682888.1_19716	1947	1843.28	1476	74.5756
lcl|NW_015389633.1_cds_XP_029142274.1_19717	1431	1366.12	16	1.09077
lcl|NW_015389633.1_cds_XP_015682886.1_19718	642	601.828	3	0.464248
lcl|NW_015389634.1_cds_XP_015682890.1_19719	1185	1146.95	0	0
lcl|NW_015389634.1_cds_XP_015682891.1_19720	1500	1461.95	0	0
lcl|NW_015389634.1_cds_XP_015682898.1_19721	705	614.92	9	1.36309
lcl|NW_015389634.1_cds_XP_015682894.1_19722	981	841.258	3.79362	0.419978
lcl|NW_015389634.1_cds_XP_015682895.1_19723	2958	2824.4	4	0.131897
lcl|NW_015389634.1_cds_XP_015682897.1_19724	1113	991.456	16	1.50296
lcl|NW_015389635.1_cds_XP_015682900.1_19725	2256	2065.46	2.24846	0.101384
lcl|NW_015389635.1_cds_XP_015682902.1_19726	2262	2067.76	0.750492	0.0338024
lcl|NW_015389635.1_cds_XP_015682901.1_19727	2280	2082.67	0.00104606	4.67776e-05
lcl|NW_015389635.1_cds_XP_015682899.1_19728	1593	1487.1	2	0.125254
lcl|NW_015389635.1_cds_XP_029142275.1_19729	2295	2045.8	1	0.0455237
lcl|NW_015389637.1_cds_XP_029142276.1_19730	561	504.893	441.5	81.439
lcl|NW_015389637.1_cds_XP_015682907.1_19731	561	504.893	441.5	81.439
lcl|NW_015389637.1_cds_XP_015682906.1_19732	1104	1082.7	37	3.18271
lcl|NW_015389637.1_cds_XP_015682904.2_19733	478	414.512	26.0107	5.84408
lcl|NW_015389639.1_cds_XP_015682908.1_19734	750	649.068	9	1.29138
lcl|NW_015389639.1_cds_XP_029142277.1_19735	2181	2003.58	11	0.511314
lcl|NW_015389642.1_cds_XP_015682911.1_19736	498	451.791	2	0.412281
lcl|NW_015389642.1_cds_XP_029142278.1_19737	1044	946.098	10	0.984386
lcl|NW_015389644.1_cds_XP_029142279.1_19738	1332	1319.54	1	0.0705795
lcl|NW_015389645.1_cds_XP_015682915.1_19739	747	705.963	6	0.791536
lcl|NW_015389645.1_cds_XP_015682916.1_19740	1296	1300.58	1272.02	91.088
lcl|NW_015389645.1_cds_XP_015682917.1_19741	2202	2134.83	259	11.299
lcl|NW_015389648.1_cds_XP_015682918.1_19742	297	261.518	2	0.712246
lcl|NW_015389652.1_cds_XP_029142280.1_19743	3039	3000.95	0	0
lcl|NW_015389656.1_cds_XP_015682921.1_19744	966	927.949	0	0
lcl|NW_015389656.1_cds_XP_015682923.1_19745	936	928.869	0.00170652	0.000171103
lcl|NW_015389656.1_cds_XP_029142281.1_19746	936	921.904	0.998293	0.10085
lcl|NW_015389656.1_cds_XP_015682925.1_19747	1065	1026.95	0	0
lcl|NW_015389656.1_cds_XP_015682926.1_19748	933	894.949	0	0
lcl|NW_015389656.1_cds_XP_015682927.1_19749	945	906.949	0	0
lcl|NW_015389656.1_cds_XP_015682928.1_19750	561	522.949	0	0
lcl|NW_015389657.1_cds_XP_015682930.1_19751	1923	1724.3	1	0.0540116
lcl|NW_015389657.1_cds_XP_029142282.1_19752	1671	1559.13	1	0.0597337
lcl|NW_015389658.1_cds_XP_015682931.1_19753	2157	2106.45	15.3216	0.677415
lcl|NW_015389659.1_cds_XP_029142283.1_19754	2436	2212.23	6.61255	0.278381
lcl|NW_015389659.1_cds_XP_015682934.1_19755	1380	1111.37	335.773	28.1377
lcl|NW_015389660.1_cds_XP_029142284.1_19756	2127	1962.75	16	0.759199
lcl|NW_015389661.1_cds_XP_015682936.1_19757	1233	1242.53	38.6765	2.89895
lcl|NW_015389662.1_cds_XP_015682937.1_19758	1629	1611.77	29	1.6757
lcl|NW_015389663.1_cds_XP_015682938.1_19759	8895	8624.11	1.18926	0.012843
lcl|NW_015389664.1_cds_XP_015682941.1_19760	879	837.785	4	0.444661
lcl|NW_015389664.1_cds_XP_015682939.1_19761	1026	987.949	0	0
lcl|NW_015389664.1_cds_XP_015682940.1_19762	1290	1166.67	8	0.638623
lcl|NW_015389666.1_cds_XP_015682942.1_19763	383	304.715	0	0
lcl|NW_015389666.1_cds_XP_029142285.1_19764	627	533.785	5	0.872379
lcl|NW_015389666.1_cds_XP_029142286.1_19765	546	507.949	0	0
lcl|NW_015389666.1_cds_XP_015682945.1_19766	4524	4130.42	8.38655	0.1891
lcl|NW_015389666.1_cds_XP_015682946.1_19767	657	564.599	33.1747	5.47228
lcl|NW_015389666.1_cds_XP_015682947.1_19768	2582	2316.45	1.77248	0.0712622
lcl|NW_015389667.1_cds_XP_015682949.1_19769	2934	2679.47	16	0.556125
lcl|NW_015389667.1_cds_XP_015682950.1_19770	1092	1053.95	0	0
lcl|NW_015389669.1_cds_XP_015682951.1_19771	453	433.113	14.8138	3.18542
lcl|NW_015389672.1_cds_XP_015682952.1_19772	2088	1898.04	2	0.0981356
lcl|NW_015389672.1_cds_XP_015682953.1_19773	1128	1089.42	5504	470.527
lcl|NW_015389675.1_cds_XP_015682955.1_19774	822	776.052	120.613	14.4746
lcl|NW_015389675.1_cds_XP_015682956.2_19775	555	516.949	0	0
lcl|NW_015389679.1_cds_XP_029142287.1_19776	1278	1239.95	0	0
lcl|NW_015389679.1_cds_XP_015682958.1_19777	783	685.341	1	0.135892
lcl|NW_015389679.1_cds_XP_015682959.1_19778	1176	1109.68	36	3.0214
lcl|NW_015389679.1_cds_XP_015682962.1_19779	552	513.949	0	0
lcl|NW_015389679.1_cds_XP_015682960.1_19780	753	638.131	1	0.145946
lcl|NW_015389679.1_cds_XP_015682961.1_19781	1398	1351.45	9	0.620219
lcl|NW_015389680.1_cds_XP_015682963.1_19782	624	585.949	0	0
lcl|NW_015389680.1_cds_XP_015682965.1_19783	858	798.513	22.8634	2.66662
lcl|NW_015389680.1_cds_XP_015682966.1_19784	1668	1629.95	0	0
lcl|NW_015389680.1_cds_XP_015682967.1_19785	1212	1173.95	0	0
lcl|NW_015389680.1_cds_XP_015682968.1_19786	1212	1173.95	0	0
lcl|NW_015389680.1_cds_XP_015682969.1_19787	696	657.949	0	0
lcl|NW_015389682.1_cds_XP_015682970.1_19788	396	327.918	1	0.284012
lcl|NW_015389682.1_cds_XP_015682971.1_19789	1029	914.439	1	0.101847
lcl|NW_015389682.1_cds_XP_029142288.1_19790	2304	2097.26	12	0.532882
lcl|NW_015389682.1_cds_XP_015682973.1_19791	1446	1407.95	0	0
lcl|NW_015389684.1_cds_XP_029142289.1_19792	5796	5884.76	7.62129	0.120615
lcl|NW_015389686.1_cds_XP_015682976.1_19793	2016	2070	528.329	23.7703
lcl|NW_015389688.1_cds_XP_015682977.1_19794	2674	2840.25	9	0.295112
lcl|NW_015389690.1_cds_XP_015682978.1_19795	963	907.085	1690	173.516
lcl|NW_015389691.1_cds_XP_015682979.1_19796	489	450.949	0	0
lcl|NW_015389691.1_cds_XP_015682980.1_19797	492	453.949	0	0
lcl|NW_015389691.1_cds_XP_015682981.1_19798	402	363.949	0	0
lcl|NW_015389691.1_cds_XP_029142291.1_19799	351	312.949	0	0
lcl|NW_015389691.1_cds_XP_015682982.1_19800	444	405.949	0	0
lcl|NW_015389691.1_cds_XP_015682983.1_19801	453	414.949	0	0
lcl|NW_015389691.1_cds_XP_015682984.1_19802	456	417.949	0	0
lcl|NW_015389693.1_cds_XP_015682985.1_19803	2154	2220.98	31	1.29993
lcl|NW_015389694.1_cds_XP_015682987.1_19804	4821	4810.29	69	1.33592
lcl|NW_015389694.1_cds_XP_015682988.1_19805	2316	2313.62	141	5.67581
lcl|NW_015389694.1_cds_XP_015682990.1_19806	755	707.457	26.3436	3.46798
lcl|NW_015389694.1_cds_XP_015682991.1_19807	692	654.111	0.656417	0.0934609
lcl|NW_015389695.1_cds_XP_029142292.1_19808	198	152.793	20	12.1907
lcl|NW_015389695.1_cds_XP_029142293.1_19809	198	152.793	20	12.1907
lcl|NW_015389695.1_cds_XP_029142294.1_19810	198	152.793	20	12.1907
lcl|NW_015389699.1_cds_XP_015682992.1_19811	693	628.396	1	0.148207
lcl|NW_015389699.1_cds_XP_015682996.1_19812	567	498.662	3.75438	0.701185
lcl|NW_015389699.1_cds_XP_015683001.1_19813	1686	1647.95	0	0
lcl|NW_015389699.1_cds_XP_015682999.2_19814	1680	1641.95	0	0
lcl|NW_015389699.1_cds_XP_015682994.1_19815	1662	1605.63	0.908966	0.0527235
lcl|NW_015389699.1_cds_XP_015682995.1_19816	1662	1605.63	0.908966	0.0527235
lcl|NW_015389699.1_cds_XP_015682997.1_19817	1677	1638.95	0	0
lcl|NW_015389699.1_cds_XP_015683000.1_19818	1683	1644.95	0	0
lcl|NW_015389699.1_cds_XP_015682998.1_19819	1176	1137.95	0	0
lcl|NW_015389701.1_cds_XP_015683003.1_19820	624	631.512	59	8.70105
lcl|NW_015389701.1_cds_XP_015683002.1_19821	789	750.949	0	0
lcl|NW_015389702.1_cds_XP_029142297.1_19822	1191	1133.6	2550.07	209.504
lcl|NW_015389702.1_cds_XP_015683004.1_19823	2022	1951.44	125	5.96562
lcl|NW_015389704.1_cds_XP_015683007.1_19824	756	717.949	0	0
lcl|NW_015389706.1_cds_XP_029142298.1_19825	321	282.949	0	0
lcl|NW_015389709.1_cds_XP_015683008.1_19826	450	411.949	0	0
lcl|NW_015389712.1_cds_XP_015683009.2_19827	1902	1863.95	0	0
lcl|NW_015389714.1_cds_XP_015683011.1_19828	1797	1771.71	10.2039	0.536382
lcl|NW_015389715.1_cds_XP_029142299.1_19829	2238	2177	2	0.0855606
lcl|NW_015389719.1_cds_XP_015683013.1_19830	753	720.643	7	0.904647
lcl|NW_015389721.1_cds_XP_015683014.1_19831	474	435.949	0	0
lcl|NW_015389721.1_cds_XP_015683015.1_19832	474	435.949	0	0
lcl|NW_015389721.1_cds_XP_015683016.1_19833	474	435.949	0	0
lcl|NW_015389721.1_cds_XP_015683017.1_19834	474	435.949	0	0
lcl|NW_015389722.1_cds_XP_029142300.1_19835	1135	1050.49	6	0.531936
lcl|NW_015389722.1_cds_XP_015683019.1_19836	1503	1498.65	56	3.48007
lcl|NW_015389723.1_cds_XP_029142301.1_19837	2654	2615.95	0	0
lcl|NW_015389725.1_cds_XP_015683021.1_19838	449	390.914	7.77219	1.85167
lcl|NW_015389725.1_cds_XP_015683023.1_19839	585	532.505	372	65.061
lcl|NW_015389729.1_cds_XP_015683024.2_19840	1629	1534.81	65.3865	3.96767
lcl|NW_015389730.1_cds_XP_015683025.1_19841	831	792.949	0	0
lcl|NW_015389731.1_cds_XP_015683026.1_19842	771	741.698	1977	248.245
lcl|NW_015389731.1_cds_XP_015683027.1_19843	459	414.39	277	62.2547
lcl|NW_015389731.1_cds_XP_015683029.1_19844	978	939.949	0	0
lcl|NW_015389732.1_cds_XP_015683030.2_19845	3060	2686.54	11	0.38133
lcl|NW_015389734.1_cds_XP_015683031.1_19846	660	621.949	0	0
lcl|NW_015389734.1_cds_XP_015683032.1_19847	657	618.949	0	0
lcl|NW_015389735.1_cds_XP_015683033.1_19848	1038	999.949	0	0
lcl|NW_015389735.1_cds_XP_015683034.1_19849	1077	1021.04	203	18.5164
lcl|NW_015389735.1_cds_XP_015683038.1_19850	1290	1201.34	8	0.620189
lcl|NW_015389735.1_cds_XP_015683037.1_19851	507	426.854	13.5	2.94548
lcl|NW_015389735.1_cds_XP_015683036.1_19852	507	426.854	13.5	2.94548
lcl|NW_015389735.1_cds_XP_029142303.1_19853	1353	1333.5	3	0.209522
lcl|NW_015389736.1_cds_XP_015683039.1_19854	1812	1773.95	0	0
lcl|NW_015389742.1_cds_XP_015683041.2_19855	1530	1497.9	2.41241	0.149992
lcl|NW_015389742.1_cds_XP_015683043.1_19856	1125	1002.03	40.7776	3.79005
lcl|NW_015389744.1_cds_XP_015683044.2_19857	951	912.949	0	0
lcl|NW_015389744.1_cds_XP_029142304.1_19858	7371	7250.08	16	0.205532
lcl|NW_015389747.1_cds_XP_015683048.1_19859	1026	993.982	60109.8	5632.07
lcl|NW_015389747.1_cds_XP_015683047.1_19860	1656	1627.93	147116	8416.36
lcl|NW_015389749.1_cds_XP_015683049.1_19861	522	483.949	0	0
lcl|NW_015389749.1_cds_XP_015683051.1_19862	1143	1104.95	0	0
lcl|NW_015389751.1_cds_XP_015683052.1_19863	2046	1993.13	51.8322	2.42195
lcl|NW_015389753.1_cds_XP_029142306.1_19864	2409	2412.35	686.263	26.4942
lcl|NW_015389753.1_cds_XP_015683055.1_19865	1380	1348.9	477.402	32.9615
lcl|NW_015389753.1_cds_XP_015683056.1_19866	1359	1323.47	340.799	23.9821
lcl|NW_015389753.1_cds_XP_015683057.1_19867	1359	1323.47	340.799	23.9821
lcl|NW_015389753.1_cds_XP_015683053.1_19868	951	897.254	2315	240.291
lcl|NW_015389753.1_cds_XP_015683054.1_19869	2625	2617.7	41	1.4587
lcl|NW_015389756.1_cds_XP_029142307.1_19870	1137	1098.95	0	0
lcl|NW_015389756.1_cds_XP_015683069.1_19871	1239	1200.95	0	0
lcl|NW_015389756.1_cds_XP_015683070.1_19872	1164	1125.95	0	0
lcl|NW_015389756.1_cds_XP_015683066.1_19873	1239	1200.95	0	0
lcl|NW_015389756.1_cds_XP_015683067.1_19874	1164	1125.95	0	0
lcl|NW_015389756.1_cds_XP_029142310.1_19875	1842	1803.95	0	0
lcl|NW_015389756.1_cds_XP_015683080.1_19876	3063	2847.25	14	0.457935
lcl|NW_015389756.1_cds_XP_015683078.1_19877	1185	1069.84	490	42.6558
lcl|NW_015389756.1_cds_XP_015683076.1_19878	393	337.656	0	0
lcl|NW_015389756.1_cds_XP_015683077.1_19879	327	278.912	1	0.333913
lcl|NW_015389756.1_cds_XP_015683061.1_19880	3150	2827.97	17	0.559855
lcl|NW_015389756.1_cds_XP_029142308.1_19881	1590	1359.82	1	0.0684887
lcl|NW_015389756.1_cds_XP_029142309.1_19882	4476	4032.13	1	0.0230976
lcl|NW_015389756.1_cds_XP_015683063.1_19883	1770	1731.95	0	0
lcl|NW_015389756.1_cds_XP_015683064.1_19884	618	508.021	21	3.84981
lcl|NW_015389756.1_cds_XP_015683065.1_19885	1548	1310.37	2	0.142147
lcl|NW_015389756.1_cds_XP_015683072.1_19886	1047	876.033	1	0.106312
lcl|NW_015389756.1_cds_XP_015683068.1_19887	417	335.228	5	1.38909
lcl|NW_015389756.1_cds_XP_015683073.1_19888	1218	1059.59	2	0.175789
lcl|NW_015389758.1_cds_XP_015683081.1_19889	1191	1092.14	4	0.3411
lcl|NW_015389760.1_cds_XP_015683082.1_19890	514	439.777	1	0.211772
lcl|NW_015389761.1_cds_XP_015683083.2_19891	1275	1236.95	0	0
lcl|NW_015389762.1_cds_XP_015683084.1_19892	576	517.621	39.6301	7.1304
lcl|NW_015389762.1_cds_XP_015683085.1_19893	888	878.025	270.022	28.6413
lcl|NW_015389764.1_cds_XP_015683089.1_19894	1254	1157.24	11	0.885261
lcl|NW_015389764.1_cds_XP_015683092.1_19895	1359	1187.83	610	47.8275
lcl|NW_015389764.1_cds_XP_015683087.1_19896	2838	2732.34	53	1.80652
lcl|NW_015389764.1_cds_XP_015683096.1_19897	1584	1537.2	7	0.424101
lcl|NW_015389764.1_cds_XP_015683097.1_19898	1203	1137.41	25	2.04704
lcl|NW_015389764.1_cds_XP_015683093.1_19899	1221	1240.99	97	7.27958
lcl|NW_015389764.1_cds_XP_015683095.1_19900	1221	1240.99	97	7.27958
lcl|NW_015389764.1_cds_XP_015683091.1_19901	3201	3133.89	530.971	15.7793
lcl|NW_015389764.1_cds_XP_015683090.1_19902	528	504.815	209	38.5581
lcl|NW_015389765.1_cds_XP_015683099.1_19903	1608	1514.42	55	3.38235
lcl|NW_015389765.1_cds_XP_015683098.1_19904	570	531.949	0	0
lcl|NW_015389766.1_cds_XP_015683100.1_19905	288	270.446	16	5.50987
lcl|NW_015389767.1_cds_XP_015683101.1_19906	8303	8264.95	0	0
lcl|NW_015389768.1_cds_XP_015683104.1_19907	561	525.207	2	0.354651
lcl|NW_015389768.1_cds_19908	450	411.949	0	0
lcl|NW_015389768.1_cds_19909	372	333.949	0	0
lcl|NW_015389768.1_cds_19910	399	383.628	2	0.485536
lcl|NW_015389768.1_cds_19911	498	454.632	2	0.409705
lcl|NW_015389768.1_cds_19912	372	323.004	7	2.01832
lcl|NW_015389768.1_cds_19913	450	411.949	0	0
lcl|NW_015389772.1_cds_XP_015683113.1_19914	1287	1238.13	174.203	13.1036
lcl|NW_015389772.1_cds_XP_029142311.1_19915	1287	1238.13	174.203	13.1036
lcl|NW_015389772.1_cds_XP_015683111.1_19916	1287	1240.29	131.595	9.88133
lcl|NW_015389772.1_cds_XP_015683110.1_19917	246	207.949	0	0
lcl|NW_015389772.1_cds_XP_015683109.1_19918	357	318.949	0	0
lcl|NW_015389772.1_cds_XP_015683115.1_19919	1101	1019.7	36	3.288
lcl|NW_015389772.1_cds_XP_015683108.1_19920	759	672.044	47	6.51331
lcl|NW_015389772.1_cds_XP_015683106.1_19921	1233	1149.25	116	9.40038
lcl|NW_015389772.1_cds_XP_015683105.1_19922	3612	3489.41	85	2.26865
lcl|NW_015389772.1_cds_XP_015683107.1_19923	351	289.306	94.5958	30.452
lcl|NW_015389773.1_cds_XP_015683116.1_19924	726	648.453	95	13.6442
lcl|NW_015389773.1_cds_XP_029142312.1_19925	1140	1010.05	1	0.0922059
lcl|NW_015389773.1_cds_XP_015683117.1_19926	864	795.908	74	8.65904
lcl|NW_015389773.1_cds_XP_029142313.1_19927	1749	1515.93	5	0.307179
lcl|NW_015389775.1_cds_XP_015683118.1_19928	5223	5390	60	1.03673
lcl|NW_015389776.1_cds_XP_029142315.1_19929	657	618.949	0	0
lcl|NW_015389776.1_cds_XP_015683120.1_19930	918	879.949	0	0
lcl|NW_015389776.1_cds_XP_015683121.1_19931	705	666.949	0	0
lcl|NW_015389776.1_cds_XP_015683124.1_19932	1005	966.949	0	0
lcl|NW_015389776.1_cds_XP_015683122.1_19933	855	816.949	0	0
lcl|NW_015389776.1_cds_XP_029142314.1_19934	1008	969.949	0	0
lcl|NW_015389779.1_cds_XP_015683126.1_19935	1104	1065.95	0	0
lcl|NW_015389783.1_cds_XP_015683128.2_19936	2346	2313.12	103	4.14706
lcl|NW_015389786.1_cds_XP_015683129.1_19937	1278	1249.92	25	1.86277
lcl|NW_015389786.1_cds_XP_015683130.1_19938	1314	1284.16	1	0.0725241
lcl|NW_015389788.1_cds_XP_015683132.2_19939	1884	1845.95	0	0
lcl|NW_015389789.1_cds_XP_029142317.1_19940	768	651.101	4	0.572154
lcl|NW_015389792.1_cds_XP_015683134.1_19941	2058	2019.95	0	0
lcl|NW_015389792.1_cds_XP_015683136.1_19942	1848	1758.34	14	0.741526
lcl|NW_015389792.1_cds_XP_015683135.1_19943	405	338.818	59	16.2176
lcl|NW_015389792.1_cds_XP_015683137.1_19944	999	923.095	7	0.706241
lcl|NW_015389793.1_cds_XP_015683138.1_19945	429	390.949	0	0
lcl|NW_015389793.1_cds_XP_029142318.1_19946	576	537.949	0	0
lcl|NW_015389794.1_cds_XP_015683140.1_19947	1941	1585.91	3	0.176175
lcl|NW_015389796.1_cds_XP_015683145.1_19948	1968	1948.52	31180.2	1490.31
lcl|NW_015389796.1_cds_XP_015683144.1_19949	1956	1968.1	97761.4	4626.17
lcl|NW_015389796.1_cds_XP_029142320.1_19950	1980	1919.9	74080.6	3593.58
lcl|NW_015389796.1_cds_XP_029142319.1_19951	438	390.324	11019.8	2629.36
lcl|NW_015389796.1_cds_XP_015683146.2_19952	1971	1970.54	77.0087	3.63962
lcl|NW_015389796.1_cds_XP_015683143.1_19953	2481	2474.7	149.244	5.61665
lcl|NW_015389798.1_cds_XP_015683147.1_19954	2586	2588.89	58.9402	2.12031
lcl|NW_015389799.1_cds_XP_015683148.1_19955	3546	3565.67	1710	44.6638
lcl|NW_015389800.1_cds_XP_015683150.1_19956	825	786.949	0	0
lcl|NW_015389800.1_cds_XP_015683151.1_19957	645	606.949	0	0
lcl|NW_015389800.1_cds_XP_029142321.1_19958	681	642.949	0	0
lcl|NW_015389802.1_cds_XP_015683152.1_19959	795	722.71	1	0.128866
lcl|NW_015389803.1_cds_XP_015683155.1_19960	1080	1041.95	0	0
lcl|NW_015389803.1_cds_XP_015683154.1_19961	1158	1119.95	0	0
lcl|NW_015389809.1_cds_XP_015683156.1_19962	3671	3632.95	0	0
lcl|NW_015389810.1_cds_NP_001310177.1_19963	1446	1427.14	214865	14021.7
lcl|NW_015389810.1_cds_XP_029142322.1_19964	1557	1532.73	272228	16541.3
lcl|NW_015389810.1_cds_XP_015683159.1_19965	462	391.163	227379	54136.9
lcl|NW_015389811.1_cds_XP_015683160.1_19966	328	279.106	1	0.333682
lcl|NW_015389811.1_cds_XP_015683161.1_19967	534	465.506	13	2.60088
lcl|NW_015389811.1_cds_XP_015683163.2_19968	2529	2392.85	30	1.16764
lcl|NW_015389812.1_cds_XP_015683164.1_19969	627	588.949	0	0
lcl|NW_015389813.1_cds_XP_015683165.1_19970	3507	3493.41	88	2.34603
lcl|NW_015389814.1_cds_XP_015683166.1_19971	544	511.453	74	13.4749
lcl|NW_015389815.1_cds_XP_015683168.1_19972	2412	2113.86	2	0.0881161
lcl|NW_015389815.1_cds_XP_029142323.1_19973	1800	1761.95	0	0
lcl|NW_015389816.1_cds_XP_015683169.1_19974	2541	2576.49	22.7912	0.823838
lcl|NW_015389818.1_cds_XP_015683171.1_19975	1296	1257.95	0	0
lcl|NW_015389819.1_cds_XP_029142324.1_19976	1944	1905.95	0	0
lcl|NW_015389819.1_cds_XP_015683173.1_19977	438	390.506	60	14.3095
lcl|NW_015389819.1_cds_XP_015683175.1_19978	1161	1122.95	0	0
lcl|NW_015389819.1_cds_XP_029142325.1_19979	2829	2538.98	2	0.073362
lcl|NW_015389821.1_cds_XP_015683178.1_19980	1407	1352.31	194	13.3606
lcl|NW_015389821.1_cds_XP_015683177.1_19981	815	799.288	0	0
lcl|NW_015389826.1_cds_XP_015683179.1_19982	2364	2358.61	1	0.0394862
lcl|NW_015389828.1_cds_XP_029142326.1_19983	1608	1569.95	0	0
lcl|NW_015389828.1_cds_XP_015683181.1_19984	1968	1826.92	12	0.611733
lcl|NW_015389828.1_cds_XP_015683180.1_19985	1008	892.96	2.70893	0.282531
lcl|NW_015389830.1_cds_XP_015683183.1_19986	2748	2697.51	0.66041	0.0228009
lcl|NW_015389830.1_cds_XP_015683184.1_19987	2748	2692.25	3.33959	0.115526
lcl|NW_015389830.1_cds_XP_015683186.1_19988	1326	1287.95	0	0
lcl|NW_015389831.1_cds_XP_029142328.1_19989	2052	2013.95	0	0
lcl|NW_015389831.1_cds_XP_029142329.1_19990	2085	2068.29	7.3839	0.332487
lcl|NW_015389831.1_cds_XP_029142327.1_19991	2088	2069.16	10.6639	0.479981
lcl|NW_015389833.1_cds_XP_015683187.1_19992	2583	2612.6	53.5714	1.90968
lcl|NW_015389834.1_cds_XP_015683188.2_19993	2784	2745.95	0	0
lcl|NW_015389835.1_cds_XP_015683189.1_19994	1152	1104.42	32	2.69847
lcl|NW_015389838.1_cds_XP_015683190.1_19995	7486	7494.08	1	0.0124275
lcl|NW_015389839.1_cds_XP_029142330.1_19996	894	855.949	0	0
lcl|NW_015389840.1_cds_XP_015683201.1_19997	2034	2020.73	81	3.73317
lcl|NW_015389840.1_cds_XP_029142332.1_19998	315	254.319	0	0
lcl|NW_015389840.1_cds_XP_029142331.1_19999	360	339.885	3	0.822036
lcl|NW_015389840.1_cds_XP_015683194.1_20000	1485	1447.43	718.517	46.2318
lcl|NW_015389840.1_cds_XP_015683196.1_20001	1473	1438.35	84.9058	5.4976
lcl|NW_015389840.1_cds_XP_015683195.1_20002	1479	1440.05	402.574	26.0358
lcl|NW_015389840.1_cds_XP_015683197.1_20003	1467	1430.97	46.4988	3.0263
lcl|NW_015389840.1_cds_XP_015683199.1_20004	561	543.278	968	165.941
lcl|NW_015389840.1_cds_XP_015683193.2_20005	1669	1657.25	1	0.056197
lcl|NW_015389841.1_cds_XP_015683202.1_20006	416	344.648	4	1.0809
lcl|NW_015389844.1_cds_XP_015683203.1_20007	384	303.576	67.1356	20.5962
lcl|NW_015389845.1_cds_XP_015683205.1_20008	1506	1467.95	0	0
lcl|NW_015389846.1_cds_XP_029142333.1_20009	1824	1624.85	44	2.52197
lcl|NW_015389847.1_cds_XP_015683209.1_20010	546	508.086	815.21	149.429
lcl|NW_015389847.1_cds_XP_015683210.1_20011	546	508.086	815.21	149.429
lcl|NW_015389849.1_cds_XP_015683212.1_20012	1071	927.121	834	83.7782
lcl|NW_015389849.1_cds_XP_015683211.1_20013	1038	928.054	8	0.80282
lcl|NW_015389852.1_cds_XP_015683213.1_20014	810	696.932	20.0968	2.68558
lcl|NW_015389852.1_cds_XP_015683214.1_20015	1230	1035.37	5	0.449753
lcl|NW_015389852.1_cds_XP_015683215.1_20016	888	809.718	4	0.460074
lcl|NW_015389852.1_cds_XP_015683216.1_20017	1437	1398.95	0	0
lcl|NW_015389854.1_cds_XP_015683217.1_20018	531	492.949	0	0
lcl|NW_015389856.1_cds_XP_029142334.1_20019	2064	2025.95	0	0
lcl|NW_015389856.1_cds_XP_015683220.1_20020	2517	2608.34	1	0.0357057
lcl|NW_015389856.1_cds_XP_029142335.1_20021	2055	2016.95	0	0
lcl|NW_015389856.1_cds_XP_015683222.1_20022	2511	2472.95	0	0
lcl|NW_015389856.1_cds_XP_029142336.1_20023	2055	2035.8	4.81003	0.220046
lcl|NW_015389856.1_cds_XP_029142337.1_20024	2448	2409.95	0	0
lcl|NW_015389856.1_cds_XP_015683223.1_20025	1236	1213.96	0.756805	0.0580606
lcl|NW_015389857.1_cds_XP_029142338.1_20026	1752	1553.2	45.4128	2.72303
lcl|NW_015389858.1_cds_XP_015683225.1_20027	1820	1781.8	56	2.92705
lcl|NW_015389859.1_cds_XP_029142339.1_20028	1276	1247.17	7	0.522727
lcl|NW_015389860.1_cds_XP_015683227.1_20029	621	588.512	985	155.877
lcl|NW_015389868.1_cds_XP_015683228.1_20030	666	628.996	3	0.444196
lcl|NW_015389868.1_cds_XP_015683231.1_20031	954	856.802	37	4.02182
lcl|NW_015389868.1_cds_XP_029142340.1_20032	1160	1135.45	72	5.90561
lcl|NW_015389869.1_cds_XP_029142341.1_20033	1107	960.79	1	0.0969333
lcl|NW_015389870.1_cds_XP_029142342.1_20034	2458	2527.87	8.53373	0.314402
lcl|NW_015389872.1_cds_XP_015683235.1_20035	2169	2030.53	203	9.3108
lcl|NW_015389872.1_cds_XP_015683234.1_20036	1083	1044.95	0	0
lcl|NW_015389873.1_cds_XP_015683236.1_20037	873	834.949	0	0
lcl|NW_015389873.1_cds_XP_015683237.1_20038	729	690.949	0	0
lcl|NW_015389874.1_cds_XP_029142343.1_20039	4885	4846.95	0	0
lcl|NW_015389874.1_cds_XP_015683240.1_20040	1770	1709.38	187.622	10.2222
lcl|NW_015389875.1_cds_XP_015683241.1_20041	582	543.949	0	0
lcl|NW_015389875.1_cds_XP_015683243.1_20042	360	275.422	3	1.01444
lcl|NW_015389875.1_cds_XP_015683242.1_20043	7200	6739.67	8	0.110549
lcl|NW_015389876.1_cds_XP_015683244.2_20044	1530	1438.82	45.7065	2.9585
lcl|NW_015389876.1_cds_XP_015683245.1_20045	672	633.949	0	0
lcl|NW_015389877.1_cds_XP_029142345.1_20046	1074	1071.16	2	0.17389
lcl|NW_015389877.1_cds_XP_029142344.1_20047	1584	1681.02	92.6548	5.13329
lcl|NW_015389877.1_cds_XP_015683246.2_20048	1684	1645.95	0	0
lcl|NW_015389878.1_cds_XP_029142346.1_20049	524	498.349	20	3.73765
lcl|NW_015389878.1_cds_XP_015683251.1_20050	601	534.675	19	3.30952
lcl|NW_015389880.1_cds_XP_015683252.1_20051	1170	1173.84	5	0.396701
lcl|NW_015389882.1_cds_XP_015683253.1_20052	1362	1220.95	18	1.37301
lcl|NW_015389882.1_cds_XP_015683255.1_20053	1623	1381.24	1	0.067427
lcl|NW_015389882.1_cds_XP_015683254.1_20054	1284	1143.17	1.98858	0.162007
lcl|NW_015389883.1_cds_XP_015683258.1_20055	1353	1314.95	0	0
lcl|NW_015389883.1_cds_XP_015683259.1_20056	1875	1694.04	75.2688	4.13801
lcl|NW_015389883.1_cds_XP_015683256.1_20057	180	141.379	223.894	147.489
lcl|NW_015389883.1_cds_XP_015683260.1_20058	566	500.464	5	0.930462
lcl|NW_015389884.1_cds_XP_015683261.1_20059	765	726.949	0	0
lcl|NW_015389885.1_cds_XP_015683265.1_20060	2019	1866.83	4	0.199552
lcl|NW_015389885.1_cds_XP_015683263.1_20061	1227	1096.28	17	1.44421
lcl|NW_015389885.1_cds_XP_015683262.1_20062	576	537.949	0	0
lcl|NW_015389886.1_cds_XP_015683267.1_20063	2058	1920.17	51.6613	2.50569
lcl|NW_015389886.1_cds_XP_015683266.1_20064	1149	1110.95	0	0
lcl|NW_015389888.1_cds_XP_015683268.1_20065	930	897.6	2	0.207515
lcl|NW_015389891.1_cds_XP_015683273.2_20066	1551	1471.76	20	1.26559
lcl|NW_015389891.1_cds_XP_015683272.1_20067	1206	1078.81	157.62	13.6071
lcl|NW_015389891.1_cds_XP_015683270.1_20068	1209	1082.07	72.1898	6.21332
lcl|NW_015389891.1_cds_XP_015683271.1_20069	1209	1082.07	72.1898	6.21332
lcl|NW_015389892.1_cds_XP_015683274.1_20070	1476	1453.61	17	1.08919
lcl|NW_015389892.1_cds_XP_015683275.1_20071	453	419.87	16	3.549
lcl|NW_015389892.1_cds_XP_015683276.1_20072	2662	2623.95	0	0
lcl|NW_015389894.1_cds_XP_015683278.1_20073	576	537.949	0	0
lcl|NW_015389894.1_cds_XP_015683281.1_20074	771	732.949	0	0
lcl|NW_015389894.1_cds_XP_015683279.1_20075	2772	2521.72	2	0.0738644
lcl|NW_015389894.1_cds_XP_015683282.1_20076	1440	1364.89	1	0.0682345
lcl|NW_015389894.1_cds_XP_029142347.1_20077	816	777.949	0	0
lcl|NW_015389895.1_cds_XP_015683284.1_20078	2730	2639.95	20	0.705563
lcl|NW_015389901.1_cds_XP_029142348.1_20079	2205	1986.25	9	0.421997
lcl|NW_015389901.1_cds_XP_029142349.1_20080	1467	1328.28	0	0
lcl|NW_015389901.1_cds_XP_015683288.1_20081	2163	2018.04	12	0.553799
lcl|NW_015389901.1_cds_XP_015683289.1_20082	957	918.949	0	0
lcl|NW_015389901.1_cds_XP_015683290.1_20083	1137	1098.95	0	0
lcl|NW_015389901.1_cds_XP_015683291.1_20084	957	942.673	0.881068	0.0870461
lcl|NW_015389901.1_cds_XP_029142350.1_20085	1248	1218.3	0	0
lcl|NW_015389901.1_cds_XP_029142352.1_20086	1044	1005.95	0	0
lcl|NW_015389902.1_cds_XP_029142353.1_20087	1672	1564.79	7	0.416622
lcl|NW_015389903.1_cds_XP_015683296.1_20088	1185	1146.95	0	0
lcl|NW_015389903.1_cds_XP_015683295.1_20089	663	599.382	47	7.3029
lcl|NW_015389905.1_cds_XP_015683297.1_20090	540	459.27	70	14.1949
lcl|NW_015389905.1_cds_XP_015683300.1_20091	342	266.74	784.5	273.909
lcl|NW_015389905.1_cds_XP_015683299.1_20092	342	266.74	784.5	273.909
lcl|NW_015389906.1_cds_XP_015683301.1_20093	1029	1017.75	55	5.03295
lcl|NW_015389907.1_cds_XP_015683302.1_20094	1452	1461.61	4	0.254877
lcl|NW_015389908.1_cds_XP_015683303.1_20095	930	891.949	0	0
lcl|NW_015389908.1_cds_XP_015683304.1_20096	543	473.188	14	2.75547
lcl|NW_015389911.1_cds_XP_015683305.1_20097	1929	1667.75	1	0.0558433
lcl|NW_015389916.1_cds_XP_015683307.1_20098	1296	1128.88	11	0.907499
lcl|NW_015389916.1_cds_XP_029142354.1_20099	4248	4209.95	0	0
lcl|NW_015389917.1_cds_XP_029142355.1_20100	1116	911.876	1	0.102133
lcl|NW_015389917.1_cds_XP_015683308.1_20101	963	862.302	8	0.864036
lcl|NW_015389917.1_cds_XP_029142356.1_20102	549	510.949	0	0
lcl|NW_015389917.1_cds_XP_015683310.1_20103	786	747.949	0	0
lcl|NW_015389917.1_cds_XP_015683311.1_20104	1431	1285.13	1.42663	0.103387
lcl|NW_015389917.1_cds_XP_015683312.1_20105	918	848.937	3.66461	0.402026
lcl|NW_015389921.1_cds_XP_015683314.1_20106	297	258.949	0	0
lcl|NW_015389922.1_cds_XP_015683315.1_20107	466	396.426	27	6.34312
lcl|NW_015389925.1_cds_XP_029142358.1_20108	1101	1110.62	18	1.50942
lcl|NW_015389925.1_cds_XP_029142357.1_20109	1748	1688.45	451	24.8766
lcl|NW_015389926.1_cds_XP_029142359.1_20110	1626	1636.54	3.57143	0.203244
lcl|NW_015389926.1_cds_XP_029142360.1_20111	2325	2386.39	1	0.0390266
lcl|NW_015389926.1_cds_XP_015683321.1_20112	357	289.643	1	0.321543
lcl|NW_015389929.1_cds_XP_029142361.1_20113	2241	2193.78	5	0.212265
lcl|NW_015389929.1_cds_XP_015683323.1_20114	900	861.949	0	0
lcl|NW_015389933.1_cds_XP_029142362.1_20115	1550	1526.85	3	0.18299
lcl|NW_015389933.1_cds_XP_015683325.1_20116	1203	1141.99	5	0.407764
lcl|NW_015389934.1_cds_XP_015683326.1_20117	699	651.998	25	3.57105
lcl|NW_015389936.1_cds_XP_029142363.1_20118	1494	1436.46	36	2.33405
lcl|NW_015389937.1_cds_XP_029142364.1_20119	4698	4468.22	2	0.0416866
lcl|NW_015389938.1_cds_XP_015683328.1_20120	1719	1714.72	5	0.271567
lcl|NW_015389939.1_cds_XP_015683330.1_20121	1605	1561.95	2	0.119251
lcl|NW_015389940.1_cds_XP_015683335.1_20122	2211	2255.23	6.87859e-07	2.8406e-08
lcl|NW_015389940.1_cds_XP_015683334.1_20123	2214	2257.43	50	2.0628
lcl|NW_015389940.1_cds_XP_015683331.1_20124	678	667.177	1	0.139592
lcl|NW_015389940.1_cds_XP_015683333.1_20125	1497	1361.76	13	0.889088
lcl|NW_015389940.1_cds_XP_029142365.1_20126	2757	2595.51	23	0.825288
lcl|NW_015389942.1_cds_XP_029142368.1_20127	519	480.949	0	0
lcl|NW_015389942.1_cds_XP_029142366.1_20128	549	510.949	0	0
lcl|NW_015389942.1_cds_XP_029142367.1_20129	942	814.016	3	0.343233
lcl|NW_015389942.1_cds_XP_015683338.1_20130	1107	1032.02	0	0
lcl|NW_015389943.1_cds_XP_015683340.1_20131	924	765.883	1	0.121602
lcl|NW_015389945.1_cds_XP_015683344.2_20132	1077	1035.19	13	1.16957
lcl|NW_015389945.1_cds_XP_015683343.1_20133	444	422.208	20	4.41169
lcl|NW_015389945.1_cds_XP_015683342.1_20134	2572	2533.95	0	0
lcl|NW_015389949.1_cds_XP_015683346.1_20135	1203	1081.79	140	12.0528
lcl|NW_015389949.1_cds_XP_015683345.1_20136	1647	1496.31	1	0.0622415
lcl|NW_015389951.1_cds_XP_015683348.1_20137	783	731.646	0	0
lcl|NW_015389954.1_cds_XP_015683350.1_20138	759	720.949	0	0
lcl|NW_015389954.1_cds_XP_015683351.1_20139	519	467.126	1.10382	0.220073
lcl|NW_015389954.1_cds_XP_015683352.1_20140	654	615.949	0	0
lcl|NW_015389954.1_cds_XP_029142369.1_20141	666	627.949	0	0
lcl|NW_015389955.1_cds_XP_029142370.1_20142	1902	1863.95	0	0
lcl|NW_015389955.1_cds_XP_029142371.1_20143	1236	1177.53	3.51459	0.277974
lcl|NW_015389955.1_cds_XP_029142372.1_20144	1419	1377.81	3.98819	0.26958
lcl|NW_015389955.1_cds_XP_029142373.1_20145	1584	1542.44	1.15809	0.0699255
lcl|NW_015389955.1_cds_XP_029142374.1_20146	1488	1444.16	0	0
lcl|NW_015389955.1_cds_XP_029142379.1_20147	1281	1211.69	3	0.230584
lcl|NW_015389955.1_cds_XP_029142375.1_20148	1317	1258.29	2	0.14803
lcl|NW_015389955.1_cds_XP_015683356.1_20149	1326	1230.83	19.394	1.46747
lcl|NW_015389955.1_cds_XP_029142376.1_20150	1317	1264.66	6.17334	0.454621
lcl|NW_015389955.1_cds_XP_029142377.1_20151	2949	2910.95	0	0
lcl|NW_015389956.1_cds_XP_015683359.1_20152	1230	1191.95	0	0
lcl|NW_015389957.1_cds_XP_015683360.1_20153	2412	2401.21	33	1.27993
lcl|NW_015389960.1_cds_XP_029142380.1_20154	1878	1694.4	16.4025	0.901565
lcl|NW_015389962.1_cds_XP_015683362.1_20155	1926	1956.06	16.9366	0.806392
lcl|NW_015389963.1_cds_XP_015683365.1_20156	1149	1013.56	4	0.367544
lcl|NW_015389963.1_cds_XP_015683364.1_20157	1731	1692.95	0	0
lcl|NW_015389964.1_cds_XP_015683366.1_20158	1068	1044.79	3	0.267419
lcl|NW_015389967.1_cds_XP_015683372.1_20159	1440	1401.95	0	0
lcl|NW_015389967.1_cds_XP_029142381.1_20160	12459	11543.8	15	0.121017
lcl|NW_015389967.1_cds_XP_015683369.1_20161	156	133.295	983.227	686.974
lcl|NW_015389969.1_cds_XP_015683373.1_20162	837	790.907	18	2.11957
lcl|NW_015389970.1_cds_XP_015683374.1_20163	1155	1114.65	948.808	79.2758
lcl|NW_015389971.1_cds_XP_029142382.1_20164	1956	1871.55	13	0.64691
lcl|NW_015389974.1_cds_XP_015683376.1_20165	1719	1596.77	42.4519	2.47603
lcl|NW_015389976.1_cds_XP_015683377.1_20166	1704	1512.05	1	0.0615935
lcl|NW_015389976.1_cds_XP_029142383.1_20167	4329	3816.7	3	0.073204
lcl|NW_015389976.1_cds_XP_015683381.1_20168	4407	3883.37	4.66449e-07	1.11866e-08
lcl|NW_015389976.1_cds_XP_015683378.1_20169	2406	2367.95	0	0
lcl|NW_015389976.1_cds_XP_029142385.1_20170	3063	3024.95	0	0
lcl|NW_015389976.1_cds_XP_029142386.1_20171	4014	3705.65	1	0.0251326
lcl|NW_015389979.1_cds_XP_015683382.1_20172	1962	1930.78	10.4937	0.506168
lcl|NW_015389983.1_cds_XP_029142388.1_20173	1755	1611.95	5	0.288881
lcl|NW_015389983.1_cds_XP_029142387.1_20174	614	522.43	126	22.4618
lcl|NW_015389983.1_cds_XP_029142389.1_20175	528	457.909	82	16.6777
lcl|NW_015389983.1_cds_XP_015683385.1_20176	2199	2090.31	2.75173	0.122602
lcl|NW_015389984.1_cds_XP_015683386.1_20177	984	920.783	16	1.61832
lcl|NW_015389986.1_cds_XP_015683390.1_20178	561	520.474	51.0694	9.13825
lcl|NW_015389986.1_cds_XP_015683388.1_20179	669	643.282	54.9306	7.9527
lcl|NW_015389986.1_cds_XP_029142390.1_20180	390	346.851	7	1.87956
lcl|NW_015389987.1_cds_XP_015683391.1_20181	1125	1086.95	0	0
lcl|NW_015389988.1_cds_XP_015683392.1_20182	1118	1083.96	22.449	1.92878
lcl|NW_015389988.1_cds_XP_015683393.1_20183	1446	1307.16	2249	160.236
lcl|NW_015389988.1_cds_XP_015683395.1_20184	1500	1401.68	823	54.6828
lcl|NW_015389988.1_cds_XP_015683394.1_20185	1788	1725.22	33	1.78144
lcl|NW_015389990.1_cds_XP_029142391.1_20186	1765	1760.82	2.02236	0.106966
lcl|NW_015389993.1_cds_XP_015683398.2_20187	336	302.825	2133.76	656.227
lcl|NW_015389993.1_cds_XP_015683397.1_20188	963	924.949	0	0
lcl|NW_015389993.1_cds_XP_015683400.2_20189	1434	1395.95	0	0
lcl|NW_015389993.1_cds_XP_015683403.1_20190	954	915.949	0	0
lcl|NW_015389993.1_cds_XP_029142392.1_20191	1512	1473.95	0	0
lcl|NW_015389993.1_cds_XP_015683401.1_20192	1362	1323.95	0	0
lcl|NW_015389993.1_cds_XP_015683402.1_20193	1293	1254.95	0	0
lcl|NW_015389994.1_cds_XP_015683404.1_20194	5424	5403.5	2	0.0344712
lcl|NW_015389996.1_cds_XP_029142393.1_20195	450	411.949	0	0
lcl|NW_015389999.1_cds_XP_015683405.1_20196	724	685.949	0	0
lcl|NW_015390002.1_cds_XP_015683408.2_20197	1875	1855.88	43	2.15785
lcl|NW_015390002.1_cds_XP_015683407.1_20198	1185	1117.97	8.20368	0.683407
lcl|NW_015390003.1_cds_XP_015683409.1_20199	1533	1494.95	0	0
lcl|NW_015390003.1_cds_XP_029142394.1_20200	1100	1061.95	0	0
lcl|NW_015390006.1_cds_XP_015683411.1_20201	1248	1295.34	242.08	17.405
lcl|NW_015390006.1_cds_XP_029142395.1_20202	3543	3700.71	60.4561	1.52145
lcl|NW_015390006.1_cds_XP_029142396.1_20203	1638	1677.62	24.0329	1.33417
lcl|NW_015390007.1_cds_XP_015683416.1_20204	261	202.046	119	54.8528
lcl|NW_015390007.1_cds_XP_015683415.1_20205	606	567.949	0	0
lcl|NW_015390007.1_cds_XP_015683419.1_20206	1431	1420.62	580.208	38.0372
lcl|NW_015390007.1_cds_XP_015683417.1_20207	996	996.314	71.7921	6.71092
lcl|NW_015390007.1_cds_XP_015683418.1_20208	1953	1896.59	37	1.81689
lcl|NW_015390008.1_cds_XP_015683421.1_20209	1581	1546.84	11	0.662289
lcl|NW_015390008.1_cds_XP_015683422.1_20210	3951	4107.68	82	1.85917
lcl|NW_015390010.1_cds_XP_015683423.1_20211	347	320.856	17	4.93447
lcl|NW_015390012.1_cds_XP_015683424.1_20212	588	549.949	0	0
lcl|NW_015390016.1_cds_XP_029142397.1_20213	1749	1710.95	0	0
lcl|NW_015390019.1_cds_XP_029142398.1_20214	5307	4892.78	9	0.171312
lcl|NW_015390019.1_cds_XP_015683426.1_20215	708	626.791	7.32595	1.08854
lcl|NW_015390019.1_cds_XP_015683427.1_20216	651	612.949	0	0
lcl|NW_015390022.1_cds_XP_015683428.2_20217	1731	1659.86	1	0.0561088
lcl|NW_015390023.1_cds_XP_015683429.1_20218	6061	5883.93	96.2568	1.52358
lcl|NW_015390024.1_cds_XP_015683430.1_20219	729	687.029	0	0
lcl|NW_015390024.1_cds_XP_015683433.1_20220	630	580.22	351	56.3399
lcl|NW_015390024.1_cds_XP_015683432.1_20221	1603	1588.52	82	4.80753
lcl|NW_015390026.1_cds_XP_015683434.1_20222	3819	3899.55	23	0.549306
lcl|NW_015390028.1_cds_XP_015683435.1_20223	4302	4286.71	41.8127	0.908417
lcl|NW_015390028.1_cds_XP_015683436.1_20224	777	739.878	4.17807	0.525917
lcl|NW_015390030.1_cds_XP_029142399.1_20225	1663	1624.95	0	0
lcl|NW_015390030.1_cds_XP_029142403.1_20226	3561	3249.97	20.1525	0.577499
lcl|NW_015390030.1_cds_XP_029142401.1_20227	1446	1375.57	2	0.135409
lcl|NW_015390030.1_cds_XP_029142400.1_20228	783	671.174	3	0.416282
lcl|NW_015390030.1_cds_XP_029142402.1_20229	6219	5892.52	18	0.284494
lcl|NW_015390033.1_cds_XP_015683443.1_20230	456	368.119	169	42.7563
lcl|NW_015390033.1_cds_XP_029142404.1_20231	1560	1512.98	2	0.123111
lcl|NW_015390035.1_cds_XP_015683445.1_20232	1464	1425.95	0	0
lcl|NW_015390035.1_cds_XP_029142405.1_20233	1044	977.042	2	0.190642
lcl|NW_015390035.1_cds_XP_015683446.1_20234	984	881.935	157	16.5792
lcl|NW_015390036.1_cds_XP_015683447.1_20235	930	891.949	0	0
lcl|NW_015390036.1_cds_XP_015683448.1_20236	1395	1314.65	152.166	10.7798
lcl|NW_015390038.1_cds_XP_015683450.1_20237	546	509.753	64	11.6929
lcl|NW_015390038.1_cds_XP_015683449.2_20238	1140	1101.95	0	0
lcl|NW_015390044.1_cds_XP_015683452.1_20239	777	693.925	0.343866	0.0461507
lcl|NW_015390045.1_cds_XP_015683458.1_20240	1677	1652.12	39	2.19849
lcl|NW_015390045.1_cds_XP_015683456.1_20241	1281	1313.22	1480.5	104.996
lcl|NW_015390045.1_cds_XP_015683457.1_20242	1281	1313.22	1480.5	104.996
lcl|NW_015390045.1_cds_XP_015683453.1_20243	1026	1005.12	93.5	8.66352
lcl|NW_015390045.1_cds_XP_015683454.1_20244	1026	1005.12	93.5	8.66352
lcl|NW_015390045.1_cds_XP_015683455.1_20245	1494	1485.01	18	1.12887
lcl|NW_015390046.1_cds_XP_029142406.1_20246	627	570.26	25	4.0829
lcl|NW_015390046.1_cds_XP_015683461.1_20247	255	216.949	0	0
lcl|NW_015390046.1_cds_XP_015683462.1_20248	612	512.51	24	4.36124
lcl|NW_015390048.1_cds_XP_015683464.1_20249	558	455.7	20.8918	4.26971
lcl|NW_015390049.1_cds_XP_029142407.1_20250	1437	1398.95	0	0
lcl|NW_015390051.1_cds_XP_015683466.1_20251	2393	2434.62	75.2642	2.87912
lcl|NW_015390052.1_cds_XP_015683467.1_20252	2061	2047.73	247.163	11.2412
lcl|NW_015390053.1_cds_XP_029142408.1_20253	612	573.949	0	0
lcl|NW_015390054.1_cds_XP_015683470.1_20254	1509	1492.07	176	10.9857
lcl|NW_015390054.1_cds_XP_015683469.1_20255	540	490.01	12	2.28075
lcl|NW_015390057.1_cds_XP_015683471.1_20256	393	355.46	1	0.262006
lcl|NW_015390057.1_cds_XP_015683473.1_20257	492	444.282	22	4.61174
lcl|NW_015390058.1_cds_XP_015683474.1_20258	1413	1318.67	2	0.141252
lcl|NW_015390058.1_cds_XP_015683476.1_20259	1578	1427.21	0	0
lcl|NW_015390058.1_cds_XP_015683475.1_20260	1785	1627.7	312	17.8518
lcl|NW_015390060.1_cds_XP_015683478.1_20261	1914	1875.95	0	0
lcl|NW_015390060.1_cds_XP_029142409.1_20262	3756	3443.47	2	0.0540922
lcl|NW_015390061.1_cds_XP_015683480.1_20263	588	466.89	1	0.199474
lcl|NW_015390063.1_cds_XP_029142410.1_20264	1896	1779.8	94.6338	4.95194
lcl|NW_015390063.1_cds_XP_015683483.1_20265	1785	1624.4	15.3391	0.879447
lcl|NW_015390064.1_cds_XP_029142412.1_20266	873	834.949	0	0
lcl|NW_015390064.1_cds_XP_029142411.1_20267	1584	1545.95	0	0
lcl|NW_015390064.1_cds_XP_015683486.1_20268	2055	2016.95	0	0
lcl|NW_015390064.1_cds_XP_029142413.1_20269	3540	3207.34	26	0.754971
lcl|NW_015390072.1_cds_XP_029142414.1_20270	1140	1103.93	6.05851	0.511124
lcl|NW_015390073.1_cds_XP_015683488.1_20271	1683	1597.87	257.713	15.0209
lcl|NW_015390075.1_cds_XP_015683489.1_20272	1239	1200.95	0	0
lcl|NW_015390075.1_cds_XP_015683491.1_20273	1441	1443.29	687	44.3307
lcl|NW_015390079.1_cds_XP_015683493.1_20274	444	405.949	0	0
lcl|NW_015390079.1_cds_XP_015683494.1_20275	3258	3320.48	20	0.560958
lcl|NW_015390080.1_cds_XP_015683497.1_20276	1017	1003.26	1048	97.2854
lcl|NW_015390080.1_cds_XP_015683495.1_20277	1023	1007.78	75	6.93101
lcl|NW_015390081.1_cds_XP_015683499.1_20278	5607	5167.26	109.488	1.97337
lcl|NW_015390081.1_cds_XP_015683498.1_20279	444	381.525	6	1.46463
lcl|NW_015390082.1_cds_XP_015683500.1_20280	1167	1128.95	0	0
lcl|NW_015390082.1_cds_XP_015683501.1_20281	858	819.949	0	0
lcl|NW_015390083.1_cds_XP_015683502.1_20282	687	639.84	0	0
lcl|NW_015390085.1_cds_XP_029142415.1_20283	765	726.949	0	0
lcl|NW_015390085.1_cds_XP_015683507.1_20284	336	264.14	121	42.6631
lcl|NW_015390085.1_cds_XP_015683505.1_20285	1443	1404.95	0	0
lcl|NW_015390085.1_cds_XP_015683504.1_20286	1308	1243.92	53	3.96812
lcl|NW_015390086.1_cds_XP_015683508.1_20287	492	449.66	2.07446	0.429656
lcl|NW_015390088.1_cds_XP_029142416.1_20288	2475	2271.6	3	0.122996
lcl|NW_015390088.1_cds_XP_015683510.1_20289	2088	2049.95	0	0
lcl|NW_015390090.1_cds_XP_015683511.1_20290	1872	1833.95	0	0
lcl|NW_015390092.1_cds_XP_015683512.1_20291	2404	2365.95	0	0
lcl|NW_015390092.1_cds_XP_015683517.1_20292	408	291.258	5	1.5988
lcl|NW_015390092.1_cds_XP_029142418.1_20293	1374	1309.34	4	0.284517
lcl|NW_015390092.1_cds_XP_015683514.1_20294	684	615.99	6	0.90715
lcl|NW_015390092.1_cds_XP_029142417.1_20295	780	705.393	6	0.792175
lcl|NW_015390092.1_cds_XP_015683519.1_20296	498	447.704	1574	327.427
lcl|NW_015390092.1_cds_XP_015683515.1_20297	2226	2106.43	9	0.39792
lcl|NW_015390092.1_cds_XP_015683516.1_20298	2145	2011.19	0	0
lcl|NW_015390094.1_cds_XP_015683520.1_20299	517	491.388	3	0.568589
lcl|NW_015390094.1_cds_XP_029142419.1_20300	687	648.949	0	0
lcl|NW_015390095.1_cds_XP_015683523.2_20301	768	657.744	35	4.95578
lcl|NW_015390096.1_cds_XP_015683524.1_20302	2277	2238.95	0	0
lcl|NW_015390096.1_cds_XP_015683525.1_20303	801	786.127	5	0.59235
lcl|NW_015390099.1_cds_XP_029142420.1_20304	900	870.656	0	0
lcl|NW_015390099.1_cds_XP_029142421.1_20305	888	869.129	1	0.107156
lcl|NW_015390099.1_cds_XP_029142422.1_20306	936	897.949	0	0
lcl|NW_015390100.1_cds_XP_015683527.1_20307	1077	999.154	7.93134	0.739291
lcl|NW_015390100.1_cds_XP_015683528.1_20308	762	705.588	5	0.659964
lcl|NW_015390101.1_cds_XP_015683529.1_20309	738	712.718	193.674	25.3078
lcl|NW_015390102.1_cds_XP_015683530.1_20310	846	819.667	53	6.02198
lcl|NW_015390103.1_cds_XP_015683531.2_20311	3866	3704.16	33	0.829708
lcl|NW_015390104.1_cds_XP_029142424.1_20312	925	797.086	1.56124	0.182417
lcl|NW_015390106.1_cds_XP_015683533.1_20313	213	178.196	0	0
lcl|NW_015390106.1_cds_XP_015683534.1_20314	2133	2094.95	0	0
lcl|NW_015390106.1_cds_XP_015683532.1_20315	594	555.949	0	0
lcl|NW_015390106.1_cds_XP_015683535.1_20316	402	363.949	0	0
lcl|NW_015390107.1_cds_XP_029142425.1_20317	1863	1729.84	268.844	14.4743
lcl|NW_015390108.1_cds_XP_015683538.1_20318	1926	1887.95	0	0
lcl|NW_015390108.1_cds_XP_029142426.1_20319	3102	3063.95	0	0
lcl|NW_015390111.1_cds_XP_015683540.1_20320	1254	1185.05	13	1.02166
lcl|NW_015390111.1_cds_XP_029142427.1_20321	942	890.687	1275	133.317
lcl|NW_015390113.1_cds_XP_015683542.1_20322	1199	1160.95	0	0
lcl|NW_015390116.1_cds_XP_029142428.1_20323	680	641.949	0	0
lcl|NW_015390117.1_cds_XP_015683544.1_20324	1413	1337.78	3	0.208852
lcl|NW_015390119.1_cds_XP_015683545.2_20325	1152	1010.24	62.1604	5.73047
lcl|NW_015390121.1_cds_XP_029142430.1_20326	10237	10198.9	0	0
lcl|NW_015390123.1_cds_XP_015683547.1_20327	1464	1435.41	2	0.129764
lcl|NW_015390123.1_cds_XP_015683549.1_20328	351	312.949	0	0
lcl|NW_015390125.1_cds_XP_015683550.2_20329	297	258.949	0	0
lcl|NW_015390125.1_cds_XP_015683551.1_20330	627	588.949	0	0
lcl|NW_015390125.1_cds_XP_015683552.1_20331	630	591.949	0	0
lcl|NW_015390125.1_cds_XP_015683553.1_20332	321	282.949	0	0
lcl|NW_015390127.1_cds_XP_015683555.1_20333	435	373.527	1151	286.982
lcl|NW_015390127.1_cds_XP_029142431.1_20334	2181	2036.23	176	8.04984
lcl|NW_015390127.1_cds_XP_015683558.1_20335	807	744.004	140	17.5248
lcl|NW_015390127.1_cds_XP_029142432.1_20336	270	228.305	457	186.424
lcl|NW_015390127.1_cds_XP_015683557.1_20337	1323	1253.88	3	0.222826
lcl|NW_015390128.1_cds_XP_015683559.1_20338	871	845.744	288.666	31.7876
lcl|NW_015390130.1_cds_XP_015683560.1_20339	489	428.541	13	2.82522
lcl|NW_015390130.1_cds_XP_015683561.1_20340	894	855.949	0	0
lcl|NW_015390130.1_cds_XP_015683562.1_20341	3039	2872.59	5	0.162106
lcl|NW_015390131.1_cds_XP_015683565.1_20342	489	445.96	107	22.3455
lcl|NW_015390131.1_cds_XP_015683566.1_20343	1509	1396.29	0	0
lcl|NW_015390131.1_cds_XP_015683567.1_20344	1419	1309.8	29	2.06203
lcl|NW_015390131.1_cds_XP_015683564.1_20345	1359	1240.41	100	7.50819
lcl|NW_015390134.1_cds_XP_015683570.1_20346	1674	1635.95	0	0
lcl|NW_015390134.1_cds_XP_015683571.1_20347	1674	1635.95	0	0
lcl|NW_015390134.1_cds_XP_015683569.1_20348	1068	1029.95	0	0
lcl|NW_015390136.1_cds_XP_029142433.1_20349	1695	1656.95	0	0
lcl|NW_015390140.1_cds_XP_015683572.1_20350	2463	2298.24	1	0.0405234
lcl|NW_015390140.1_cds_XP_015683574.1_20351	438	379.027	15	3.68572
lcl|NW_015390141.1_cds_XP_015683575.1_20352	681	642.949	0	0
lcl|NW_015390141.1_cds_XP_015683576.1_20353	324	258.931	10	3.59681
lcl|NW_015390141.1_cds_XP_015683577.1_20354	2130	2091.95	0	0
lcl|NW_015390141.1_cds_XP_015683582.1_20355	732	627.398	95	14.102
lcl|NW_015390141.1_cds_XP_029142435.1_20356	894	851.41	38	4.15668
lcl|NW_015390141.1_cds_XP_015683580.2_20357	1476	1362.94	2	0.136665
lcl|NW_015390141.1_cds_XP_029142434.1_20358	1866	1827.95	0	0
lcl|NW_015390142.1_cds_XP_015683583.2_20359	3873	3748.42	1	0.0248458
lcl|NW_015390145.1_cds_20360	465	426.949	0	0
lcl|NW_015390145.1_cds_20361	420	400.514	11.734	2.72854
lcl|NW_015390145.1_cds_20362	465	435.561	4.21169	0.900551
lcl|NW_015390145.1_cds_20363	519	493.458	6.81774	1.28674
lcl|NW_015390145.1_cds_20364	444	405.949	0	0
lcl|NW_015390145.1_cds_20365	423	398.72	2.65137	0.619304
lcl|NW_015390145.1_cds_20366	375	342.601	1.46884	0.399289
lcl|NW_015390145.1_cds_20367	534	517.098	7.75972	1.39757
lcl|NW_015390145.1_cds_20368	357	331.07	2.56962	0.722854
lcl|NW_015390145.1_cds_20369	366	335.398	8.04015	2.23257
lcl|NW_015390145.1_cds_20370	417	378.949	0	0
lcl|NW_015390145.1_cds_20371	432	417.087	3	0.669878
lcl|NW_015390148.1_cds_XP_015683586.1_20372	1095	1056.95	0	0
lcl|NW_015390149.1_cds_XP_029142436.1_20373	7668	8216.72	107.812	1.22199
lcl|NW_015390154.1_cds_XP_015683587.1_20374	513	478.565	25.2084	4.90576
lcl|NW_015390158.1_cds_XP_015683589.1_20375	1056	1066.21	36.0637	3.15014
lcl|NW_015390158.1_cds_XP_015683588.2_20376	1065	1075.41	0.0148643	0.00128728
lcl|NW_015390159.1_cds_XP_015683590.1_20377	2823	2784.95	0	0
lcl|NW_015390162.1_cds_XP_015683591.1_20378	1299	1228.27	1	0.0758239
lcl|NW_015390165.1_cds_XP_015683595.1_20379	2058	2018.56	66	3.04511
lcl|NW_015390165.1_cds_XP_015683593.1_20380	408	329.224	3	0.848655
lcl|NW_015390165.1_cds_XP_015683594.1_20381	414	375.949	0	0
lcl|NW_015390165.1_cds_XP_015683592.1_20382	628	561.187	36	5.97443
lcl|NW_015390166.1_cds_XP_029142439.1_20383	799	760.949	0	0
lcl|NW_015390168.1_cds_XP_015683598.1_20384	2052	2013.95	0	0
lcl|NW_015390169.1_cds_XP_029142440.1_20385	1695	1656.95	0	0
lcl|NW_015390169.1_cds_XP_015683599.1_20386	780	741.949	0	0
lcl|NW_015390170.1_cds_XP_015683601.1_20387	390	326.055	726	207.371
lcl|NW_015390170.1_cds_XP_029142442.1_20388	729	691.953	40.9499	5.5116
lcl|NW_015390170.1_cds_XP_029142441.1_20389	894	881.915	44.268	4.67481
lcl|NW_015390173.1_cds_XP_015683603.1_20390	366	326.415	446	127.253
lcl|NW_015390173.1_cds_XP_015683604.1_20391	912	804.329	4	0.463156
lcl|NW_015390176.1_cds_XP_015683606.1_20392	792	761.243	24.5481	3.00328
lcl|NW_015390177.1_cds_XP_029142443.1_20393	2388	2308.09	351	14.163
lcl|NW_015390177.1_cds_XP_015683608.1_20394	1755	1687.32	4	0.220782
lcl|NW_015390179.1_cds_XP_029142445.1_20395	1707	1668.95	0	0
lcl|NW_015390179.1_cds_XP_029142444.1_20396	450	411.949	0	0
lcl|NW_015390180.1_cds_XP_015683610.1_20397	1203	1095.84	25	2.12468
lcl|NW_015390180.1_cds_XP_015683616.1_20398	894	834.579	1268	141.499
lcl|NW_015390180.1_cds_XP_015683615.1_20399	408	369.949	0	0
lcl|NW_015390180.1_cds_XP_015683614.1_20400	378	309.885	0	0
lcl|NW_015390180.1_cds_XP_015683612.1_20401	606	520.703	2	0.357718
lcl|NW_015390180.1_cds_XP_015683611.1_20402	885	828.563	49.8916	5.60794
lcl|NW_015390182.1_cds_XP_015683618.2_20403	3484	3342	22	0.613081
lcl|NW_015390182.1_cds_XP_015683619.1_20404	420	381.949	0	0
lcl|NW_015390184.1_cds_XP_015683620.1_20405	618	501.131	1	0.185845
lcl|NW_015390184.1_cds_XP_015683622.2_20406	1134	1033.95	2	0.180149
lcl|NW_015390185.1_cds_XP_015683623.1_20407	1956	1927.39	41	1.98114
lcl|NW_015390185.1_cds_XP_029142446.1_20408	4041	4002.95	0	0
lcl|NW_015390188.1_cds_XP_015683626.1_20409	924	902.674	775	79.9599
lcl|NW_015390188.1_cds_XP_029142448.1_20410	703	666.405	1	0.139754
lcl|NW_015390189.1_cds_XP_015683627.1_20411	1509	1420.26	2	0.131148
lcl|NW_015390190.1_cds_XP_015683628.1_20412	735	674.963	3.25245	0.448779
lcl|NW_015390191.1_cds_XP_015683629.2_20413	1008	911.352	4	0.408766
lcl|NW_015390192.1_cds_XP_015683633.1_20414	1122	1011.16	37.6467	3.46742
lcl|NW_015390192.1_cds_XP_015683632.1_20415	1185	1065.06	23.76	2.07765
lcl|NW_015390192.1_cds_XP_015683635.1_20416	849	751.148	0	0
lcl|NW_015390192.1_cds_XP_015683634.1_20417	912	805.308	0	0
lcl|NW_015390192.1_cds_XP_015683631.1_20418	1161	1098.28	16	1.35678
lcl|NW_015390194.1_cds_XP_015683636.2_20419	2502	2463.95	0	0
lcl|NW_015390196.1_cds_XP_015683637.1_20420	810	771.949	0	0
lcl|NW_015390196.1_cds_XP_015683640.1_20421	726	655.24	9	1.27922
lcl|NW_015390196.1_cds_XP_015683641.1_20422	270	184.496	1	0.504794
lcl|NW_015390196.1_cds_XP_015683642.1_20423	1698	1410.14	5	0.330223
lcl|NW_015390196.1_cds_XP_015683638.1_20424	1998	1959.95	0	0
lcl|NW_015390197.1_cds_XP_015683643.1_20425	1071	1022.82	3.11003	0.283184
lcl|NW_015390197.1_cds_XP_015683644.1_20426	348	303.309	3	0.921164
lcl|NW_015390198.1_cds_XP_029142450.1_20427	2844	2774.19	7.24703	0.243291
lcl|NW_015390198.1_cds_XP_029142449.1_20428	543	504.949	0	0
lcl|NW_015390202.1_cds_XP_015683646.1_20429	1230	1162.16	9	0.721236
lcl|NW_015390207.1_cds_XP_015683653.2_20430	2373	2334.95	0	0
lcl|NW_015390207.1_cds_XP_029142451.1_20431	2490	2325.11	9	0.360495
lcl|NW_015390207.1_cds_XP_015683649.1_20432	558	461.168	31	6.26042
lcl|NW_015390207.1_cds_XP_015683650.2_20433	639	600.949	0	0
lcl|NW_015390207.1_cds_XP_015683651.1_20434	693	654.949	0	0
lcl|NW_015390207.1_cds_XP_015683652.1_20435	822	730.988	11	1.40147
lcl|NW_015390208.1_cds_XP_029142452.1_20436	2197	2149.92	1	0.043319
lcl|NW_015390209.1_cds_XP_015683655.1_20437	708	669.949	0	0
lcl|NW_015390211.1_cds_XP_015683657.1_20438	441	402.949	0	0
lcl|NW_015390211.1_cds_XP_015683658.1_20439	423	384.949	0	0
lcl|NW_015390211.1_cds_XP_015683659.1_20440	407	368.949	0	0
lcl|NW_015390213.1_cds_XP_015683661.1_20441	438	410.002	248	56.3336
lcl|NW_015390213.1_cds_XP_029142453.1_20442	1383	1344.95	0	0
lcl|NW_015390213.1_cds_XP_015683662.2_20443	1308	1269.95	0	0
lcl|NW_015390214.1_cds_XP_015683664.1_20444	1914	1758.73	1	0.0529544
lcl|NW_015390214.1_cds_XP_015683663.1_20445	2103	1949.98	0	0
lcl|NW_015390216.1_cds_XP_015683665.1_20446	2599	2635.87	1	0.0353327
lcl|NW_015390217.1_cds_XP_029142454.1_20447	2376	2269.5	2	0.0820732
lcl|NW_015390217.1_cds_XP_015683666.1_20448	624	585.949	0	0
lcl|NW_015390221.1_cds_XP_029142455.1_20449	438	393.017	6	1.42181
lcl|NW_015390221.1_cds_XP_015683670.1_20450	795	737.772	181	22.8485
lcl|NW_015390223.1_cds_XP_029142456.1_20451	387	357.779	315	81.9968
lcl|NW_015390223.1_cds_XP_015683672.1_20452	486	447.949	0	0
lcl|NW_015390223.1_cds_XP_015683673.1_20453	1407	1416.66	9	0.591668
lcl|NW_015390224.1_cds_XP_015683675.1_20454	774	736.288	1	0.126489
lcl|NW_015390224.1_cds_XP_015683676.1_20455	741	678.549	11.4885	1.57682
lcl|NW_015390225.1_cds_XP_029142457.1_20456	1035	996.949	0	0
lcl|NW_015390226.1_cds_XP_015683678.1_20457	2103	2064.95	0	0
lcl|NW_015390227.1_cds_XP_015683679.2_20458	1950	1958.35	29172.7	1387.35
lcl|NW_015390228.1_cds_XP_029142458.1_20459	3209	3029.21	8.73221	0.26847
lcl|NW_015390229.1_cds_XP_015683681.1_20460	717	586.972	78	12.3759
lcl|NW_015390231.1_cds_XP_015683682.1_20461	3198	3266.35	818	23.3234
lcl|NW_015390231.1_cds_XP_015683683.1_20462	717	678.949	0	0
lcl|NW_015390232.1_cds_XP_029142460.1_20463	393	338.785	2.12468e-08	5.84078e-09
lcl|NW_015390232.1_cds_XP_029142461.1_20464	852	799.272	0	0
lcl|NW_015390232.1_cds_XP_029142459.1_20465	704	665.949	0	0
lcl|NW_015390233.1_cds_XP_015683688.2_20466	684	604.018	3.01681	0.465157
lcl|NW_015390236.1_cds_XP_015683691.1_20467	1095	1036.19	582.037	52.3133
lcl|NW_015390236.1_cds_XP_015683692.1_20468	1095	1036.19	582.037	52.3133
lcl|NW_015390236.1_cds_XP_015683690.1_20469	756	698.98	0	0
lcl|NW_015390237.1_cds_XP_015683693.1_20470	1377	1233.81	8	0.60387
lcl|NW_015390237.1_cds_XP_015683694.1_20471	543	504.949	0	0
lcl|NW_015390238.1_cds_XP_015683695.1_20472	1071	959.234	1	0.0970905
lcl|NW_015390238.1_cds_XP_015683697.1_20473	2351	2312.95	0	0
lcl|NW_015390240.1_cds_XP_015683699.1_20474	1110	1083.2	3	0.257938
lcl|NW_015390240.1_cds_XP_015683698.1_20475	1152	1114.25	0	0
lcl|NW_015390240.1_cds_XP_015683700.1_20476	3771	3863.14	42	1.01254
lcl|NW_015390250.1_cds_XP_015683707.2_20477	3189	2996.18	29.7079	0.923434
lcl|NW_015390250.1_cds_XP_015683701.1_20478	639	557.514	14.4342	2.41123
lcl|NW_015390250.1_cds_XP_015683702.1_20479	951	912.069	82.809	8.45574
lcl|NW_015390250.1_cds_XP_015683703.1_20480	951	912.069	82.809	8.45574
lcl|NW_015390250.1_cds_XP_015683706.1_20481	1944	1840.45	31	1.56869
lcl|NW_015390250.1_cds_XP_029142462.1_20482	549	479.987	0.27512	0.0533819
lcl|NW_015390251.1_cds_XP_015683709.1_20483	867	828.949	0	0
lcl|NW_015390251.1_cds_XP_015683708.1_20484	1443	1294.55	106.913	7.69152
lcl|NW_015390253.1_cds_XP_015683710.1_20485	1234	1083.36	2.78107	0.239077
lcl|NW_015390254.1_cds_XP_015683711.1_20486	327	286.489	32.6606	10.6174
lcl|NW_015390254.1_cds_XP_015683712.2_20487	1078	1061.54	174.965	15.3503
lcl|NW_015390255.1_cds_XP_015683715.1_20488	645	541.32	20.2486	3.48371
lcl|NW_015390255.1_cds_XP_015683713.2_20489	1515	1374.02	3	0.203343
lcl|NW_015390255.1_cds_XP_015683714.1_20490	1311	1108.47	3	0.252058
lcl|NW_015390257.1_cds_XP_015683717.1_20491	244	205.949	0	0
lcl|NW_015390259.1_cds_XP_029142465.1_20492	1353	1332.68	6.59049	0.460568
lcl|NW_015390259.1_cds_XP_029142464.1_20493	1047	968.389	9.61686	0.924878
lcl|NW_015390259.1_cds_XP_029142463.1_20494	1284	1216.95	30.3679	2.32404
lcl|NW_015390259.1_cds_XP_015683718.1_20495	1233	1212.3	7.94834	0.610614
lcl|NW_015390259.1_cds_XP_015683719.1_20496	2142	2133.13	2.83464	0.12376
lcl|NW_015390260.1_cds_XP_015683721.2_20497	765	711.436	29	3.79633
lcl|NW_015390260.1_cds_XP_029142466.1_20498	507	411.373	23	5.20707
lcl|NW_015390262.1_cds_XP_015683723.1_20499	1269	1143.32	17	1.38478
lcl|NW_015390263.1_cds_XP_029142467.1_20500	957	918.949	0	0
lcl|NW_015390263.1_cds_XP_029142469.1_20501	936	941.08	1	0.0989635
lcl|NW_015390263.1_cds_XP_029142468.1_20502	945	906.949	0	0
lcl|NW_015390263.1_cds_XP_015683726.1_20503	942	903.949	0	0
lcl|NW_015390263.1_cds_XP_015683728.1_20504	936	897.949	0	0
lcl|NW_015390263.1_cds_XP_015683729.1_20505	975	936.949	0	0
lcl|NW_015390263.1_cds_XP_015683730.1_20506	945	906.949	0	0
lcl|NW_015390263.1_cds_XP_015683731.1_20507	939	900.949	0	0
lcl|NW_015390263.1_cds_XP_015683732.1_20508	939	900.949	0	0
lcl|NW_015390263.1_cds_XP_015683733.1_20509	939	900.949	0	0
lcl|NW_015390265.1_cds_XP_015683734.1_20510	444	377.203	73.0295	18.0312
lcl|NW_015390267.1_cds_XP_015683736.1_20511	462	423.949	0	0
lcl|NW_015390267.1_cds_XP_015683737.1_20512	462	423.949	0	0
lcl|NW_015390267.1_cds_XP_015683738.1_20513	357	318.949	0	0
lcl|NW_015390267.1_cds_XP_029142471.1_20514	453	414.949	0	0
lcl|NW_015390269.1_cds_XP_029142472.1_20515	1024	985.233	113.285	10.7086
lcl|NW_015390269.1_cds_XP_015683740.1_20516	627	587.794	4.59621	0.728242
lcl|NW_015390270.1_cds_XP_015683741.1_20517	916	868.805	1	0.107196
lcl|NW_015390271.1_cds_XP_015683742.1_20518	789	750.949	0	0
lcl|NW_015390271.1_cds_XP_015683743.1_20519	987	948.949	0	0
lcl|NW_015390271.1_cds_XP_015683744.1_20520	1092	1053.95	0	0
lcl|NW_015390271.1_cds_XP_015683745.1_20521	1509	1438.3	19	1.23029
lcl|NW_015390271.1_cds_XP_029142474.1_20522	1686	1602.26	29	1.68564
lcl|NW_015390271.1_cds_XP_029142473.1_20523	2436	2334.06	1.49547	0.0596716
lcl|NW_015390271.1_cds_XP_015683750.1_20524	1263	1180.12	2	0.157836
lcl|NW_015390271.1_cds_XP_015683749.1_20525	750	689.389	8	1.08075
lcl|NW_015390271.1_cds_XP_015683751.1_20526	2508	2292.53	209	8.49049
lcl|NW_015390272.1_cds_XP_015683752.1_20527	1006	950.347	61.5143	6.0283
lcl|NW_015390272.1_cds_XP_015683753.1_20528	399	382.402	38	9.25474
lcl|NW_015390274.1_cds_XP_015683754.1_20529	1644	1648.61	1	0.0564915
lcl|NW_015390275.1_cds_XP_015683756.1_20530	292	239.333	6	2.3348
lcl|NW_015390275.1_cds_XP_015683757.1_20531	1269	1244.56	50.49	3.77826
lcl|NW_015390277.1_cds_XP_015683758.1_20532	417	378.949	0	0
lcl|NW_015390279.1_cds_XP_015683759.1_20533	1062	1023.95	0	0
lcl|NW_015390279.1_cds_XP_015683760.1_20534	924	885.949	0	0
lcl|NW_015390283.1_cds_XP_015683762.1_20535	1917	1846.76	93	4.69002
lcl|NW_015390283.1_cds_XP_015683761.1_20536	561	526.017	96	16.997
lcl|NW_015390284.1_cds_XP_015683763.1_20537	471	458.561	3.03771	0.616951
lcl|NW_015390288.1_cds_XP_015683767.1_20538	4917	4537.54	105	2.15511
lcl|NW_015390288.1_cds_XP_015683766.1_20539	1515	1318.91	2	0.141226
lcl|NW_015390288.1_cds_XP_015683764.1_20540	600	510.745	3	0.547039
lcl|NW_015390289.1_cds_XP_015683768.1_20541	888	803.349	34	3.94163
lcl|NW_015390289.1_cds_XP_015683770.1_20542	342	294.877	11	3.47418
lcl|NW_015390292.1_cds_XP_029142476.1_20543	3282	3286.68	101	2.86197
lcl|NW_015390292.1_cds_XP_029142475.1_20544	2679	2542.57	4	0.146517
lcl|NW_015390294.1_cds_XP_015683773.1_20545	888	811.096	54	6.20045
lcl|NW_015390295.1_cds_XP_015683774.1_20546	1084	1055.26	1	0.0882558
lcl|NW_015390297.1_cds_XP_015683776.1_20547	2187	1981.71	1.67135	0.078547
lcl|NW_015390297.1_cds_XP_015683775.1_20548	2223	2111.6	21	0.926209
lcl|NW_015390299.1_cds_XP_015683778.2_20549	1668	1563.38	3.21435	0.191483
lcl|NW_015390299.1_cds_XP_029142477.1_20550	2352	2205.95	6	0.253313
lcl|NW_015390299.1_cds_XP_015683780.1_20551	780	741.949	0	0
lcl|NW_015390299.1_cds_XP_015683781.1_20552	705	666.949	0	0
lcl|NW_015390300.1_cds_XP_015683782.1_20553	3036	2869.07	12.2044	0.396165
lcl|NW_015390301.1_cds_XP_015683789.1_20554	735	676.295	8.12556	1.11897
lcl|NW_015390301.1_cds_XP_015683784.1_20555	255	216.905	32	13.7398
lcl|NW_015390301.1_cds_XP_015683783.1_20556	1446	1359.8	1	0.0684899
lcl|NW_015390301.1_cds_XP_015683785.1_20557	909	815.483	38.2311	4.36619
lcl|NW_015390301.1_cds_XP_029142478.1_20558	942	823.63	1.42207	0.160802
lcl|NW_015390301.1_cds_XP_029142479.1_20559	985	870.261	2	0.214034
lcl|NW_015390303.1_cds_XP_029142480.1_20560	3300	3498.4	24.376	0.648925
lcl|NW_015390304.1_cds_XP_015683792.1_20561	1160	1139.37	3	0.24522
lcl|NW_015390305.1_cds_XP_029142481.1_20562	1521	1482.95	0	0
lcl|NW_015390305.1_cds_XP_015683795.1_20563	1155	1114.33	11	0.919345
lcl|NW_015390306.1_cds_XP_015683796.1_20564	297	258.949	0	0
lcl|NW_015390306.1_cds_XP_015683802.1_20565	411	372.949	0	0
lcl|NW_015390306.1_cds_XP_015683800.1_20566	381	342.949	0	0
lcl|NW_015390306.1_cds_XP_015683797.1_20567	375	336.949	0	0
lcl|NW_015390306.1_cds_XP_015683798.1_20568	4017	3739.4	18	0.448303
lcl|NW_015390306.1_cds_XP_015683799.1_20569	2049	2045.38	1	0.0455331
lcl|NW_015390307.1_cds_XP_015683805.1_20570	354	315.949	0	0
lcl|NW_015390309.1_cds_XP_015683806.1_20571	6672	6675.39	25.3789	0.354077
lcl|NW_015390311.1_cds_XP_015683807.1_20572	828	789.949	0	0
lcl|NW_015390311.1_cds_XP_029142482.1_20573	5511	5169.68	30	0.540454
lcl|NW_015390312.1_cds_XP_015683809.1_20574	1320	1281.95	0	0
lcl|NW_015390312.1_cds_XP_015683810.1_20575	276	233.01	1	0.399694
lcl|NW_015390315.1_cds_XP_015683812.1_20576	2820	2781.95	0	0
lcl|NW_015390318.1_cds_XP_015683813.2_20577	963	845.76	13	1.43152
lcl|NW_015390318.1_cds_XP_015683815.1_20578	894	757.975	1	0.12287
lcl|NW_015390318.1_cds_XP_015683814.1_20579	303	231.217	261.281	105.242
lcl|NW_015390318.1_cds_XP_015683816.1_20580	756	656.533	5.52026	0.783076
lcl|NW_015390319.1_cds_XP_015683817.1_20581	579	515.569	5094.81	920.327
lcl|NW_015390320.1_cds_XP_015683822.1_20582	2037	1998.95	0	0
lcl|NW_015390320.1_cds_XP_015683819.1_20583	2061	2022.95	0	0
lcl|NW_015390320.1_cds_XP_015683820.1_20584	450	408.245	17	3.87819
lcl|NW_015390320.1_cds_XP_015683821.2_20585	2050	2011.95	0	0
lcl|NW_015390321.1_cds_XP_015683823.1_20586	744	705.949	0	0
lcl|NW_015390322.1_cds_XP_015683827.1_20587	525	441.434	1	0.210977
lcl|NW_015390322.1_cds_XP_029142483.1_20588	681	654.255	19	2.70463
lcl|NW_015390322.1_cds_XP_015683826.1_20589	798	690.932	58	7.81797
lcl|NW_015390324.1_cds_XP_015683828.1_20590	3666	3383.77	4	0.110093
lcl|NW_015390326.1_cds_XP_015683829.1_20591	615	534.787	2.56842	0.447287
lcl|NW_015390326.1_cds_XP_029142484.1_20592	2199	2160.95	0	0
lcl|NW_015390326.1_cds_XP_029142487.1_20593	1797	1644.75	9.48725	0.537206
lcl|NW_015390326.1_cds_XP_015683832.1_20594	1605	1471.39	39.5127	2.50098
lcl|NW_015390326.1_cds_XP_015683830.1_20595	4728	4689.95	0	0
lcl|NW_015390326.1_cds_XP_015683835.1_20596	1242	1071.36	1	0.0869292
lcl|NW_015390326.1_cds_XP_029142486.1_20597	993	832.288	3	0.335698
lcl|NW_015390326.1_cds_XP_015683836.1_20598	756	596.903	3.36223	0.524596
lcl|NW_015390328.1_cds_XP_015683839.1_20599	636	645.833	0	0
lcl|NW_015390328.1_cds_XP_015683838.1_20600	684	701.367	29.6729	3.94018
lcl|NW_015390328.1_cds_XP_015683842.1_20601	576	590.411	50.2488	7.92634
lcl|NW_015390328.1_cds_XP_015683840.1_20602	624	645.956	31.8342	4.58979
lcl|NW_015390328.1_cds_XP_015683841.1_20603	618	634.45	6.68165	0.980816
lcl|NW_015390329.1_cds_XP_015683843.1_20604	1095	1077.99	130	11.2313
lcl|NW_015390330.1_cds_XP_015683849.2_20605	2280	2304.08	41.9722	1.69655
lcl|NW_015390330.1_cds_XP_029142488.1_20606	2265	2192.56	27.9628	1.18777
lcl|NW_015390330.1_cds_XP_029142489.1_20607	3330	3223.25	19.3197	0.558224
lcl|NW_015390330.1_cds_XP_029142490.1_20608	2064	1973.37	4	0.188778
lcl|NW_015390330.1_cds_XP_015683847.1_20609	318	262.889	2.39892	0.849853
lcl|NW_015390330.1_cds_XP_015683848.1_20610	483	427.084	2.60108	0.567207
lcl|NW_015390332.1_cds_XP_015683850.1_20611	1245	1153.1	38	3.06915
lcl|NW_015390332.1_cds_XP_015683851.1_20612	1111	1072.95	0	0
lcl|NW_015390335.1_cds_XP_015683852.1_20613	1803	1764.95	0	0
lcl|NW_015390335.1_cds_XP_029142491.1_20614	2217	2178.95	0	0
lcl|NW_015390336.1_cds_XP_015683853.1_20615	1311	1272.95	0	0
lcl|NW_015390339.1_cds_XP_015683854.2_20616	1794	1545.51	1.00654	0.060654
lcl|NW_015390339.1_cds_XP_015683856.1_20617	1005	966.949	0	0
lcl|NW_015390340.1_cds_XP_015683857.1_20618	306	269.233	5	1.72959
lcl|NW_015390342.1_cds_XP_015683858.1_20619	963	924.949	0	0
lcl|NW_015390342.1_cds_XP_015683859.1_20620	1065	1017.24	1	0.0915545
lcl|NW_015390344.1_cds_XP_015683860.2_20621	1584	1545.95	0	0
lcl|NW_015390345.1_cds_XP_015683862.1_20622	348	331.145	0.666667	0.187496
lcl|NW_015390345.1_cds_XP_029142492.1_20623	348	331.145	0.666667	0.187496
lcl|NW_015390345.1_cds_XP_029142493.1_20624	348	331.145	0.666667	0.187496
lcl|NW_015390345.1_cds_XP_015683864.1_20625	501	416.059	725	162.287
lcl|NW_015390345.1_cds_XP_015683861.1_20626	2550	2511.95	0	0
lcl|NW_015390348.1_cds_XP_015683865.1_20627	654	612.068	14	2.13025
lcl|NW_015390351.1_cds_XP_015683866.1_20628	1212	1173.95	0	0
lcl|NW_015390351.1_cds_XP_029142494.1_20629	3180	2864.9	48	1.56039
lcl|NW_015390351.1_cds_XP_015683868.1_20630	591	552.827	73.2932	12.3474
lcl|NW_015390353.1_cds_XP_015683869.1_20631	768	729.949	0	0
lcl|NW_015390354.1_cds_XP_015683870.1_20632	363	324.949	0	0
lcl|NW_015390355.1_cds_XP_015683871.1_20633	1674	1499.84	6	0.37257
lcl|NW_015390357.1_cds_XP_015683872.1_20634	1603	1578.16	2	0.118027
lcl|NW_015390357.1_cds_XP_015683873.2_20635	525	466.415	131	26.1577
lcl|NW_015390359.1_cds_XP_015683875.1_20636	558	496.991	8.05973	1.51034
lcl|NW_015390359.1_cds_XP_015683874.1_20637	720	612.216	1	0.152124
lcl|NW_015390363.1_cds_XP_015683876.1_20638	1638	1599.95	0	0
lcl|NW_015390363.1_cds_XP_015683877.1_20639	3348	3309.95	0	0
lcl|NW_015390363.1_cds_XP_015683879.1_20640	2238	2199.95	0	0
lcl|NW_015390364.1_cds_XP_015683881.1_20641	957	918.949	0	0
lcl|NW_015390364.1_cds_XP_015683880.1_20642	606	567.949	0	0
lcl|NW_015390364.1_cds_XP_015683884.1_20643	552	490.007	32.3099	6.14094
lcl|NW_015390364.1_cds_XP_029142495.1_20644	1137	1083.96	60	5.15514
lcl|NW_015390365.1_cds_XP_015683885.1_20645	1152	1043.8	35.3807	3.15682
lcl|NW_015390365.1_cds_XP_015683886.1_20646	1773	1734.95	0	0
lcl|NW_015390366.1_cds_XP_015683888.1_20647	514	475.949	0	0
lcl|NW_015390370.1_cds_XP_029142496.1_20648	1104	1065.95	0	0
lcl|NW_015390372.1_cds_XP_029142497.1_20649	648	609.949	0	0
lcl|NW_015390372.1_cds_XP_015683889.1_20650	2079	2040.95	0	0
lcl|NW_015390373.1_cds_XP_015683890.1_20651	1083	1044.95	0	0
lcl|NW_015390375.1_cds_XP_015683891.1_20652	3261	3091.12	31.5922	0.951843
lcl|NW_015390375.1_cds_XP_015683892.1_20653	771	670.409	12.6456	1.75672
lcl|NW_015390377.1_cds_XP_015683893.1_20654	441	401.078	7	1.62544
lcl|NW_015390377.1_cds_XP_015683894.1_20655	969	939.198	17	1.68575
lcl|NW_015390382.1_cds_XP_015683895.1_20656	303	267.358	29	10.102
lcl|NW_015390383.1_cds_XP_029142498.1_20657	669	596.55	145.443	22.7063
lcl|NW_015390383.1_cds_XP_015683897.2_20658	1278	1208.49	47	3.62207
lcl|NW_015390386.1_cds_XP_015683899.1_20659	414	378.606	7.08342	1.74244
lcl|NW_015390387.1_cds_XP_029142499.1_20660	2058	2063.11	38.3889	1.73295
lcl|NW_015390391.1_cds_XP_015683902.1_20661	1281	1141.44	17	1.38706
lcl|NW_015390391.1_cds_XP_015683901.1_20662	519	480.949	0	0
lcl|NW_015390393.1_cds_XP_015683903.1_20663	2576	2537.95	0	0
lcl|NW_015390393.1_cds_XP_029142501.1_20664	2070	2056.09	3.13506	0.142005
lcl|NW_015390394.1_cds_XP_015683906.1_20665	1026	918.048	1	0.101446
lcl|NW_015390395.1_cds_XP_015683914.1_20666	432	327.181	2	0.569303
lcl|NW_015390395.1_cds_XP_015683908.1_20667	426	335.241	891	247.526
lcl|NW_015390395.1_cds_XP_029142502.1_20668	675	636.949	0	0
lcl|NW_015390395.1_cds_XP_029142503.1_20669	666	571.366	38	6.194
lcl|NW_015390395.1_cds_XP_015683909.1_20670	879	773.647	1	0.120381
lcl|NW_015390395.1_cds_XP_015683913.1_20671	348	273.109	4	1.36404
lcl|NW_015390401.1_cds_XP_015683919.1_20672	1179	1066.4	13	1.13533
lcl|NW_015390401.1_cds_XP_015683917.1_20673	408	336.823	17	4.70055
lcl|NW_015390401.1_cds_XP_015683915.1_20674	2634	2595.95	0	0
lcl|NW_015390401.1_cds_XP_015683916.1_20675	2430	2177.16	72	3.07995
lcl|NW_015390403.1_cds_XP_029142504.1_20676	1671	1467.46	1	0.0634652
lcl|NW_015390407.1_cds_XP_015683921.1_20677	588	521.038	5	0.893721
lcl|NW_015390408.1_cds_XP_029142505.1_20678	1663	1540.13	507.587	30.694
lcl|NW_015390408.1_cds_XP_015683923.1_20679	739	708.519	30.1169	3.95876
lcl|NW_015390410.1_cds_XP_015683924.1_20680	576	479.662	1	0.194163
lcl|NW_015390412.1_cds_XP_029142506.1_20681	843	785.146	0	0
lcl|NW_015390412.1_cds_XP_015683928.2_20682	780	741.949	0	0
lcl|NW_015390413.1_cds_XP_015683929.1_20683	1290	1251.95	0	0
lcl|NW_015390413.1_cds_XP_015683930.1_20684	507	441.92	56.2239	11.8489
lcl|NW_015390415.1_cds_XP_015683931.1_20685	447	378.4	1	0.246122
lcl|NW_015390417.1_cds_XP_015683932.1_20686	3288	3249.95	0	0
lcl|NW_015390418.1_cds_XP_029142507.1_20687	2784	2745.95	0	0
lcl|NW_015390419.1_cds_XP_015683934.1_20688	663	577.496	3	0.483808
lcl|NW_015390420.1_cds_XP_015683935.1_20689	711	678.351	34	4.66794
lcl|NW_015390421.1_cds_XP_029142508.1_20690	1540	1501.95	0	0
lcl|NW_015390421.1_cds_XP_015683938.2_20691	1509	1334.11	313.441	21.8809
lcl|NW_015390422.1_cds_XP_029142509.1_20692	894	855.949	0	0
lcl|NW_015390424.1_cds_XP_029142510.1_20693	2289	2360.79	12	0.473396
lcl|NW_015390425.1_cds_XP_029142511.1_20694	1359	1210.62	5.63174	0.433247
lcl|NW_015390428.1_cds_XP_015683942.1_20695	663	625.679	2	0.297701
lcl|NW_015390431.1_cds_XP_029142512.1_20696	543	504.949	0	0
lcl|NW_015390431.1_cds_XP_015683943.1_20697	312	273.949	0	0
lcl|NW_015390436.1_cds_XP_029142515.1_20698	921	882.949	0	0
lcl|NW_015390436.1_cds_XP_029142514.1_20699	936	897.949	0	0
lcl|NW_015390436.1_cds_XP_029142513.1_20700	945	906.949	0	0
lcl|NW_015390441.1_cds_XP_015683948.1_20701	717	703.43	16	2.11836
lcl|NW_015390441.1_cds_XP_015683949.1_20702	1065	1026.95	0	0
lcl|NW_015390442.1_cds_XP_015683950.1_20703	3321	2932.82	9	0.285798
lcl|NW_015390442.1_cds_XP_015683951.1_20704	729	690.949	0	0
lcl|NW_015390442.1_cds_XP_015683952.1_20705	2112	1894.03	5	0.245858
lcl|NW_015390443.1_cds_XP_015683953.1_20706	1653	1583.75	15.795	0.928828
lcl|NW_015390444.1_cds_XP_015683954.1_20707	468	406.356	5	1.14595
lcl|NW_015390446.1_cds_XP_015683956.1_20708	285	219.083	7.71916	3.28143
lcl|NW_015390446.1_cds_XP_015683957.1_20709	1257	1093.68	8.47974	0.722092
lcl|NW_015390447.1_cds_XP_029142516.1_20710	1447	1408.95	0	0
lcl|NW_015390448.1_cds_XP_015683958.1_20711	324	259.465	8	2.87152
lcl|NW_015390448.1_cds_XP_015683961.1_20712	318	279.949	0	0
lcl|NW_015390448.1_cds_XP_015683962.1_20713	870	808.558	1	0.115183
lcl|NW_015390448.1_cds_XP_015683959.1_20714	1965	1926.95	0	0
lcl|NW_015390448.1_cds_XP_015683960.1_20715	277	238.949	0	0
lcl|NW_015390454.1_cds_XP_015683963.1_20716	1638	1560.34	3	0.179062
lcl|NW_015390455.1_cds_XP_015683966.1_20717	1470	1431.95	0	0
lcl|NW_015390455.1_cds_XP_015683964.1_20718	783	667.924	2	0.278871
lcl|NW_015390456.1_cds_XP_015683967.1_20719	1971	1843.69	8.38963	0.423796
lcl|NW_015390462.1_cds_XP_015683968.1_20720	720	655.72	12.9403	1.83792
lcl|NW_015390464.1_cds_XP_029142518.1_20721	2386	2283.85	10.6428	0.434001
lcl|NW_015390464.1_cds_XP_029142517.1_20722	1605	1566.95	0	0
lcl|NW_015390464.1_cds_XP_015683971.2_20723	1587	1548.95	0	0
lcl|NW_015390465.1_cds_XP_015683972.1_20724	1722	1683.95	0	0
lcl|NW_015390465.1_cds_XP_015683974.1_20725	1644	1605.95	0	0
lcl|NW_015390466.1_cds_XP_015683975.1_20726	1440	1401.95	0	0
lcl|NW_015390468.1_cds_XP_015683976.1_20727	849	797.661	1.46167	0.17066
lcl|NW_015390469.1_cds_XP_015683978.1_20728	766	664.252	1	0.140207
lcl|NW_015390469.1_cds_XP_029142520.1_20729	2280	2241.95	0	0
lcl|NW_015390475.1_cds_XP_029142521.1_20730	2115	2140.47	15	0.652656
lcl|NW_015390477.1_cds_XP_015683980.1_20731	570	481.703	8	1.54672
lcl|NW_015390477.1_cds_XP_029142522.1_20732	1290	1251.95	0	0
lcl|NW_015390482.1_cds_XP_015683981.1_20733	930	903.533	59.8525	6.16935
lcl|NW_015390483.1_cds_XP_015683982.1_20734	771	732.949	0	0
lcl|NW_015390483.1_cds_XP_015683983.1_20735	288	249.949	0	0
lcl|NW_015390484.1_cds_XP_015683985.1_20736	1191	1124.33	819	67.8411
lcl|NW_015390484.1_cds_XP_015683984.1_20737	1161	1061.61	10	0.87728
lcl|NW_015390489.1_cds_XP_015683986.1_20738	702	663.949	0	0
lcl|NW_015390489.1_cds_XP_029142523.1_20739	1131	1021.48	1	0.091174
lcl|NW_015390489.1_cds_XP_015683989.1_20740	444	389.636	1	0.239024
lcl|NW_015390489.1_cds_XP_015683990.1_20741	387	348.949	0	0
lcl|NW_015390493.1_cds_XP_015683991.1_20742	741	733.113	1	0.127037
lcl|NW_015390496.1_cds_XP_015683992.1_20743	486	447.949	0	0
lcl|NW_015390496.1_cds_XP_015683995.1_20744	1614	1440.19	26	1.68134
lcl|NW_015390496.1_cds_XP_015683994.2_20745	1800	1531.52	2	0.121621
lcl|NW_015390496.1_cds_XP_015683993.1_20746	1983	1802.23	3	0.155029
lcl|NW_015390497.1_cds_XP_015683996.1_20747	1569	1530.95	0	0
lcl|NW_015390498.1_cds_XP_015683997.1_20748	645	606.949	0	0
lcl|NW_015390499.1_cds_XP_015683999.1_20749	2518	2562.39	60	2.18076
lcl|NW_015390500.1_cds_XP_015684000.1_20750	2643	2379.88	2	0.0782667
lcl|NW_015390501.1_cds_XP_029142525.1_20751	1968	1822.78	1	0.0510935
lcl|NW_015390501.1_cds_XP_015684001.1_20752	264	225.949	0	0
lcl|NW_015390504.1_cds_XP_015684002.1_20753	441	402.949	0	0
lcl|NW_015390505.1_cds_XP_029142526.1_20754	1713	1674.95	0	0
lcl|NW_015390505.1_cds_XP_015684003.1_20755	1812	1773.95	0	0
lcl|NW_015390505.1_cds_XP_029142527.1_20756	1080	1041.95	0	0
lcl|NW_015390505.1_cds_XP_015684005.1_20757	1329	1380.42	18	1.2144
lcl|NW_015390511.1_cds_XP_029142528.1_20758	678	639.949	0	0
lcl|NW_015390511.1_cds_XP_015684007.1_20759	1314	1275.95	0	0
lcl|NW_015390511.1_cds_XP_015684006.1_20760	447	408.949	0	0
lcl|NW_015390516.1_cds_XP_015684008.1_20761	954	947.996	37	3.63494
lcl|NW_015390521.1_cds_XP_015684012.1_20762	1404	1282.57	0.0999342	0.00725659
lcl|NW_015390521.1_cds_XP_029142529.1_20763	1398	1277.08	4.90007	0.357342
lcl|NW_015390521.1_cds_XP_015684011.1_20764	780	663.036	11	1.5451
lcl|NW_015390521.1_cds_XP_015684010.1_20765	249	187.232	1258	625.752
lcl|NW_015390522.1_cds_XP_015684013.1_20766	903	783.363	69	8.20328
lcl|NW_015390528.1_cds_XP_015684014.1_20767	3054	3015.95	0	0
lcl|NW_015390528.1_cds_XP_029142530.1_20768	2037	1998.95	0	0
lcl|NW_015390531.1_cds_XP_015684016.1_20769	2001	1816.73	1	0.0512639
lcl|NW_015390532.1_cds_XP_015684017.1_20770	1926	1887.95	0	0
lcl|NW_015390534.1_cds_XP_015684018.1_20771	2232	2040.78	16	0.730173
lcl|NW_015390536.1_cds_XP_029142533.1_20772	2427	2465.89	20.3621	0.769041
lcl|NW_015390536.1_cds_XP_029142532.1_20773	1749	1785.05	52.1494	2.72083
lcl|NW_015390537.1_cds_XP_029142534.1_20774	1107	1068.95	0	0
lcl|NW_015390537.1_cds_XP_029142535.1_20775	876	837.949	0	0
lcl|NW_015390538.1_cds_XP_015684023.1_20776	264	217.979	1	0.427254
lcl|NW_015390540.1_cds_XP_015684024.2_20777	1257	1128	19	1.56873
lcl|NW_015390540.1_cds_XP_015684025.2_20778	2214	2044.91	2	0.0910872
lcl|NW_015390542.1_cds_XP_015684026.1_20779	2138	2099.95	0	0
lcl|NW_015390543.1_cds_XP_015684027.1_20780	1473	1357.36	357	24.4949
lcl|NW_015390543.1_cds_XP_029142536.1_20781	9447	8779.78	32	0.339444
lcl|NW_015390543.1_cds_XP_029142537.1_20782	1404	1337.93	85	5.91682
lcl|NW_015390543.1_cds_XP_029142538.1_20783	2493	2359.54	5	0.197353
lcl|NW_015390544.1_cds_XP_015684032.1_20784	882	843.949	0	0
lcl|NW_015390545.1_cds_XP_015684033.1_20785	897	875.131	10	1.06421
lcl|NW_015390547.1_cds_XP_015684034.1_20786	816	720.927	3	0.387553
lcl|NW_015390547.1_cds_XP_029142539.1_20787	855	816.949	0	0
lcl|NW_015390547.1_cds_XP_015684035.1_20788	2421	2220.5	519	21.768
lcl|NW_015390547.1_cds_XP_029142540.1_20789	891	831.138	35	3.9219
lcl|NW_015390548.1_cds_XP_015684036.2_20790	1476	1420.48	1	0.0655642
lcl|NW_015390549.1_cds_XP_029142542.1_20791	1569	1530.95	0	0
lcl|NW_015390549.1_cds_XP_029142541.1_20792	1356	1317.95	0	0
lcl|NW_015390549.1_cds_XP_015684037.2_20793	1314	1275.95	0	0
lcl|NW_015390549.1_cds_XP_015684038.1_20794	3195	3156.95	0	0
lcl|NW_015390551.1_cds_XP_029142543.1_20795	3258	3219.95	0	0
lcl|NW_015390552.1_cds_XP_015684041.2_20796	402	299.062	33	10.2767
lcl|NW_015390552.1_cds_XP_015684042.1_20797	378	319.941	264	76.8484
lcl|NW_015390552.1_cds_XP_015684043.1_20798	1263	1224.95	0	0
lcl|NW_015390552.1_cds_XP_015684044.1_20799	960	921.949	0	0
lcl|NW_015390553.1_cds_XP_029142544.1_20800	2412	2333.85	36.2273	1.44566
lcl|NW_015390555.1_cds_XP_029142545.1_20801	4152	4297.48	20	0.433429
lcl|NW_015390555.1_cds_XP_015684047.1_20802	592	546.84	311	52.9666
lcl|NW_015390557.1_cds_XP_015684048.1_20803	450	411.949	0	0
lcl|NW_015390562.1_cds_XP_029142546.1_20804	1635	1601.42	3.64794	0.21215
lcl|NW_015390563.1_cds_XP_015684051.1_20805	1371	1311.76	15	1.06497
lcl|NW_015390563.1_cds_XP_015684049.1_20806	832	788.446	32	3.77989
lcl|NW_015390565.1_cds_XP_015684052.1_20807	741	679.746	24.7192	3.38679
lcl|NW_015390565.1_cds_XP_015684053.1_20808	618	566.436	48	7.89209
lcl|NW_015390565.1_cds_XP_015684054.1_20809	975	965.902	18	1.73556
lcl|NW_015390565.1_cds_XP_015684055.1_20810	975	965.902	18	1.73556
lcl|NW_015390568.1_cds_XP_015684058.2_20811	651	623.37	48.1475	7.19331
lcl|NW_015390569.1_cds_XP_029142547.1_20812	1932	1893.95	0	0
lcl|NW_015390569.1_cds_XP_015684060.1_20813	666	627.949	0	0
lcl|NW_015390571.1_cds_XP_015684062.1_20814	1039	1000.95	0	0
lcl|NW_015390577.1_cds_XP_015684064.1_20815	1218	1140.42	461	37.6476
lcl|NW_015390577.1_cds_XP_015684063.1_20816	4665	4593.23	26	0.527177
lcl|NW_015390578.1_cds_XP_015684065.1_20817	570	507.827	2	0.366789
lcl|NW_015390579.1_cds_XP_015684066.1_20818	3048	3009.95	0	0
lcl|NW_015390581.1_cds_XP_015684067.1_20819	1104	1078.33	2614	225.764
lcl|NW_015390584.1_cds_XP_015684068.1_20820	747	654.191	19.5	2.77608
lcl|NW_015390584.1_cds_XP_015684069.1_20821	747	654.191	19.5	2.77608
lcl|NW_015390585.1_cds_XP_015684071.1_20822	1056	1009.1	2	0.184585
lcl|NW_015390585.1_cds_XP_015684070.1_20823	486	447.949	0	0
lcl|NW_015390586.1_cds_XP_029142549.1_20824	2400	2306.43	14.5873	0.58903
lcl|NW_015390589.1_cds_XP_029142550.1_20825	1392	1353.95	0	0
lcl|NW_015390591.1_cds_XP_029142552.1_20826	1047	999.889	0	0
lcl|NW_015390591.1_cds_XP_029142551.1_20827	897	843.039	19.8996	2.19835
lcl|NW_015390591.1_cds_XP_015684078.2_20828	894	864.899	19.604	2.11097
lcl|NW_015390592.1_cds_XP_015684080.1_20829	3039	2821.1	41.1273	1.35773
lcl|NW_015390592.1_cds_XP_015684081.1_20830	1347	1278.12	57	4.15339
lcl|NW_015390592.1_cds_XP_015684082.1_20831	1434	1395.95	0	0
lcl|NW_015390600.1_cds_XP_015684084.1_20832	990	951.949	0	0
lcl|NW_015390602.1_cds_XP_015684085.1_20833	1114	1032.19	9.82097	0.886123
lcl|NW_015390602.1_cds_XP_029142553.1_20834	1017	980.62	8	0.759785
lcl|NW_015390602.1_cds_XP_015684086.1_20835	2184	2187.27	16	0.681268
lcl|NW_015390604.1_cds_XP_029142554.1_20836	1950	1868.37	8	0.398776
lcl|NW_015390608.1_cds_XP_015684091.2_20837	1221	1160.39	3.07452	0.246759
lcl|NW_015390608.1_cds_XP_029142555.1_20838	1125	1106.9	4.47311	0.37636
lcl|NW_015390608.1_cds_XP_029142556.1_20839	1071	1032.95	0	0
lcl|NW_015390613.1_cds_XP_015684092.2_20840	1476	1447.39	0	0
lcl|NW_015390615.1_cds_XP_015684093.1_20841	1620	1472.89	5.837	0.36908
lcl|NW_015390618.1_cds_XP_029142557.1_20842	996	957.949	0	0
lcl|NW_015390618.1_cds_XP_015684103.1_20843	936	897.949	0	0
lcl|NW_015390618.1_cds_XP_015684097.1_20844	969	930.949	0	0
lcl|NW_015390618.1_cds_XP_015684098.2_20845	951	912.949	0	0
lcl|NW_015390618.1_cds_XP_015684099.2_20846	1329	1290.95	0	0
lcl|NW_015390618.1_cds_XP_015684100.2_20847	987	948.949	0	0
lcl|NW_015390618.1_cds_XP_029142558.1_20848	957	918.949	0	0
lcl|NW_015390618.1_cds_XP_015684094.2_20849	942	903.949	0	0
lcl|NW_015390619.1_cds_XP_015684104.1_20850	1026	987.949	0	0
lcl|NW_015390619.1_cds_XP_015684106.1_20851	705	666.949	0	0
lcl|NW_015390619.1_cds_XP_015684105.1_20852	819	788.047	0	0
lcl|NW_015390619.1_cds_XP_029142560.1_20853	615	581.578	6	0.960826
lcl|NW_015390619.1_cds_XP_015684107.1_20854	600	561.949	0	0
lcl|NW_015390621.1_cds_XP_015684108.1_20855	999	960.949	0	0
lcl|NW_015390622.1_cds_XP_015684109.1_20856	2772	2733.95	0	0
lcl|NW_015390622.1_cds_XP_015684110.1_20857	756	717.949	0	0
lcl|NW_015390624.1_cds_XP_015684111.1_20858	1935	1919.42	6	0.291127
lcl|NW_015390626.1_cds_XP_015684112.1_20859	3825	3765.2	1.10165	0.0272493
lcl|NW_015390629.1_cds_XP_015684113.1_20860	1530	1426.62	0	0
lcl|NW_015390631.1_cds_XP_029142561.1_20861	666	591.55	11.8532	1.86615
lcl|NW_015390633.1_cds_XP_015684116.1_20862	2448	2409.95	0	0
lcl|NW_015390634.1_cds_XP_015684117.1_20863	552	480.441	1	0.193848
lcl|NW_015390634.1_cds_XP_015684119.1_20864	543	504.949	0	0
lcl|NW_015390634.1_cds_XP_015684118.1_20865	1074	938.683	7.79931	0.773817
lcl|NW_015390636.1_cds_XP_015684120.1_20866	1204	1165.95	0	0
lcl|NW_015390638.1_cds_XP_015684121.1_20867	1044	1005.95	0	0
lcl|NW_015390638.1_cds_XP_015684122.1_20868	438	399.949	0	0
lcl|NW_015390640.1_cds_XP_015684123.1_20869	3381	3342.95	0	0
lcl|NW_015390641.1_cds_XP_029142562.1_20870	792	704.978	7	0.924749
lcl|NW_015390642.1_cds_XP_029142563.1_20871	1635	1573.63	12.3978	0.733739
lcl|NW_015390642.1_cds_XP_029142564.1_20872	2532	2483.94	27.4453	1.02903
lcl|NW_015390642.1_cds_XP_029142565.1_20873	1314	1273.36	11.1827	0.817889
lcl|NW_015390644.1_cds_XP_015684128.1_20874	1869	1830.95	0	0
lcl|NW_015390645.1_cds_XP_029142566.1_20875	600	561.949	0	0
lcl|NW_015390649.1_cds_XP_015684129.1_20876	471	432.949	0	0
lcl|NW_015390653.1_cds_XP_015684130.1_20877	360	321.949	0	0
lcl|NW_015390653.1_cds_XP_015684131.1_20878	453	414.949	0	0
lcl|NW_015390653.1_cds_XP_029142568.1_20879	1278	1239.95	0	0
lcl|NW_015390653.1_cds_XP_015684133.1_20880	2502	2463.95	0	0
lcl|NW_015390654.1_cds_XP_015684134.1_20881	1509	1343.52	2	0.138639
lcl|NW_015390656.1_cds_XP_015684135.1_20882	3891	3441.03	1	0.0270653
lcl|NW_015390657.1_cds_XP_015684136.1_20883	3048	2977.79	6692.18	209.303
lcl|NW_015390657.1_cds_XP_015684137.1_20884	960	907.035	385.935	39.627
lcl|NW_015390659.1_cds_XP_015684139.1_20885	1158	1085.18	232	19.9108
lcl|NW_015390659.1_cds_XP_029142569.1_20886	1183	1137.15	50.0746	4.10111
lcl|NW_015390664.1_cds_XP_015684141.1_20887	711	678.191	28	3.8451
lcl|NW_015390664.1_cds_XP_015684140.1_20888	1242	1200.35	36	2.79317
lcl|NW_015390665.1_cds_XP_015684142.1_20889	951	912.949	0	0
lcl|NW_015390665.1_cds_XP_015684144.1_20890	465	426.949	0	0
lcl|NW_015390667.1_cds_XP_015684145.1_20891	2972	2932.55	1	0.0317582
lcl|NW_015390669.1_cds_XP_029142571.1_20892	894	855.949	0	0
lcl|NW_015390669.1_cds_XP_029142572.1_20893	792	753.949	0	0
lcl|NW_015390669.1_cds_XP_015684152.1_20894	2076	1781.86	1	0.0522672
lcl|NW_015390669.1_cds_XP_029142573.1_20895	948	909.949	0	0
lcl|NW_015390669.1_cds_XP_015684148.1_20896	2469	2430.95	0	0
lcl|NW_015390669.1_cds_XP_015684150.1_20897	2067	2028.95	0	0
lcl|NW_015390669.1_cds_XP_015684149.1_20898	2124	2085.95	0	0
lcl|NW_015390672.1_cds_XP_029142574.1_20899	1656	1509.52	0	0
lcl|NW_015390675.1_cds_XP_015684156.1_20900	873	819.369	3	0.340991
lcl|NW_015390680.1_cds_XP_015684157.1_20901	912	900.177	1	0.10346
lcl|NW_015390680.1_cds_XP_015684158.1_20902	2472	2309.67	12	0.483875
lcl|NW_015390681.1_cds_XP_029142575.1_20903	1290	1177.96	82	6.48314
lcl|NW_015390682.1_cds_XP_015684160.1_20904	240	201.949	0	0
lcl|NW_015390682.1_cds_XP_015684162.1_20905	3198	2990.84	39	1.21443
lcl|NW_015390682.1_cds_XP_015684161.1_20906	897	772.776	23.9032	2.88074
lcl|NW_015390683.1_cds_XP_015684166.1_20907	1191	1155.23	0	0
lcl|NW_015390684.1_cds_XP_029142576.1_20908	768	729.949	0	0
lcl|NW_015390686.1_cds_XP_015684167.1_20909	630	574.723	1	0.162048
lcl|NW_015390687.1_cds_XP_015684168.1_20910	309	267.959	130	45.1831
lcl|NW_015390688.1_cds_XP_029142577.1_20911	2247	2100.81	20.0888	0.890569
lcl|NW_015390688.1_cds_XP_029142578.1_20912	2736	2525.33	6	0.221276
lcl|NW_015390688.1_cds_XP_015684169.1_20913	1299	1184.64	32	2.51572
lcl|NW_015390688.1_cds_XP_015684173.1_20914	720	638.079	2	0.291915
lcl|NW_015390691.1_cds_XP_015684174.1_20915	918	760.951	5.46395	0.66873
lcl|NW_015390691.1_cds_XP_015684175.1_20916	1125	1062.91	8	0.700966
lcl|NW_015390691.1_cds_XP_015684177.1_20917	903	714.601	5	0.65164
lcl|NW_015390691.1_cds_XP_015684180.1_20918	828	789.949	0	0
lcl|NW_015390691.1_cds_XP_015684179.1_20919	1194	1111.9	3	0.251281
lcl|NW_015390691.1_cds_XP_015684178.1_20920	1569	1530.95	0	0
lcl|NW_015390692.1_cds_XP_015684181.1_20921	1389	1336.95	107.5	7.48849
lcl|NW_015390692.1_cds_XP_015684182.1_20922	1389	1336.95	107.5	7.48849
lcl|NW_015390693.1_cds_XP_015684183.2_20923	582	502.928	21	3.88879
lcl|NW_015390693.1_cds_XP_015684185.1_20924	429	390.949	0	0
lcl|NW_015390693.1_cds_XP_015684186.1_20925	1830	1855.32	2113.16	106.075
lcl|NW_015390696.1_cds_XP_015684187.1_20926	1170	1131.95	0	0
lcl|NW_015390696.1_cds_XP_015684189.1_20927	1284	1245.95	0	0
lcl|NW_015390696.1_cds_XP_015684190.2_20928	1899	1860.95	0	0
lcl|NW_015390697.1_cds_XP_015684191.1_20929	508	497.284	38	7.11673
lcl|NW_015390698.1_cds_XP_015684192.1_20930	1881	1812.09	99.7745	5.12792
lcl|NW_015390698.1_cds_XP_015684193.1_20931	1878	1809.49	368.288	18.9554
lcl|NW_015390698.1_cds_XP_015684194.1_20932	1803	1730.55	116.938	6.29319
lcl|NW_015390699.1_cds_XP_015684195.1_20933	1179	1103.23	5.05005	0.426316
lcl|NW_015390700.1_cds_XP_029142581.1_20934	1119	1040.21	10	0.89532
lcl|NW_015390701.1_cds_XP_015684198.1_20935	1200	1115.56	190	15.8622
lcl|NW_015390701.1_cds_XP_015684207.1_20936	1719	1516.94	41	2.51719
lcl|NW_015390701.1_cds_XP_029142583.1_20937	6618	5871.35	3.3404	0.0529861
lcl|NW_015390701.1_cds_XP_015684205.1_20938	1296	1178.56	0.00183704	0.000145168
lcl|NW_015390701.1_cds_XP_029142582.1_20939	1290	1170.22	0.998163	0.0794395
lcl|NW_015390701.1_cds_XP_015684203.1_20940	585	497.81	3	0.561254
lcl|NW_015390701.1_cds_XP_015684204.1_20941	1839	1599.53	11	0.640474
lcl|NW_015390701.1_cds_XP_015684202.1_20942	318	275.066	3	1.01575
lcl|NW_015390701.1_cds_XP_015684197.1_20943	1377	1239.38	124.105	9.32578
lcl|NW_015390701.1_cds_XP_015684200.1_20944	246	197.483	280	132.047
lcl|NW_015390701.1_cds_XP_015684201.1_20945	246	197.483	280	132.047
lcl|NW_015390702.1_cds_XP_015684208.1_20946	1022	941.482	12.467	1.23325
lcl|NW_015390704.1_cds_XP_029142588.1_20947	1209	1162.55	1.10791	0.088755
lcl|NW_015390704.1_cds_XP_029142584.1_20948	1149	1110.55	9.87674	0.828276
lcl|NW_015390704.1_cds_XP_029142586.1_20949	1263	1224.95	0	0
lcl|NW_015390704.1_cds_XP_029142587.1_20950	1302	1164.93	5	0.399735
lcl|NW_015390708.1_cds_XP_015684211.1_20951	2147	2096.08	48.8146	2.16892
lcl|NW_015390708.1_cds_XP_015684212.1_20952	483	439.796	23.5	4.97643
lcl|NW_015390711.1_cds_XP_015684213.1_20953	415	376.949	0	0
lcl|NW_015390711.1_cds_XP_029142590.1_20954	2121	2082.95	0	0
lcl|NW_015390712.1_cds_XP_015684215.1_20955	1383	1236.69	6	0.451846
lcl|NW_015390715.1_cds_XP_015684216.1_20956	2337	2236.48	0	0
lcl|NW_015390718.1_cds_XP_015684217.1_20957	1109	974.305	17	1.62501
lcl|NW_015390724.1_cds_XP_029142592.1_20958	3570	3352.74	11	0.305558
lcl|NW_015390724.1_cds_XP_029142593.1_20959	3471	3432.95	0	0
lcl|NW_015390725.1_cds_XP_029142594.1_20960	3381	3337.37	15	0.418589
lcl|NW_015390725.1_cds_XP_015684222.1_20961	1263	1224.95	0	0
lcl|NW_015390726.1_cds_XP_015684223.1_20962	606	567.949	0	0
lcl|NW_015390727.1_cds_XP_015684224.1_20963	472	385.233	42	10.1538
lcl|NW_015390728.1_cds_XP_015684226.1_20964	171	112.497	617.616	511.303
lcl|NW_015390728.1_cds_XP_015684227.1_20965	171	112.497	617.616	511.303
lcl|NW_015390731.1_cds_XP_029142595.1_20966	501	461.5	1.51809	0.306356
lcl|NW_015390731.1_cds_XP_029142596.1_20967	984	945.949	0	0
lcl|NW_015390731.1_cds_XP_015684230.1_20968	2901	2638.19	4	0.141207
lcl|NW_015390733.1_cds_XP_015684232.2_20969	756	666.983	13	1.81522
lcl|NW_015390734.1_cds_XP_015684233.1_20970	1740	1773.28	63.0654	3.31219
lcl|NW_015390735.1_cds_XP_015684234.1_20971	712	623.243	39	5.82785
lcl|NW_015390737.1_cds_XP_015684235.1_20972	648	610.43	0	0
lcl|NW_015390739.1_cds_XP_015684236.2_20973	883	848.311	2	0.219572
lcl|NW_015390743.1_cds_XP_015684237.1_20974	1071	903.483	2	0.206163
lcl|NW_015390748.1_cds_XP_029142598.1_20975	1236	1095.89	3.61084	0.306862
lcl|NW_015390748.1_cds_XP_029142597.1_20976	1845	1716.65	8.38916	0.455132
lcl|NW_015390748.1_cds_XP_015684238.1_20977	1881	1871.59	55	2.73687
lcl|NW_015390749.1_cds_XP_015684240.1_20978	2023	1977.08	1	0.047106
lcl|NW_015390751.1_cds_XP_029142599.1_20979	483	444.949	0	0
lcl|NW_015390751.1_cds_XP_015684243.1_20980	483	444.949	0	0
lcl|NW_015390753.1_cds_XP_015684246.2_20981	1302	1153.36	0	0
lcl|NW_015390753.1_cds_XP_015684244.2_20982	1260	1094.05	6	0.51076
lcl|NW_015390753.1_cds_XP_015684245.1_20983	606	455.357	1	0.204527
lcl|NW_015390753.1_cds_XP_015684247.1_20984	762	623.668	4	0.597321
lcl|NW_015390753.1_cds_XP_029142601.1_20985	4422	4383.95	0	0
lcl|NW_015390756.1_cds_XP_015684249.1_20986	1029	972.499	402.381	38.5345
lcl|NW_015390758.1_cds_XP_015684250.1_20987	900	869.486	19.5437	2.09337
lcl|NW_015390759.1_cds_XP_015684251.1_20988	510	471.949	0	0
lcl|NW_015390761.1_cds_XP_015684253.1_20989	957	931.688	51	5.09801
lcl|NW_015390763.1_cds_XP_015684254.1_20990	420	332.406	26	7.28461
lcl|NW_015390763.1_cds_XP_029142602.1_20991	2802	2516.88	85.519	3.16448
lcl|NW_015390764.1_cds_XP_029142603.1_20992	942	805.414	1	0.115633
lcl|NW_015390764.1_cds_XP_029142604.1_20993	1692	1502.18	10	0.619981
lcl|NW_015390767.1_cds_XP_015684259.1_20994	831	717.633	3	0.389332
lcl|NW_015390767.1_cds_XP_029142605.1_20995	753	686.513	48	6.51169
lcl|NW_015390768.1_cds_XP_015684261.2_20996	2877	2896.61	2	0.0643046
lcl|NW_015390769.1_cds_XP_015684262.1_20997	1864	1831.48	33.0252	1.67936
lcl|NW_015390774.1_cds_XP_015684263.2_20998	2019	1921.52	3.20998	0.155582
lcl|NW_015390776.1_cds_XP_015684264.2_20999	2541	2337.4	3	0.119534
lcl|NW_015390777.1_cds_XP_015684265.1_21000	1102	1030.98	6	0.542002
lcl|NW_015390780.1_cds_XP_015684266.1_21001	366	349.992	7	1.86269
lcl|NW_015390780.1_cds_XP_015684267.1_21002	1570	1531.95	0	0
lcl|NW_015390781.1_cds_XP_015684268.1_21003	483	452.583	94	19.3433
lcl|NW_015390784.1_cds_XP_015684269.1_21004	1752	1647.43	115	6.50118
lcl|NW_015390784.1_cds_XP_015684271.1_21005	978	895.507	57	5.92799
lcl|NW_015390789.1_cds_XP_015684274.1_21006	711	681.479	1	0.136662
lcl|NW_015390790.1_cds_XP_029142607.1_21007	4153	4349.98	2	0.0428197
lcl|NW_015390795.1_cds_XP_015684275.1_21008	948	909.949	0	0
lcl|NW_015390795.1_cds_XP_015684276.1_21009	1512	1395.83	165	11.0091
lcl|NW_015390795.1_cds_XP_015684277.1_21010	318	260.997	18.3387	6.54386
lcl|NW_015390796.1_cds_XP_029142609.1_21011	3282	3243.95	0	0
lcl|NW_015390797.1_cds_XP_029142610.1_21012	2215	2266.32	49.0685	2.01643
lcl|NW_015390798.1_cds_XP_015684280.1_21013	855	816.949	0	0
lcl|NW_015390798.1_cds_XP_015684281.1_21014	3213	3174.95	0	0
lcl|NW_015390798.1_cds_XP_029142611.1_21015	3213	3174.95	0	0
lcl|NW_015390804.1_cds_XP_015684283.1_21016	1263	1224.95	0	0
lcl|NW_015390809.1_cds_XP_029142612.1_21017	1707	1677.56	79	4.38581
lcl|NW_015390809.1_cds_XP_015684286.1_21018	645	603.848	79	12.1843
lcl|NW_015390809.1_cds_XP_015684287.1_21019	2184	2120.6	560	24.5941
lcl|NW_015390819.1_cds_XP_015684290.1_21020	879	840.949	0	0
lcl|NW_015390819.1_cds_XP_015684291.1_21021	801	762.949	0	0
lcl|NW_015390820.1_cds_XP_015684292.1_21022	1668	1485.22	6	0.376236
lcl|NW_015390825.1_cds_XP_015684293.1_21023	477	455.014	0.996979	0.204062
lcl|NW_015390827.1_cds_XP_015684294.2_21024	2517	2453.34	1.05826	0.0401731
lcl|NW_015390830.1_cds_XP_029142613.1_21025	1866	1833.89	2	0.101568
lcl|NW_015390833.1_cds_XP_015684296.1_21026	723	629.209	1	0.148015
lcl|NW_015390836.1_cds_XP_015684297.1_21027	855	816.949	0	0
lcl|NW_015390836.1_cds_XP_015684299.1_21028	564	503.861	25.5547	4.72346
lcl|NW_015390836.1_cds_XP_015684300.1_21029	977	938.949	0	0
lcl|NW_015390837.1_cds_XP_015684301.1_21030	444	378.543	33.9705	8.35773
lcl|NW_015390839.1_cds_XP_015684302.1_21031	1151	1104.17	254.493	21.4656
lcl|NW_015390843.1_cds_XP_015684303.1_21032	966	960.874	57.9214	5.61402
lcl|NW_015390847.1_cds_XP_015684304.1_21033	873	818.275	49.6273	5.64837
lcl|NW_015390848.1_cds_XP_015684305.1_21034	2934	2679.68	25	0.868878
lcl|NW_015390849.1_cds_XP_015684306.1_21035	1029	973.295	37.3233	3.57138
lcl|NW_015390849.1_cds_XP_015684308.1_21036	840	825.128	469.242	52.9635
lcl|NW_015390849.1_cds_XP_015684307.1_21037	474	463.606	4.75842	0.955905
lcl|NW_015390855.1_cds_XP_015684310.1_21038	831	808.125	5	0.576226
lcl|NW_015390856.1_cds_XP_029142615.1_21039	3135	3103.23	20.023	0.60092
lcl|NW_015390856.1_cds_XP_029142614.1_21040	3990	3965.07	16.018	0.376234
lcl|NW_015390865.1_cds_XP_029142616.1_21041	852	771.648	5	0.603465
lcl|NW_015390871.1_cds_XP_015684312.1_21042	1317	1289.66	0	0
lcl|NW_015390874.1_cds_XP_015684313.1_21043	576	551.793	66	11.1396
lcl|NW_015390875.1_cds_XP_015684314.1_21044	669	621.763	2.82547	0.42322
lcl|NW_015390875.1_cds_XP_029142617.1_21045	780	736.669	5.30914	0.671202
lcl|NW_015390875.1_cds_XP_015684316.1_21046	849	810.949	0	0
lcl|NW_015390875.1_cds_XP_029142618.1_21047	1764	1681.6	1.12362	0.0622297
lcl|NW_015390877.1_cds_XP_015684318.1_21048	2841	2701.49	1	0.0344745
lcl|NW_015390880.1_cds_XP_015684320.1_21049	552	528.907	4016.47	707.24
lcl|NW_015390880.1_cds_XP_015684321.2_21050	1149	1047.94	1	0.0888723
lcl|NW_015390882.1_cds_XP_015684322.1_21051	246	207.949	0	0
lcl|NW_015390883.1_cds_XP_015684323.1_21052	924	873.579	74.2642	7.91732
lcl|NW_015390883.1_cds_XP_015684324.1_21053	405	366.949	0	0
lcl|NW_015390885.1_cds_XP_015684325.1_21054	963	924.949	0	0
lcl|NW_015390887.1_cds_XP_015684326.1_21055	1698	1659.95	0	0
lcl|NW_015390889.1_cds_XP_029142619.1_21056	1236	1197.95	0	0
lcl|NW_015390890.1_cds_XP_015684329.1_21057	645	648.899	16	2.29638
lcl|NW_015390890.1_cds_XP_015684330.1_21058	1047	1046.61	15	1.33477
lcl|NW_015390890.1_cds_XP_015684331.1_21059	2130	2160.24	17	0.732906
lcl|NW_015390891.1_cds_XP_015684332.1_21060	4017	4034.77	7.50178	0.17316
lcl|NW_015390892.1_cds_XP_015684333.2_21061	2127	2076.78	3.58759	0.160884
lcl|NW_015390892.1_cds_XP_015684334.1_21062	375	336.949	0	0
lcl|NW_015390893.1_cds_XP_015684335.1_21063	1671	1520.43	1.07973	0.0661378
lcl|NW_015390897.1_cds_XP_015684336.1_21064	1992	1979.82	16	0.752653
lcl|NW_015390898.1_cds_XP_015684338.1_21065	795	748.445	115.655	14.3915
lcl|NW_015390898.1_cds_XP_015684339.1_21066	795	748.445	115.655	14.3915
lcl|NW_015390898.1_cds_XP_015684340.1_21067	795	748.445	115.655	14.3915
lcl|NW_015390898.1_cds_XP_015684341.1_21068	795	748.445	115.655	14.3915
lcl|NW_015390899.1_cds_XP_015684342.1_21069	2315	2295.11	10.9093	0.442686
lcl|NW_015390900.1_cds_XP_015684343.1_21070	750	700.293	8.5	1.13042
lcl|NW_015390900.1_cds_XP_015684344.1_21071	750	700.293	8.5	1.13042
lcl|NW_015390905.1_cds_XP_029142620.1_21072	797	734.721	52.1521	6.61075
lcl|NW_015390905.1_cds_XP_015684345.1_21073	588	527.073	1	0.176697
lcl|NW_015390907.1_cds_XP_015684346.1_21074	1257	1146.75	1	0.0812145
lcl|NW_015390912.1_cds_XP_015684347.1_21075	673	634.949	0	0
lcl|NW_015390912.1_cds_XP_015684349.1_21076	924	892.547	60.8173	6.34596
lcl|NW_015390917.1_cds_XP_029142621.1_21077	2013	1974.95	0	0
lcl|NW_015390921.1_cds_XP_015684351.1_21078	2559	2520.95	0	0
lcl|NW_015390922.1_cds_XP_015684355.1_21079	483	417.41	140	31.2367
lcl|NW_015390922.1_cds_XP_015684354.1_21080	486	423.499	0.000432356	9.50802e-05
lcl|NW_015390922.1_cds_XP_015684356.1_21081	423	373.434	6	1.49637
lcl|NW_015390922.1_cds_XP_015684352.1_21082	864	762.326	22	2.68772
lcl|NW_015390925.1_cds_XP_029142622.1_21083	1542	1471.56	1	0.0632884
lcl|NW_015390926.1_cds_XP_015684360.1_21084	526	446.466	42	8.76117
lcl|NW_015390926.1_cds_XP_029142623.1_21085	2085	2046.95	0	0
lcl|NW_015390928.1_cds_XP_015684361.1_21086	783	744.949	0	0
lcl|NW_015390929.1_cds_XP_015684362.2_21087	9240	8855.54	70.79	0.744489
lcl|NW_015390930.1_cds_XP_015684363.1_21088	1400	1209.9	1.43644	0.11057
lcl|NW_015390931.1_cds_XP_015684364.1_21089	336	313.142	0.898963	0.267363
lcl|NW_015390933.1_cds_XP_015684366.1_21090	1164	1125.95	0	0
lcl|NW_015390934.1_cds_XP_015684367.1_21091	810	758.22	33	4.0534
lcl|NW_015390934.1_cds_XP_015684368.1_21092	583	541.254	359.462	61.8519
lcl|NW_015390935.1_cds_XP_029142624.1_21093	1605	1518.1	5	0.30674
lcl|NW_015390937.1_cds_XP_029142625.1_21094	711	672.532	1	0.13848
lcl|NW_015390939.1_cds_XP_029142627.1_21095	948	897.116	4.12522	0.428252
lcl|NW_015390939.1_cds_XP_029142626.1_21096	1239	1204.15	14.4547	1.11797
lcl|NW_015390943.1_cds_XP_015684372.1_21097	1425	1386.95	0	0
lcl|NW_015390945.1_cds_XP_015684374.2_21098	813	736.196	3	0.379515
lcl|NW_015390949.1_cds_XP_015684375.1_21099	705	674.262	4.50206	0.621847
lcl|NW_015390950.1_cds_XP_015684376.1_21100	699	660.949	0	0
lcl|NW_015390950.1_cds_XP_029142628.1_21101	996	957.949	0	0
lcl|NW_015390954.1_cds_XP_015684379.1_21102	669	582.159	510	81.5886
lcl|NW_015390954.1_cds_XP_015684380.1_21103	459	424.332	44	9.65713
lcl|NW_015390954.1_cds_XP_029142629.1_21104	2097	1873.56	10	0.49709
lcl|NW_015390955.1_cds_XP_015684381.1_21105	951	912.949	0	0
lcl|NW_015390955.1_cds_XP_015684382.1_21106	2049	1863.47	4.163	0.208059
lcl|NW_015390955.1_cds_XP_015684383.2_21107	666	627.949	0	0
lcl|NW_015390956.1_cds_XP_029142630.1_21108	1857	1894.03	8.81565	0.43348
lcl|NW_015390957.1_cds_XP_015684385.1_21109	1212	1099.76	1.17991	0.0999204
lcl|NW_015390962.1_cds_XP_015684386.1_21110	927	904.017	736	75.8233
lcl|NW_015390963.1_cds_XP_015684387.1_21111	903	843.609	27.0879	2.99044
lcl|NW_015390963.1_cds_XP_015684388.1_21112	738	697.78	7.86722	1.05004
lcl|NW_015390965.1_cds_XP_015684391.1_21113	876	766.718	6	0.728814
lcl|NW_015390967.1_cds_XP_015684392.1_21114	2133	2161.78	4	0.172325
lcl|NW_015390968.1_cds_XP_029142631.1_21115	1329	1336.55	227.126	15.8264
lcl|NW_015390969.1_cds_XP_029142632.1_21116	1305	1281.61	445	32.3373
lcl|NW_015390969.1_cds_XP_015684396.1_21117	1647	1615.19	5775.19	333
lcl|NW_015390969.1_cds_XP_015684395.1_21118	1662	1627.63	126.807	7.25587
lcl|NW_015390970.1_cds_XP_015684397.1_21119	1023	940.707	2.75879	0.273128
lcl|NW_015390972.1_cds_XP_015684399.2_21120	858	763.756	21.3029	2.59768
lcl|NW_015390972.1_cds_XP_029142633.1_21121	1581	1542.95	0	0
lcl|NW_015390972.1_cds_XP_015684401.1_21122	1581	1542.95	0	0
lcl|NW_015390972.1_cds_XP_015684402.1_21123	1476	1437.95	0	0
lcl|NW_015390972.1_cds_XP_015684403.1_21124	897	858.949	0	0
lcl|NW_015390973.1_cds_XP_015684404.1_21125	759	716.926	11	1.42896
lcl|NW_015390978.1_cds_XP_015684407.1_21126	1233	1109.1	0	0
lcl|NW_015390978.1_cds_XP_015684408.1_21127	1188	1065.26	0	0
lcl|NW_015390978.1_cds_XP_015684410.1_21128	1107	998.679	21	1.95837
lcl|NW_015390978.1_cds_XP_015684409.1_21129	1146	1038.2	0	0
lcl|NW_015390979.1_cds_XP_015684411.2_21130	618	579.949	0	0
lcl|NW_015390985.1_cds_XP_015684412.1_21131	1410	1236.63	26	1.9581
lcl|NW_015390985.1_cds_XP_015684413.1_21132	1356	1214.08	57	4.37249
lcl|NW_015390985.1_cds_XP_015684415.1_21133	441	402.949	0	0
lcl|NW_015390988.1_cds_XP_029142636.1_21134	594	555.949	0	0
lcl|NW_015390988.1_cds_XP_015684417.1_21135	253	214.949	0	0
lcl|NW_015390990.1_cds_XP_029142637.1_21136	705	632.501	3	0.441734
lcl|NW_015390991.1_cds_XP_015684419.1_21137	1713	1732.41	213	11.4506
lcl|NW_015390992.1_cds_XP_015684420.1_21138	1272	1257.43	45.3624	3.3598
lcl|NW_015390994.1_cds_XP_015684421.1_21139	612	502.471	1	0.185349
lcl|NW_015390994.1_cds_XP_029142638.1_21140	882	843.949	0	0
lcl|NW_015390994.1_cds_XP_015684423.1_21141	690	651.949	0	0
lcl|NW_015390994.1_cds_XP_015684424.1_21142	1170	1131.95	0	0
lcl|NW_015390995.1_cds_XP_029142639.1_21143	945	906.949	0	0
lcl|NW_015390998.1_cds_XP_015684426.1_21144	663	681.934	121	16.5251
lcl|NW_015391000.1_cds_XP_015684427.1_21145	1288	1136.82	5	0.409618
lcl|NW_015391003.1_cds_XP_015684430.1_21146	564	525.949	0	0
lcl|NW_015391003.1_cds_XP_015684428.1_21147	1101	1060.65	54.1047	4.75077
lcl|NW_015391003.1_cds_XP_015684429.1_21148	1101	1059.79	135.895	11.9422
lcl|NW_015391008.1_cds_XP_029142640.1_21149	1374	1363.99	4.35017	0.297027
lcl|NW_015391012.1_cds_XP_015684431.1_21150	480	471.557	21	4.1475
lcl|NW_015391016.1_cds_XP_029142643.1_21151	894	826.49	5	0.563422
lcl|NW_015391016.1_cds_XP_029142641.1_21152	1029	933.205	1	0.0997986
lcl|NW_015391017.1_cds_XP_015684434.1_21153	1119	1080.15	136	11.7262
lcl|NW_015391019.1_cds_XP_029142644.1_21154	1017	965.526	192.706	18.588
lcl|NW_015391019.1_cds_XP_015684435.1_21155	468	413.199	0	0
lcl|NW_015391021.1_cds_XP_015684437.1_21156	744	616.583	40	6.04185
lcl|NW_015391021.1_cds_XP_029142645.1_21157	2292	2253.95	0	0
lcl|NW_015391022.1_cds_XP_015684439.1_21158	2339	2389.73	2	0.077944
lcl|NW_015391032.1_cds_XP_015684441.1_21159	1617	1578.95	0	0
lcl|NW_015391032.1_cds_XP_015684442.1_21160	1566	1527.95	0	0
lcl|NW_015391032.1_cds_XP_015684443.1_21161	1461	1422.95	0	0
lcl|NW_015391032.1_cds_XP_015684444.1_21162	1515	1476.95	0	0
lcl|NW_015391032.1_cds_XP_029142646.1_21163	1569	1441.38	1	0.0646135
lcl|NW_015391032.1_cds_XP_015684445.1_21164	1272	1233.95	0	0
lcl|NW_015391032.1_cds_XP_015684446.1_21165	1581	1347.35	6	0.414737
lcl|NW_015391032.1_cds_XP_015684447.1_21166	1542	1503.95	0	0
lcl|NW_015391033.1_cds_XP_029142647.1_21167	1749	1727.11	31.908	1.7206
lcl|NW_015391040.1_cds_XP_015684450.1_21168	1167	1040.41	3	0.268545
lcl|NW_015391042.1_cds_XP_015684451.1_21169	657	610.872	12	1.8295
lcl|NW_015391042.1_cds_XP_015684452.1_21170	351	261.934	11.6812	4.15331
lcl|NW_015391045.1_cds_XP_015684453.1_21171	394	358.247	1	0.259968
lcl|NW_015391051.1_cds_XP_015684454.1_21172	2283	2151.05	2.26779	0.0981868
lcl|NW_015391055.1_cds_XP_029142648.1_21173	423	386.215	10.0066	2.413
lcl|NW_015391059.1_cds_XP_029142649.1_21174	1377	1338.95	0	0
lcl|NW_015391060.1_cds_XP_015684458.1_21175	6411	6414.43	137	1.98913
lcl|NW_015391061.1_cds_XP_029142650.1_21176	726	687.949	0	0
lcl|NW_015391064.1_cds_XP_029142651.1_21177	2754	2490.95	1	0.0373884
lcl|NW_015391064.1_cds_XP_015684469.1_21178	210	134.579	4.5	3.11412
lcl|NW_015391064.1_cds_XP_015684460.1_21179	351	270.823	9.5076	3.26954
lcl|NW_015391064.1_cds_XP_015684461.1_21180	303	234.723	8.73126	3.46436
lcl|NW_015391064.1_cds_XP_015684463.1_21181	570	468.256	53	10.5413
lcl|NW_015391064.1_cds_XP_015684464.1_21182	1539	1500.95	0	0
lcl|NW_015391064.1_cds_XP_015684466.1_21183	1125	1086.95	0	0
lcl|NW_015391064.1_cds_XP_015684467.1_21184	849	810.949	0	0
lcl|NW_015391064.1_cds_XP_015684470.1_21185	360	321.949	0	0
lcl|NW_015391064.1_cds_XP_029142652.1_21186	1004	965.949	0	0
lcl|NW_015391066.1_cds_XP_029142654.1_21187	3720	3798.83	111.131	2.72449
lcl|NW_015391066.1_cds_XP_015684471.1_21188	1203	1088.07	9	0.770347
lcl|NW_015391068.1_cds_XP_015684473.1_21189	405	356.968	2.40041	0.626263
lcl|NW_015391068.1_cds_XP_029142655.1_21190	4653	4195.53	2	0.0443961
lcl|NW_015391069.1_cds_XP_015684476.1_21191	288	213.694	150	65.3732
lcl|NW_015391069.1_cds_XP_015684477.1_21192	1734	1695.95	0	0
lcl|NW_015391071.1_cds_XP_015684478.1_21193	936	897.949	0	0
lcl|NW_015391071.1_cds_XP_015684482.1_21194	936	897.949	0	0
lcl|NW_015391071.1_cds_XP_015684481.1_21195	936	897.949	0	0
lcl|NW_015391071.1_cds_XP_029142657.1_21196	891	852.949	0	0
lcl|NW_015391071.1_cds_XP_015684479.2_21197	1437	1398.95	0	0
lcl|NW_015391078.1_cds_21198	405	391.06	8.03739	1.91413
lcl|NW_015391078.1_cds_21199	411	372.949	0	0
lcl|NW_015391078.1_cds_21200	426	387.949	0	0
lcl|NW_015391079.1_cds_XP_015684484.1_21201	1549	1510.95	0	0
lcl|NW_015391080.1_cds_XP_015684485.1_21202	2711	2718.59	104	3.56279
lcl|NW_015391081.1_cds_XP_029142659.1_21203	3996	4046.84	9.95499	0.229101
lcl|NW_015391083.1_cds_XP_015684487.1_21204	297	245.661	6	2.27466
lcl|NW_015391087.1_cds_XP_015684488.1_21205	384	345.949	0	0
lcl|NW_015391094.1_cds_XP_015684489.1_21206	985	975.274	1	0.0954937
lcl|NW_015391095.1_cds_XP_015684490.1_21207	693	654.949	0	0
lcl|NW_015391095.1_cds_XP_015684491.1_21208	654	595.275	0	0
lcl|NW_015391098.1_cds_XP_015684492.1_21209	2676	2454.4	288	10.9282
lcl|NW_015391100.1_cds_XP_015684494.1_21210	1779	1740.95	0	0
lcl|NW_015391101.1_cds_XP_015684495.1_21211	276	237.949	0	0
lcl|NW_015391110.1_cds_XP_015684497.1_21212	1335	1345.1	5.78339	0.400431
lcl|NW_015391110.1_cds_XP_015684498.1_21213	912	904.342	5.27143	0.542871
lcl|NW_015391110.1_cds_XP_029142660.1_21214	2097	2102.17	22.7284	1.00694
lcl|NW_015391114.1_cds_XP_015684499.2_21215	624	553.018	2.14165	0.36067
lcl|NW_015391116.1_cds_XP_015684501.1_21216	942	903.949	0	0
lcl|NW_015391116.1_cds_XP_015684502.1_21217	939	900.949	0	0
lcl|NW_015391116.1_cds_XP_015684503.1_21218	942	944.678	0.0469218	0.00462585
lcl|NW_015391121.1_cds_21219	420	427.261	11.3116	2.46567
lcl|NW_015391121.1_cds_21220	405	415.709	1.43648	0.321818
lcl|NW_015391121.1_cds_XP_029142661.1_21221	849	876.429	136.899	14.5474
lcl|NW_015391121.1_cds_21222	426	389.44	3.53885	0.846296
lcl|NW_015391122.1_cds_XP_015684504.1_21223	1431	1350.73	6	0.413699
lcl|NW_015391123.1_cds_XP_015684505.2_21224	892	853.949	0	0
lcl|NW_015391125.1_cds_XP_015684507.2_21225	1398	1269.37	4.30286	0.315696
lcl|NW_015391129.1_cds_XP_029142662.1_21226	2082	2030.5	26	1.19253
lcl|NW_015391129.1_cds_XP_015684509.1_21227	987	948.949	0	0
lcl|NW_015391130.1_cds_XP_015684511.1_21228	1122	1033.77	3	0.270271
lcl|NW_015391131.1_cds_XP_015684512.1_21229	462	423.949	0	0
lcl|NW_015391134.1_cds_XP_015684513.1_21230	1434	1328.34	3.4078	0.238928
lcl|NW_015391134.1_cds_XP_015684514.1_21231	817	699.052	44.3544	5.9092
lcl|NW_015391135.1_cds_XP_015684515.1_21232	931	834.531	0	0
lcl|NW_015391138.1_cds_XP_015684516.1_21233	1033	994.949	0	0
lcl|NW_015391140.1_cds_XP_015684518.1_21234	3799	3592.14	4.16185	0.107903
lcl|NW_015391142.1_cds_XP_029142663.1_21235	1356	1392.54	1	0.0668795
lcl|NW_015391146.1_cds_XP_015684520.1_21236	663	610.476	111	16.9339
lcl|NW_015391146.1_cds_XP_015684521.1_21237	264	233.494	46	18.3478
lcl|NW_015391157.1_cds_XP_015684522.1_21238	414	356.39	2.52312	0.659347
lcl|NW_015391158.1_cds_XP_029142664.1_21239	1594	1436.28	1	0.0648427
lcl|NW_015391160.1_cds_XP_015684524.1_21240	1137	1142.6	43	3.50489
lcl|NW_015391161.1_cds_XP_015684525.1_21241	708	675.091	0	0
lcl|NW_015391164.1_cds_XP_015684526.1_21242	546	507.949	0	0
lcl|NW_015391164.1_cds_XP_015684528.1_21243	543	504.949	0	0
lcl|NW_015391164.1_cds_XP_015684529.1_21244	549	510.374	11.7216	2.13895
lcl|NW_015391165.1_cds_XP_015684530.1_21245	2344	2167.67	2.40964	0.103529
lcl|NW_015391167.1_cds_XP_015684531.1_21246	2520	2580.42	92.7234	3.34657
lcl|NW_015391170.1_cds_XP_029142665.1_21247	654	615.949	0	0
lcl|NW_015391172.1_cds_XP_029142666.1_21248	1116	1077.95	0	0
lcl|NW_015391177.1_cds_XP_015684534.1_21249	1335	1296.95	0	0
lcl|NW_015391180.1_cds_XP_015684535.1_21250	699	660.949	0	0
lcl|NW_015391181.1_cds_XP_029142667.1_21251	891	852.949	0	0
lcl|NW_015391183.1_cds_XP_029142668.1_21252	1221	1182.95	0	0
lcl|NW_015391184.1_cds_XP_015684537.1_21253	1399	1360.95	0	0
lcl|NW_015391190.1_cds_XP_015684539.1_21254	1458	1263.95	0.715143	0.0526944
lcl|NW_015391190.1_cds_XP_015684540.1_21255	1212	1173.95	0	0
lcl|NW_015391191.1_cds_XP_015684541.1_21256	365	326.949	0	0
lcl|NW_015391192.1_cds_XP_015684542.1_21257	663	646.638	2.02565	0.291746
lcl|NW_015391196.1_cds_XP_015684543.1_21258	390	331.031	0	0
lcl|NW_015391197.1_cds_XP_015684544.1_21259	1098	1066.92	0	0
lcl|NW_015391201.1_cds_XP_029142669.1_21260	576	537.949	0	0
lcl|NW_015391203.1_cds_XP_015684545.1_21261	326	291.908	3	0.957142
lcl|NW_015391204.1_cds_XP_015684546.1_21262	431	396.484	7.0915	1.66577
lcl|NW_015391205.1_cds_XP_015684547.1_21263	1212	1112.44	43	3.59992
lcl|NW_015391206.1_cds_XP_015684549.1_21264	504	420.47	5	1.10748
lcl|NW_015391217.1_cds_XP_029142670.1_21265	741	702.949	0	0
lcl|NW_015391222.1_cds_XP_015684551.1_21266	804	666.013	17	2.37721
lcl|NW_015391224.1_cds_XP_029142671.1_21267	5466	5075.58	1	0.0183491
lcl|NW_015391225.1_cds_XP_015684554.1_21268	747	780.337	7	0.835443
lcl|NW_015391226.1_cds_XP_015684555.1_21269	708	669.949	0	0
lcl|NW_015391231.1_cds_XP_015684556.1_21270	2569	2530.95	0	0
lcl|NW_015391232.1_cds_XP_015684557.1_21271	1134	1059.68	70.533	6.19897
lcl|NW_015391233.1_cds_XP_029142672.1_21272	970	931.949	0	0
lcl|NW_015391233.1_cds_XP_015684559.1_21273	924	885.949	0	0
lcl|NW_015391240.1_cds_XP_015684560.2_21274	2019	1890.23	1	0.0492705
lcl|NW_015391244.1_cds_XP_029142673.1_21275	2385	2313.14	38	1.52997
lcl|NW_015391247.1_cds_XP_015684562.1_21276	945	824.225	1	0.112994
lcl|NW_015391249.1_cds_XP_015684563.1_21277	570	519.481	14.1339	2.53392
lcl|NW_015391255.1_cds_XP_029142674.1_21278	1440	1487.05	9	0.56366
lcl|NW_015391258.1_cds_XP_029142675.1_21279	2337	2278.25	84.894	3.47038
lcl|NW_015391261.1_cds_XP_029142677.1_21280	579	556.274	1.53872	0.257615
lcl|NW_015391261.1_cds_XP_029142676.1_21281	651	642.481	2.00057	0.289999
lcl|NW_015391263.1_cds_XP_015684567.1_21282	1860	1821.95	0	0
lcl|NW_015391264.1_cds_XP_015684568.1_21283	1677	1522.81	16	0.978531
lcl|NW_015391265.1_cds_XP_015684569.1_21284	435	370.387	26	6.53761
lcl|NW_015391265.1_cds_XP_015684570.1_21285	384	334.591	0	0
lcl|NW_015391266.1_cds_XP_015684571.1_21286	519	420.723	4	0.885452
lcl|NW_015391266.1_cds_XP_015684575.1_21287	1326	1287.95	0	0
lcl|NW_015391266.1_cds_XP_029142686.1_21288	1242	1203.95	0	0
lcl|NW_015391266.1_cds_XP_015684576.1_21289	1323	1284.95	0	0
lcl|NW_015391266.1_cds_XP_029142687.1_21290	1239	1200.95	0	0
lcl|NW_015391266.1_cds_XP_029142678.1_21291	1362	1323.95	0	0
lcl|NW_015391266.1_cds_XP_029142681.1_21292	1302	1263.95	0	0
lcl|NW_015391266.1_cds_XP_029142688.1_21293	1218	1179.95	0	0
lcl|NW_015391266.1_cds_XP_015684577.1_21294	1299	1260.95	0	0
lcl|NW_015391266.1_cds_XP_029142689.1_21295	1215	1176.95	0	0
lcl|NW_015391266.1_cds_XP_015684574.1_21296	1344	1305.95	0	0
lcl|NW_015391266.1_cds_XP_029142682.1_21297	1284	1245.95	0	0
lcl|NW_015391266.1_cds_XP_015684578.1_21298	1200	1161.95	0	0
lcl|NW_015391266.1_cds_XP_015684573.1_21299	1251	1212.95	0	0
lcl|NW_015391266.1_cds_XP_029142684.1_21300	1281	1242.95	0	0
lcl|NW_015391266.1_cds_XP_029142691.1_21301	1197	1158.95	0	0
lcl|NW_015391266.1_cds_XP_029142679.1_21302	1341	1302.95	0	0
lcl|NW_015391266.1_cds_XP_029142683.1_21303	1281	1242.95	0	0
lcl|NW_015391266.1_cds_XP_029142690.1_21304	1197	1158.95	0	0
lcl|NW_015391266.1_cds_XP_029142680.1_21305	1338	1299.95	0	0
lcl|NW_015391266.1_cds_XP_029142685.1_21306	1278	1239.95	0	0
lcl|NW_015391266.1_cds_XP_029142692.1_21307	1194	1155.95	0	0
lcl|NW_015391266.1_cds_XP_015684580.1_21308	1515	1476.95	0	0
lcl|NW_015391266.1_cds_XP_015684572.1_21309	918	827.197	78	8.78187
lcl|NW_015391271.1_cds_XP_029142693.1_21310	675	626.923	69	10.2503
lcl|NW_015391272.1_cds_XP_015684582.1_21311	333	298.856	7.41022	2.30925
lcl|NW_015391272.1_cds_XP_029142694.1_21312	378	339.949	0	0
lcl|NW_015391272.1_cds_XP_015684583.1_21313	366	327.949	0	0
lcl|NW_015391280.1_cds_XP_015684584.1_21314	807	662.311	33.1973	4.66812
lcl|NW_015391280.1_cds_XP_015684585.1_21315	2286	2247.95	0	0
lcl|NW_015391281.1_cds_XP_015684586.1_21316	971	895.099	5	0.520236
lcl|NW_015391282.1_cds_XP_015684588.1_21317	607	441.916	2	0.421494
lcl|NW_015391283.1_cds_XP_029142695.1_21318	1440	1277.91	0	0
lcl|NW_015391286.1_cds_XP_029142696.1_21319	341	315.97	36	10.611
lcl|NW_015391292.1_cds_XP_015684591.1_21320	862	823.949	0	0
lcl|NW_015391294.1_cds_XP_029142697.1_21321	1113	1042.27	1	0.0893551
lcl|NW_015391295.1_cds_XP_029142699.1_21322	1302	1269.55	4.47631	0.328377
lcl|NW_015391295.1_cds_XP_029142698.1_21323	1206	1144.7	1	0.0813599
lcl|NW_015391296.1_cds_XP_015684594.1_21324	876	761.675	17.9675	2.19694
lcl|NW_015391305.1_cds_XP_015684595.1_21325	397	358.949	0	0
lcl|NW_015391306.1_cds_XP_015684598.1_21326	1278	1140.65	6	0.48989
lcl|NW_015391306.1_cds_XP_015684600.1_21327	975	831.338	8	0.896218
lcl|NW_015391306.1_cds_XP_029142700.1_21328	3183	2910.99	3	0.0959803
lcl|NW_015391308.1_cds_XP_015684601.1_21329	690	624.24	4.27654	0.638032
lcl|NW_015391310.1_cds_XP_015684602.1_21330	933	903.312	10.6524	1.09828
lcl|NW_015391312.1_cds_XP_029142701.1_21331	786	699.84	0.289852	0.0385726
lcl|NW_015391312.1_cds_XP_015684605.1_21332	1188	1043.02	38	3.39308
lcl|NW_015391312.1_cds_XP_015684604.2_21333	705	613.118	5.03255	0.764444
lcl|NW_015391313.1_cds_XP_015684606.1_21334	544	506.745	8	1.47029
lcl|NW_015391325.1_cds_XP_015684610.1_21335	1878	1727.49	1.82176	0.0982147
lcl|NW_015391330.1_cds_XP_029142702.1_21336	462	423.839	1.29685	0.284965
lcl|NW_015391334.1_cds_XP_029142703.1_21337	1416	1375.12	5	0.338635
lcl|NW_015391334.1_cds_XP_015684613.1_21338	1092	1053.95	0	0
lcl|NW_015391335.1_cds_XP_015684614.1_21339	999	951.709	124.883	12.2208
lcl|NW_015391336.1_cds_XP_029142704.1_21340	1911	1872.95	0	0
lcl|NW_015391336.1_cds_XP_015684616.1_21341	534	515.324	5.5	0.993994
lcl|NW_015391336.1_cds_XP_015684617.1_21342	534	515.324	5.5	0.993994
lcl|NW_015391341.1_cds_XP_015684619.1_21343	924	857.914	207.102	22.4824
lcl|NW_015391346.1_cds_XP_015684620.1_21344	1968	1761.31	37	1.95644
lcl|NW_015391348.1_cds_XP_029142706.1_21345	1203	1109.07	2.71015	0.227581
lcl|NW_015391348.1_cds_XP_015684622.1_21346	1077	961.828	11	1.06511
lcl|NW_015391348.1_cds_XP_029142705.1_21347	1299	1172.96	0	0
lcl|NW_015391348.1_cds_XP_015684624.1_21348	723	684.949	0	0
lcl|NW_015391349.1_cds_XP_015684625.1_21349	553	527.413	10.172	1.79621
lcl|NW_015391351.1_cds_XP_015684627.1_21350	1215	1235.64	1614	121.65
lcl|NW_015391351.1_cds_XP_029142707.1_21351	1263	1219.91	61	4.65695
lcl|NW_015391353.1_cds_XP_029142708.1_21352	1404	1365.95	0	0
lcl|NW_015391354.1_cds_XP_015684628.1_21353	521	445.82	5.73055	1.19712
lcl|NW_015391354.1_cds_XP_015684630.1_21354	891	802.643	291.598	33.8348
lcl|NW_015391354.1_cds_XP_015684631.1_21355	390	324.537	6.76844	1.94234
lcl|NW_015391358.1_cds_XP_015684632.1_21356	414	341.112	368.923	100.726
lcl|NW_015391361.1_cds_XP_015684633.1_21357	681	579.48	223.674	35.9483
lcl|NW_015391367.1_cds_XP_029142710.1_21358	3699	3902.16	48.7908	1.16449
lcl|NW_015391369.1_cds_XP_029142711.1_21359	3441	3289.54	27	0.764417
lcl|NW_015391375.1_cds_XP_015684635.1_21360	481	457.585	1.59999	0.325647
lcl|NW_015391378.1_cds_XP_015684637.1_21361	1824	1808.67	225	11.5858
lcl|NW_015391387.1_cds_XP_015684638.1_21362	1947	1908.95	0	0
lcl|NW_015391388.1_cds_XP_015684639.1_21363	816	763.387	1	0.121999
lcl|NW_015391389.1_cds_XP_029142712.1_21364	1338	1258.11	9	0.666229
lcl|NW_015391389.1_cds_XP_015684640.2_21365	2418	2370.51	12	0.471455
lcl|NW_015391390.1_cds_XP_015684647.1_21366	771	676.057	78	10.7452
lcl|NW_015391390.1_cds_XP_015684650.1_21367	1110	1045.28	270.5	24.101
lcl|NW_015391390.1_cds_XP_015684651.1_21368	1110	1045.28	270.5	24.101
lcl|NW_015391390.1_cds_XP_015684648.1_21369	552	488.585	33	6.29035
lcl|NW_015391393.1_cds_XP_015684652.1_21370	744	705.949	0	0
lcl|NW_015391394.1_cds_XP_015684654.1_21371	960	921.949	0	0
lcl|NW_015391394.1_cds_XP_015684656.1_21372	960	921.949	0	0
lcl|NW_015391394.1_cds_XP_015684657.1_21373	888	849.949	0	0
lcl|NW_015391394.1_cds_XP_015684653.1_21374	936	897.949	0	0
lcl|NW_015391394.1_cds_XP_029142714.1_21375	957	918.949	0	0
lcl|NW_015391395.1_cds_XP_015684660.2_21376	2331	2232.61	2	0.0834292
lcl|NW_015391398.1_cds_XP_015684661.1_21377	615	568.324	155	25.4002
lcl|NW_015391400.1_cds_XP_015684662.1_21378	528	481.627	1	0.19337
lcl|NW_015391401.1_cds_XP_015684663.1_21379	852	813.949	0	0
lcl|NW_015391409.1_cds_XP_029142715.1_21380	1176	1148.89	3	0.243189
lcl|NW_015391414.1_cds_XP_029142716.1_21381	1794	1617.6	1	0.0575745
lcl|NW_015391414.1_cds_XP_015684665.1_21382	519	480.949	0	0
lcl|NW_015391420.1_cds_XP_015684666.1_21383	622	549.362	12.6307	2.14126
lcl|NW_015391421.1_cds_XP_029142717.1_21384	420	370.043	2	0.503361
lcl|NW_015391422.1_cds_XP_029142718.1_21385	2334	2318.79	2	0.0803286
lcl|NW_015391422.1_cds_XP_029142719.1_21386	1440	1401.95	0	0
lcl|NW_015391425.1_cds_XP_015684672.1_21387	418	365.914	2	0.50904
lcl|NW_015391425.1_cds_XP_029142720.1_21388	307	268.949	0	0
lcl|NW_015391432.1_cds_XP_015684673.1_21389	1270	1207.19	83.8636	6.46995
lcl|NW_015391434.1_cds_XP_029142721.1_21390	835	767.7	18.8668	2.28879
lcl|NW_015391439.1_cds_XP_015684675.1_21391	1908	1895.36	1217	59.8
lcl|NW_015391445.1_cds_XP_015684677.1_21392	729	629.852	2.59748	0.384075
lcl|NW_015391451.1_cds_XP_015684678.1_21393	489	475.128	6	1.17609
lcl|NW_015391452.1_cds_XP_015684679.1_21394	605	523.087	6	1.06826
lcl|NW_015391455.1_cds_XP_015684680.2_21395	771	732.949	0	0
lcl|NW_015391456.1_cds_XP_015684681.1_21396	1644	1636.5	5	0.284549
lcl|NW_015391459.1_cds_XP_015684683.1_21397	2013	2009.57	52	2.40992
lcl|NW_015391463.1_cds_XP_015684684.1_21398	519	487.717	1	0.190956
lcl|NW_015391466.1_cds_XP_029142722.1_21399	678	639.949	0	0
lcl|NW_015391470.1_cds_XP_029142723.1_21400	477	438.188	1	0.21254
lcl|NW_015391471.1_cds_XP_029142724.1_21401	474	435.949	0	0
lcl|NW_015391471.1_cds_XP_015684688.1_21402	636	597.949	0	0
lcl|NW_015391472.1_cds_XP_015684689.1_21403	411	358.465	4	1.03924
lcl|NW_015391475.1_cds_XP_015684690.2_21404	927	888.949	0	0
lcl|NW_015391475.1_cds_XP_015684691.1_21405	939	900.949	0	0
lcl|NW_015391475.1_cds_XP_015684692.2_21406	927	888.949	0	0
lcl|NW_015391475.1_cds_XP_015684693.2_21407	927	950.141	0.997635	0.0977878
lcl|NW_015391475.1_cds_XP_015684694.2_21408	666	627.949	0	0
lcl|NW_015391483.1_cds_XP_015684696.1_21409	361	293.352	79	25.0807
lcl|NW_015391487.1_cds_XP_029142725.1_21410	426	413.74	0.195187	0.0439365
lcl|NW_015391491.1_cds_XP_015684699.1_21411	744	657.932	1.93514	0.273925
lcl|NW_015391492.1_cds_XP_015684700.1_21412	2217	2163.45	221.495	9.53495
lcl|NW_015391497.1_cds_XP_015684701.1_21413	861	822.949	0	0
lcl|NW_015391497.1_cds_XP_029142726.1_21414	1095	1056.95	0	0
lcl|NW_015391501.1_cds_XP_029142728.1_21415	1233	1201.98	66.4238	5.1467
lcl|NW_015391501.1_cds_XP_029142727.1_21416	1569	1545.87	70.9817	4.27637
lcl|NW_015391501.1_cds_XP_015684703.2_21417	1356	1337.41	36.1284	2.51586
lcl|NW_015391503.1_cds_XP_015684705.1_21418	1309	1287.08	34.539	2.49924
lcl|NW_015391504.1_cds_XP_015684706.1_21419	713	674.949	0	0
lcl|NW_015391510.1_cds_XP_015684708.1_21420	1134	1144.78	19	1.54573
lcl|NW_015391511.1_cds_XP_029142729.1_21421	1666	1644.94	4.89957	0.277402
lcl|NW_015391514.1_cds_XP_029142730.1_21422	697	658.949	0	0
lcl|NW_015391522.1_cds_XP_015684710.2_21423	2238	2199.95	0	0
lcl|NW_015391523.1_cds_XP_015684711.1_21424	1056	996.693	74	6.91467
lcl|NW_015391525.1_cds_XP_015684712.1_21425	1281	1241.17	1	0.0750363
lcl|NW_015391525.1_cds_XP_015684714.1_21426	1254	1254.88	25.4262	1.88704
lcl|NW_015391525.1_cds_XP_015684715.1_21427	1170	1156.17	8.57378	0.690639
lcl|NW_015391525.1_cds_XP_015684722.1_21428	1839	1792.79	21	1.09091
lcl|NW_015391525.1_cds_XP_015684716.1_21429	1122	1083.95	0	0
lcl|NW_015391525.1_cds_XP_015684718.1_21430	993	954.949	0	0
lcl|NW_015391525.1_cds_XP_015684719.1_21431	993	954.949	0	0
lcl|NW_015391525.1_cds_XP_015684720.1_21432	993	954.949	0	0
lcl|NW_015391525.1_cds_XP_015684721.1_21433	915	876.949	0	0
lcl|NW_015391530.1_cds_XP_029142731.1_21434	1467	1468.74	1.19409	0.0757166
lcl|NW_015391532.1_cds_XP_015684723.1_21435	357	302.904	1	0.307466
lcl|NW_015391532.1_cds_XP_015684724.1_21436	504	435.082	1	0.214058
lcl|NW_015391532.1_cds_XP_015684726.1_21437	1545	1506.95	0	0
lcl|NW_015391538.1_cds_XP_015684727.1_21438	982	943.949	0	0
lcl|NW_015391538.1_cds_XP_029142732.1_21439	1112	1039.82	1.05624	0.0946032
lcl|NW_015391539.1_cds_21440	1164	1134.16	10	0.821155
lcl|NW_015391540.1_cds_XP_015684730.1_21441	1242	1203.95	0	0
lcl|NW_015391540.1_cds_XP_015684729.1_21442	1212	1173.95	0	0
lcl|NW_015391542.1_cds_XP_015684731.1_21443	542	461.779	39.6434	7.99537
lcl|NW_015391544.1_cds_XP_015684734.1_21444	477	414.017	1.4253	0.32062
lcl|NW_015391545.1_cds_XP_015684735.1_21445	1180	1075.17	26	2.25215
lcl|NW_015391548.1_cds_XP_015684736.2_21446	943	933.565	31.9052	3.18286
lcl|NW_015391550.1_cds_XP_015684737.1_21447	1812	1743.74	2	0.106819
lcl|NW_015391550.1_cds_XP_015684738.1_21448	768	729.949	0	0
lcl|NW_015391555.1_cds_XP_015684739.1_21449	603	564.949	0	0
lcl|NW_015391555.1_cds_XP_029142733.1_21450	378	339.949	0	0
lcl|NW_015391557.1_cds_XP_015684741.1_21451	1065	1033.23	173.666	15.6537
lcl|NW_015391560.1_cds_XP_029142734.1_21452	1872	1729.15	1	0.0538604
lcl|NW_015391562.1_cds_XP_015684742.1_21453	438	399.949	0	0
lcl|NW_015391562.1_cds_XP_015684744.1_21454	978	939.949	0	0
lcl|NW_015391562.1_cds_XP_015684745.1_21455	1980	1717.37	1	0.0542298
lcl|NW_015391563.1_cds_XP_015684746.1_21456	515	470.368	3	0.593998
lcl|NW_015391564.1_cds_XP_029142735.1_21457	1647	1608.95	0	0
lcl|NW_015391565.1_cds_XP_015684748.1_21458	1260	1221.95	0	0
lcl|NW_015391566.1_cds_XP_015684749.1_21459	2247	2208.95	0	0
lcl|NW_015391567.1_cds_XP_015684751.1_21460	381	308.446	60	18.1165
lcl|NW_015391567.1_cds_XP_015684750.1_21461	1956	1832.18	19	0.965798
lcl|NW_015391569.1_cds_XP_015684752.1_21462	408	380.67	67.0692	16.4088
lcl|NW_015391569.1_cds_XP_015684753.1_21463	267	242.563	4.93076	1.89317
lcl|NW_015391569.1_cds_XP_015684755.1_21464	708	662.743	468	65.7661
lcl|NW_015391571.1_cds_XP_029142736.1_21465	881	832.268	1	0.111902
lcl|NW_015391576.1_cds_XP_015684757.1_21466	696	650.987	6	0.858382
lcl|NW_015391577.1_cds_XP_015684759.1_21467	552	513.493	3	0.544112
lcl|NW_015391578.1_cds_XP_015684760.1_21468	1530	1491.95	0	0
lcl|NW_015391579.1_cds_XP_015684762.1_21469	1413	1374.95	0	0
lcl|NW_015391584.1_cds_XP_015684765.1_21470	606	504.635	13.5658	2.50362
lcl|NW_015391584.1_cds_XP_029142737.1_21471	657	594.943	29.382	4.59946
lcl|NW_015391584.1_cds_XP_015684764.1_21472	1315	1276.95	0	0
lcl|NW_015391585.1_cds_XP_015684767.1_21473	957	918.949	0	0
lcl|NW_015391585.1_cds_XP_029142739.1_21474	1416	1377.95	0	0
lcl|NW_015391585.1_cds_XP_029142738.1_21475	894	753.028	3	0.371032
lcl|NW_015391587.1_cds_XP_029142740.1_21476	1857	1818.95	0	0
lcl|NW_015391590.1_cds_XP_015684770.2_21477	1689	1650.95	0	0
lcl|NW_015391592.1_cds_XP_015684771.1_21478	876	837.949	0	0
lcl|NW_015391594.1_cds_XP_015684772.1_21479	735	676.895	7	0.963114
lcl|NW_015391596.1_cds_XP_015684773.1_21480	1949	1910.95	0	0
lcl|NW_015391599.1_cds_XP_015684774.1_21481	642	598.603	3.22299	0.501444
lcl|NW_015391600.1_cds_XP_029142741.1_21482	726	679.664	1.92683	0.264028
lcl|NW_015391601.1_cds_XP_029142742.1_21483	5643	5959.25	2.70934	0.0423421
lcl|NW_015391607.1_cds_XP_015684778.1_21484	1134	1095.95	0	0
lcl|NW_015391614.1_cds_XP_015684779.1_21485	906	903.285	3.80632	0.392447
lcl|NW_015391614.1_cds_XP_015684780.1_21486	1020	981.949	0	0
lcl|NW_015391615.1_cds_XP_015684781.1_21487	382	300.569	1	0.309854
lcl|NW_015391620.1_cds_XP_015684782.1_21488	1365	1326.95	0	0
lcl|NW_015391623.1_cds_XP_015684783.1_21489	819	780.949	0	0
lcl|NW_015391623.1_cds_XP_029142743.1_21490	1077	1038.95	0	0
lcl|NW_015391625.1_cds_XP_015684784.1_21491	1623	1453.73	16	1.02503
lcl|NW_015391639.1_cds_XP_015684785.1_21492	1134	1116.81	26.5048	2.21027
lcl|NW_015391642.1_cds_XP_015684786.1_21493	1569	1526.02	3	0.183089
lcl|NW_015391642.1_cds_XP_015684787.1_21494	444	416.78	11.4759	2.56437
lcl|NW_015391643.1_cds_XP_015684789.1_21495	1470	1417.98	35	2.2988
lcl|NW_015391654.1_cds_XP_015684790.1_21496	2121	1947.14	8	0.382642
lcl|NW_015391656.1_cds_XP_015684792.1_21497	972	933.949	0	0
lcl|NW_015391665.1_cds_XP_015684793.1_21498	1863	1597.44	10	0.583012
lcl|NW_015391667.1_cds_XP_015684794.1_21499	1812	1659.87	1	0.0561084
lcl|NW_015391671.1_cds_XP_015684796.2_21500	666	627.949	0	0
lcl|NW_015391672.1_cds_XP_015684797.1_21501	2001	1894.54	3	0.147475
lcl|NW_015391675.1_cds_XP_015684798.1_21502	1120	1033.65	2.9737	0.267932
lcl|NW_015391679.1_cds_XP_029142744.1_21503	1953	1850.99	30.1738	1.51819
lcl|NW_015391680.1_cds_XP_015684800.1_21504	882	870.845	3	0.320835
lcl|NW_015391681.1_cds_XP_015684801.1_21505	298	259.949	0	0
lcl|NW_015391681.1_cds_XP_015684802.2_21506	297	237.964	1.4929	0.584279
lcl|NW_015391686.1_cds_XP_015684803.1_21507	339	282.059	494.083	163.14
lcl|NW_015391687.1_cds_XP_015684804.2_21508	1287	1201.25	86.8865	6.73628
lcl|NW_015391695.1_cds_XP_015684805.1_21509	231	156.21	5	2.981
lcl|NW_015391697.1_cds_XP_029142745.1_21510	438	399.949	0	0
lcl|NW_015391698.1_cds_XP_015684807.1_21511	309	263.898	0	0
lcl|NW_015391699.1_cds_XP_015684808.1_21512	691	652.949	0	0
lcl|NW_015391703.1_cds_XP_015684811.1_21513	642	623.9	4.73086	0.706198
lcl|NW_015391703.1_cds_XP_015684812.1_21514	642	623.9	4.73086	0.706198
lcl|NW_015391704.1_cds_XP_015684813.2_21515	804	765.949	0	0
lcl|NW_015391705.1_cds_XP_015684814.1_21516	1236	1142.37	2	0.163051
lcl|NW_015391707.1_cds_XP_029142746.1_21517	1623	1584.95	0	0
lcl|NW_015391710.1_cds_XP_015684816.1_21518	717	715.844	1	0.130102
lcl|NW_015391711.1_cds_XP_015684817.1_21519	729	752.944	1.90234	0.235302
lcl|NW_015391716.1_cds_XP_015684818.1_21520	935	896.949	0	0
lcl|NW_015391717.1_cds_XP_015684819.1_21521	453	432.957	3603	775.035
lcl|NW_015391722.1_cds_XP_015684821.1_21522	468	403.307	6.26625	1.44702
lcl|NW_015391723.1_cds_XP_015684822.1_21523	1413	1333.7	1	0.0698304
lcl|NW_015391723.1_cds_XP_029142747.1_21524	2295	2201.27	2	0.0846172
lcl|NW_015391724.1_cds_XP_015684824.1_21525	504	471.186	1.92746	0.380973
lcl|NW_015391730.1_cds_XP_015684825.1_21526	294	255.949	0	0
lcl|NW_015391732.1_cds_XP_029142748.1_21527	3135	2843.97	1	0.0327473
lcl|NW_015391733.1_cds_XP_029142749.1_21528	3381	3005.1	10.0649	0.311925
lcl|NW_015391737.1_cds_XP_015684827.1_21529	1320	1288.23	633	45.7627
lcl|NW_015391739.1_cds_XP_015684828.2_21530	1242	1103.07	1.42144	0.120013
lcl|NW_015391751.1_cds_XP_029142751.1_21531	846	785.914	247	29.27
lcl|NW_015391751.1_cds_XP_015684832.1_21532	744	708.932	550.938	72.3768
lcl|NW_015391753.1_cds_XP_015684833.1_21533	1362	1323.95	0	0
lcl|NW_015391758.1_cds_XP_015684835.1_21534	1167	1063.49	0	0
lcl|NW_015391759.1_cds_XP_015684836.1_21535	1482	1443.95	0	0
lcl|NW_015391761.1_cds_XP_015684837.2_21536	985	880.612	56	5.9225
lcl|NW_015391762.1_cds_XP_015684838.1_21537	600	551.488	2.55525	0.431518
lcl|NW_015391765.1_cds_XP_015684839.1_21538	792	750.296	68.057	8.44776
lcl|NW_015391767.1_cds_XP_015684841.1_21539	571	536.779	5.20978	0.903911
lcl|NW_015391768.1_cds_XP_015684842.1_21540	432	368.041	14.8918	3.76837
lcl|NW_015391772.1_cds_XP_015684843.1_21541	795	684.464	23	3.12952
lcl|NW_015391773.1_cds_XP_015684844.1_21542	381	348.29	6	1.60439
lcl|NW_015391775.1_cds_XP_029142753.1_21543	2097	1877.68	4.38745	0.217616
lcl|NW_015391777.1_cds_XP_029142754.1_21544	1311	1256.62	0	0
lcl|NW_015391784.1_cds_XP_015684846.1_21545	576	537.949	0	0
lcl|NW_015391790.1_cds_XP_015684847.1_21546	1012	947.586	1	0.098284
lcl|NW_015391790.1_cds_XP_029142755.1_21547	615	521.387	2.22011	0.396567
lcl|NW_015391796.1_cds_XP_015684849.1_21548	315	276.949	0	0
lcl|NW_015391798.1_cds_XP_015684850.1_21549	282	243.949	0	0
lcl|NW_015391801.1_cds_XP_015684851.1_21550	1958	1849.1	16	0.805864
lcl|NW_015391808.1_cds_XP_015684852.1_21551	488	402.698	6.99058	1.61672
lcl|NW_015391809.1_cds_XP_015684853.1_21552	1497	1363.08	8.21669	0.561404
lcl|NW_015391809.1_cds_XP_015684854.1_21553	1431	1299.69	4	0.286631
lcl|NW_015391810.1_cds_XP_015684855.1_21554	450	411.949	0	0
lcl|NW_015391814.1_cds_XP_015684856.1_21555	954	829.111	2	0.224656
lcl|NW_015391816.1_cds_XP_015684857.1_21556	450	411.949	0	0
lcl|NW_015391816.1_cds_XP_029142756.1_21557	501	469.029	2	0.397129
lcl|NW_015391825.1_cds_XP_015684859.1_21558	554	523.637	1.4752	0.262375
lcl|NW_015391827.1_cds_XP_015684860.1_21559	1695	1656.95	0	0
lcl|NW_015391827.1_cds_XP_015684861.1_21560	2343	2303.35	2	0.080867
lcl|NW_015391829.1_cds_XP_015684862.1_21561	1802	1625.47	1	0.0572956
lcl|NW_015391831.1_cds_XP_015684863.1_21562	522	479.626	12.4695	2.42129
lcl|NW_015391833.1_cds_XP_029142758.1_21563	1228	1189.95	0	0
lcl|NW_015391835.1_cds_XP_015684865.1_21564	1107	1017.58	14	1.28133
lcl|NW_015391835.1_cds_XP_015684867.1_21565	1626	1564.14	3	0.178627
lcl|NW_015391837.1_cds_XP_015684868.1_21566	459	399.933	37	8.6162
lcl|NW_015391842.1_cds_XP_029142759.1_21567	927	888.949	0	0
lcl|NW_015391845.1_cds_XP_015684869.1_21568	1587	1462.33	14.4718	0.921677
lcl|NW_015391847.1_cds_XP_015684871.1_21569	1488	1449.95	0	0
lcl|NW_015391848.1_cds_XP_015684872.1_21570	520	502.239	1	0.185435
lcl|NW_015391849.1_cds_XP_015684873.1_21571	579	540.949	0	0
lcl|NW_015391851.1_cds_XP_015684874.1_21572	471	432.949	0	0
lcl|NW_015391854.1_cds_XP_015684875.1_21573	811	779.511	22.3195	2.66664
lcl|NW_015391857.1_cds_XP_029142762.1_21574	1035	959.31	1	0.0970829
lcl|NW_015391857.1_cds_XP_029142761.1_21575	1395	1356.95	0	0
lcl|NW_015391857.1_cds_XP_015684876.1_21576	813	774.65	0	0
lcl|NW_015391858.1_cds_XP_015684877.1_21577	840	801.949	0	0
lcl|NW_015391859.1_cds_XP_015684878.2_21578	786	732.794	11	1.39802
lcl|NW_015391861.1_cds_XP_015684879.1_21579	1534	1521.54	21.231	1.29953
lcl|NW_015391866.1_cds_XP_029142764.1_21580	288	249.949	0	0
lcl|NW_015391869.1_cds_XP_015684881.1_21581	250	195.13	41	19.5687
lcl|NW_015391871.1_cds_XP_015684882.1_21582	1260	1221.95	0	0
lcl|NW_015391871.1_cds_XP_015684883.1_21583	993	954.949	0	0
lcl|NW_015391875.1_cds_XP_015684884.1_21584	1035	951.527	4	0.391508
lcl|NW_015391875.1_cds_XP_029142765.1_21585	588	537.041	5.30925	0.920718
lcl|NW_015391876.1_cds_XP_029142766.1_21586	1254	1215.95	0	0
lcl|NW_015391879.1_cds_XP_015684887.1_21587	528	489.949	0	0
lcl|NW_015391889.1_cds_XP_015684888.1_21588	1611	1415.88	21	1.38132
lcl|NW_015391889.1_cds_XP_015684889.2_21589	405	366.949	0	0
lcl|NW_015391891.1_cds_XP_015684890.1_21590	1167	1222.09	39.886	3.03961
lcl|NW_015391891.1_cds_XP_015684892.1_21591	1482	1497.85	176.956	11.0026
lcl|NW_015391892.1_cds_XP_015684893.1_21592	618	570.734	5.09385	0.831216
lcl|NW_015391895.1_cds_XP_015684895.1_21593	1791	1640.91	0	0
lcl|NW_015391895.1_cds_XP_015684894.1_21594	1797	1642.49	0	0
lcl|NW_015391895.1_cds_XP_015684896.1_21595	639	600.949	0	0
lcl|NW_015391897.1_cds_XP_015684897.1_21596	2313	2171.57	40	1.71549
lcl|NW_015391898.1_cds_XP_029142767.1_21597	1665	1626.95	0	0
lcl|NW_015391898.1_cds_XP_015684899.1_21598	1353	1156.93	4	0.321998
lcl|NW_015391902.1_cds_XP_015684900.1_21599	845	779.748	1.25671	0.150101
lcl|NW_015391903.1_cds_XP_015684901.1_21600	651	568.337	0.0114248	0.00187217
lcl|NW_015391906.1_cds_XP_015684904.1_21601	774	687.965	14.8739	2.01354
lcl|NW_015391906.1_cds_XP_029142768.1_21602	642	603.949	0	0
lcl|NW_015391912.1_cds_XP_015684906.2_21603	2148	2109.95	0	0
lcl|NW_015391913.1_cds_XP_015684908.1_21604	495	456.949	0	0
lcl|NW_015391913.1_cds_XP_015684907.1_21605	948	918.585	50	5.06935
lcl|NW_015391915.1_cds_XP_015684909.1_21606	4704	4684.83	27.6329	0.549331
lcl|NW_015391925.1_cds_XP_015684911.1_21607	1431	1362.11	70.3118	4.8075
lcl|NW_015391927.1_cds_XP_015684912.1_21608	342	303.949	0	0
lcl|NW_015391931.1_cds_XP_015684914.1_21609	648	641.136	0.267436	0.0388482
lcl|NW_015391932.1_cds_XP_015684915.1_21610	1119	1027.4	8	0.725192
lcl|NW_015391939.1_cds_XP_029142769.1_21611	240	201.226	3.27609	1.51626
lcl|NW_015391939.1_cds_XP_015684916.1_21612	366	338.637	1620.03	445.543
lcl|NW_015391946.1_cds_XP_029142770.1_21613	843	841.821	4	0.442529
lcl|NW_015391949.1_cds_XP_015684917.1_21614	999	960.949	0	0
lcl|NW_015391950.1_cds_XP_015684918.1_21615	2166	1943.92	3.99587	0.19144
lcl|NW_015391956.1_cds_XP_015684919.1_21616	2399	2309.1	1.96185	0.0791267
lcl|NW_015391957.1_cds_XP_029142771.1_21617	438	399.949	0	0
lcl|NW_015391959.1_cds_XP_015684922.1_21618	762	731.734	20.7585	2.64207
lcl|NW_015391959.1_cds_XP_015684921.1_21619	735	678.357	8.10573	1.11285
lcl|NW_015391967.1_cds_XP_015684923.1_21620	612	571.676	15	2.44367
lcl|NW_015391968.1_cds_XP_015684924.1_21621	1011	972.949	0	0
lcl|NW_015391968.1_cds_XP_029142772.1_21622	1239	1143.92	4	0.32566
lcl|NW_015391972.1_cds_XP_015684926.1_21623	609	567.127	1.35717	0.222871
lcl|NW_015391976.1_cds_XP_029142773.1_21624	1492	1487.78	0.604514	0.0378415
lcl|NW_015391984.1_cds_XP_015684928.2_21625	502	463.949	0	0
lcl|NW_015391987.1_cds_XP_015684929.2_21626	1743	1613.61	34.3764	1.98409
lcl|NW_015391987.1_cds_XP_015684930.1_21627	645	608.158	1	0.153139
lcl|NW_015391987.1_cds_XP_015684932.2_21628	1254	1218.3	1	0.0764447
lcl|NW_015391989.1_cds_XP_015684933.1_21629	798	710.357	5	0.655533
lcl|NW_015391989.1_cds_XP_015684936.1_21630	687	598.486	0.00214741	0.000334166
lcl|NW_015391989.1_cds_XP_015684934.1_21631	687	594.189	0.997853	0.156402
lcl|NW_015391990.1_cds_XP_015684937.1_21632	2778	2826.46	45.511	1.4996
lcl|NW_015391991.1_cds_XP_015684938.1_21633	1128	1089.95	0	0
lcl|NW_015391992.1_cds_XP_015684939.1_21634	1815	1663.73	1	0.0559781
lcl|NW_015391993.1_cds_XP_015684942.1_21635	1557	1517.11	20	1.22777
lcl|NW_015391993.1_cds_XP_015684940.1_21636	624	585.949	0	0
lcl|NW_015391993.1_cds_XP_015684943.1_21637	1260	1221.95	0	0
lcl|NW_015391993.1_cds_XP_015684944.1_21638	1182	1143.95	0	0
lcl|NW_015391995.1_cds_XP_015684945.1_21639	1077	1011.14	2	0.184213
lcl|NW_015391999.1_cds_XP_015684946.1_21640	2172	1976.57	2.94683	0.138849
lcl|NW_015392000.1_cds_XP_015684947.1_21641	513	479.194	228	44.3124
lcl|NW_015392002.1_cds_XP_015684948.1_21642	450	393.106	0	0
lcl|NW_015392003.1_cds_XP_015684949.1_21643	490	457.355	0	0
lcl|NW_015392004.1_cds_XP_015684950.1_21644	957	879.842	16.3109	1.72653
lcl|NW_015392006.1_cds_XP_015684952.1_21645	1500	1473.04	9.15169	0.578612
lcl|NW_015392010.1_cds_XP_015684954.1_21646	468	379.771	1237	303.353
lcl|NW_015392010.1_cds_XP_015684953.1_21647	468	379.771	1237	303.353
lcl|NW_015392011.1_cds_XP_015684955.1_21648	1080	986.48	13.8337	1.30603
lcl|NW_015392012.1_cds_XP_015684956.1_21649	1107	1024.91	13	1.18129
lcl|NW_015392013.1_cds_XP_015684957.1_21650	519	480.949	0	0
lcl|NW_015392020.1_cds_XP_015684958.1_21651	1669	1548.36	2.83815	0.170712
lcl|NW_015392026.1_cds_XP_015684959.1_21652	750	711.949	0	0
lcl|NW_015392027.1_cds_XP_015684961.1_21653	1407	1406.22	2	0.132458
lcl|NW_015392035.1_cds_XP_015684962.1_21654	1786	1618.01	1.07065	0.0616263
lcl|NW_015392041.1_cds_XP_029142775.1_21655	1198	1123.71	3.16405	0.262236
lcl|NW_015392041.1_cds_XP_029142774.1_21656	702	663.949	0	0
lcl|NW_015392053.1_cds_XP_015684965.1_21657	567	528.949	0	0
lcl|NW_015392060.1_cds_XP_029142776.1_21658	643	610.373	3	0.457749
lcl|NW_015392062.1_cds_XP_015684969.1_21659	1155	1131.21	3.04501	0.250697
lcl|NW_015392068.1_cds_XP_015684971.1_21660	498	514.072	19	3.44216
lcl|NW_015392071.1_cds_XP_015684973.1_21661	1950	1911.95	0	0
lcl|NW_015392072.1_cds_XP_015684974.1_21662	1308	1205.73	1.81111	0.139892
lcl|NW_015392085.1_cds_XP_015684975.1_21663	894	880.672	2	0.211503
lcl|NW_015392087.1_cds_XP_029142777.1_21664	1083	1022.41	2	0.182182
lcl|NW_015392089.1_cds_XP_015684976.1_21665	315	255.534	0	0
lcl|NW_015392091.1_cds_XP_015684977.1_21666	936	890.443	1.42632e-06	1.49181e-07
lcl|NW_015392095.1_cds_XP_029142778.1_21667	2262	2310.52	27.407	1.10472
lcl|NW_015392098.1_cds_XP_029142779.1_21668	7386	6710.63	1.51238	0.0209894
lcl|NW_015392098.1_cds_XP_015684981.1_21669	654	560.111	16.8253	2.79763
lcl|NW_015392098.1_cds_XP_015684982.1_21670	3234	2944.29	4.61345	0.145931
lcl|NW_015392105.1_cds_XP_015684984.1_21671	600	561.949	0	0
lcl|NW_015392107.1_cds_XP_015684985.1_21672	477	406.111	26.7312	6.13019
lcl|NW_015392108.1_cds_XP_015684986.1_21673	402	363.949	0	0
lcl|NW_015392109.1_cds_XP_015684987.1_21674	1254	1130.41	0	0
lcl|NW_015392111.1_cds_XP_015684988.1_21675	438	379.454	2	0.490876
lcl|NW_015392113.1_cds_XP_029142780.1_21676	609	570.949	0	0
lcl|NW_015392113.1_cds_XP_015684989.1_21677	624	585.949	0	0
lcl|NW_015392118.1_cds_XP_015684990.1_21678	564	525.949	0	0
lcl|NW_015392122.1_cds_XP_015684991.1_21679	367	328.949	0	0
lcl|NW_015392122.1_cds_XP_015684992.1_21680	507	468.949	0	0
lcl|NW_015392123.1_cds_XP_015684993.1_21681	1120	1081.95	0	0
lcl|NW_015392125.1_cds_XP_015684995.1_21682	804	689.787	16	2.16026
lcl|NW_015392126.1_cds_XP_015684996.1_21683	895	828.414	85.5654	9.6195
lcl|NW_015392129.1_cds_XP_029142782.1_21684	894	855.949	0	0
lcl|NW_015392130.1_cds_XP_015684998.1_21685	772	761.192	11	1.34586
lcl|NW_015392131.1_cds_21686	1212	1195.26	1	0.0779183
lcl|NW_015392136.1_cds_XP_015684999.1_21687	690	651.949	0	0
lcl|NW_015392136.1_cds_XP_015685000.1_21688	849	797.136	0	0
lcl|NW_015392136.1_cds_XP_029142783.1_21689	672	633.949	0	0
lcl|NW_015392139.1_cds_XP_015685002.1_21690	1278	1312.46	0	0
lcl|NW_015392142.1_cds_XP_015685003.1_21691	1275	1236.95	0	0
lcl|NW_015392145.1_cds_XP_015685005.1_21692	1371	1332.95	0	0
lcl|NW_015392146.1_cds_XP_029142784.1_21693	1599	1475.66	4.63846	0.292746
lcl|NW_015392146.1_cds_XP_015685007.1_21694	489	410.154	123.016	27.9328
lcl|NW_015392149.1_cds_XP_015685008.1_21695	942	903.949	0	0
lcl|NW_015392149.1_cds_XP_015685009.1_21696	780	726.257	1	0.128236
lcl|NW_015392152.1_cds_XP_029142785.1_21697	3066	2872.54	3	0.097265
lcl|NW_015392156.1_cds_XP_015685011.1_21698	1326	1287.95	0	0
lcl|NW_015392157.1_cds_XP_015685012.1_21699	696	652.336	73.8528	10.5438
lcl|NW_015392159.1_cds_XP_015685013.1_21700	1197	1183.95	2.49587	0.196331
lcl|NW_015392161.1_cds_XP_015685014.1_21701	243	204.949	0	0
lcl|NW_015392163.1_cds_XP_015685016.1_21702	327	285.666	33.4488	10.9049
lcl|NW_015392166.1_cds_XP_015685017.1_21703	774	756.467	3	0.369345
lcl|NW_015392169.1_cds_XP_029142786.1_21704	3549	3582.24	3	0.0779953
lcl|NW_015392172.1_cds_XP_015685018.1_21705	372	339.67	0.763782	0.209418
lcl|NW_015392177.1_cds_XP_015685019.1_21706	546	507.949	0	0
lcl|NW_015392177.1_cds_XP_015685020.1_21707	1491	1342.41	1506.34	104.506
lcl|NW_015392180.1_cds_XP_029142787.1_21708	1032	958.932	1	0.0971211
lcl|NW_015392181.1_cds_XP_029142789.1_21709	1003	964.949	0	0
lcl|NW_015392181.1_cds_XP_029142788.1_21710	999	960.949	0	0
lcl|NW_015392182.1_cds_XP_029142791.1_21711	900	847.79	15.5962	1.71329
lcl|NW_015392182.1_cds_XP_029142790.1_21712	1887	1801.48	44.346	2.29259
lcl|NW_015392183.1_cds_XP_015685022.1_21713	705	666.149	20.1311	2.81447
lcl|NW_015392183.1_cds_XP_015685024.1_21714	894	855.949	0	0
lcl|NW_015392184.1_cds_XP_015685025.1_21715	879	840.949	0	0
lcl|NW_015392185.1_cds_XP_015685026.1_21716	1845	1642.01	1	0.0567187
lcl|NW_015392187.1_cds_XP_015685027.1_21717	1155	1048.86	270	23.9745
lcl|NW_015392188.1_cds_XP_015685028.1_21718	804	765.949	0	0
lcl|NW_015392188.1_cds_XP_015685029.1_21719	685	646.949	0	0
lcl|NW_015392190.1_cds_XP_029142792.1_21720	2922	2883.95	0	0
lcl|NW_015392194.1_cds_XP_015685030.1_21721	645	544.541	249.751	42.7148
lcl|NW_015392195.1_cds_XP_015685031.1_21722	1017	905.659	5.29107	0.544102
lcl|NW_015392207.1_cds_XP_015685034.1_21723	570	580.657	2.90948	0.466657
lcl|NW_015392211.1_cds_XP_015685035.2_21724	1680	1493.65	6.96859	0.434508
lcl|NW_015392211.1_cds_XP_029142793.1_21725	438	399.949	0	0
lcl|NW_015392211.1_cds_XP_029142794.1_21726	651	612.949	0	0
lcl|NW_015392212.1_cds_XP_015685041.1_21727	1188	1149.95	0	0
lcl|NW_015392213.1_cds_XP_015685042.1_21728	462	420.995	7.0387	1.5571
lcl|NW_015392214.1_cds_XP_015685043.1_21729	1599	1401.66	4	0.265778
lcl|NW_015392216.1_cds_XP_015685044.1_21730	1737	1583.02	29.3955	1.7294
lcl|NW_015392216.1_cds_XP_029142795.1_21731	3696	3403	9	0.24631
lcl|NW_015392230.1_cds_XP_029142796.1_21732	696	657.949	0	0
lcl|NW_015392231.1_cds_XP_029142797.1_21733	930	933.222	23	2.29532
lcl|NW_015392231.1_cds_XP_029142798.1_21734	2601	2589.51	27.5631	0.991315
lcl|NW_015392231.1_cds_XP_015685049.1_21735	1794	1755.95	0	0
lcl|NW_015392237.1_cds_XP_015685051.1_21736	636	597.949	0	0
lcl|NW_015392241.1_cds_XP_015685053.1_21737	1257	1206.06	11	0.849427
lcl|NW_015392241.1_cds_XP_015685052.1_21738	729	672.8	43.6124	6.03707
lcl|NW_015392242.1_cds_XP_015685054.1_21739	1132	1129.88	2.21861	0.182873
lcl|NW_015392243.1_cds_XP_015685055.1_21740	1289	1333.25	4.09766	0.286237
lcl|NW_015392249.1_cds_XP_015685057.1_21741	450	409.968	58.7087	13.3369
lcl|NW_015392257.1_cds_XP_029142799.1_21742	3888	3679.35	3	0.0759367
lcl|NW_015392257.1_cds_XP_015685059.1_21743	2115	1976.24	269.624	12.7063
lcl|NW_015392263.1_cds_XP_015685060.1_21744	561	536.383	133.702	23.2149
lcl|NW_015392266.1_cds_XP_029142800.1_21745	1299	1234.44	6.81502	0.514162
lcl|NW_015392275.1_cds_XP_029142801.1_21746	1047	1029.73	15.5779	1.40892
lcl|NW_015392278.1_cds_XP_015685063.1_21747	990	984.935	329.042	31.1132
lcl|NW_015392278.1_cds_XP_015685062.1_21748	1029	1030.67	73.958	6.68294
lcl|NW_015392279.1_cds_XP_015685065.1_21749	184	145.045	12.5	8.02617
lcl|NW_015392279.1_cds_XP_015685066.1_21750	184	145.045	12.5	8.02617
lcl|NW_015392280.1_cds_XP_015685067.1_21751	441	349.638	2	0.532737
lcl|NW_015392283.1_cds_XP_015685068.2_21752	1060	1021.95	0	0
lcl|NW_015392287.1_cds_XP_015685069.1_21753	729	679.131	6.01321	0.824621
lcl|NW_015392291.1_cds_XP_015685070.1_21754	351	338.593	0	0
lcl|NW_015392294.1_cds_XP_015685071.1_21755	1542	1503.95	0	0
lcl|NW_015392296.1_cds_XP_015685075.1_21756	798	812.881	1	0.114571
lcl|NW_015392296.1_cds_XP_015685073.2_21757	957	918.949	0	0
lcl|NW_015392296.1_cds_XP_015685074.2_21758	1002	963.949	0	0
lcl|NW_015392298.1_cds_XP_015685077.1_21759	1443	1333	5.24827	0.36668
lcl|NW_015392305.1_cds_XP_029142802.1_21760	579	437.871	0.551501	0.117301
lcl|NW_015392305.1_cds_XP_015685078.1_21761	399	360.949	0	0
lcl|NW_015392307.1_cds_XP_015685079.1_21762	414	375.949	0	0
lcl|NW_015392317.1_cds_XP_015685080.2_21763	2470	2452.25	101.588	3.85816
lcl|NW_015392318.1_cds_XP_015685081.1_21764	1203	1164.95	0	0
lcl|NW_015392320.1_cds_XP_015685083.2_21765	855	839.237	549.684	61.0001
lcl|NW_015392320.1_cds_XP_029142803.1_21766	282	239.968	6	2.32863
lcl|NW_015392331.1_cds_XP_015685084.1_21767	1080	996.567	683.625	63.8871
lcl|NW_015392342.1_cds_XP_015685087.1_21768	879	801.815	4.52747	0.525875
lcl|NW_015392343.1_cds_XP_015685088.1_21769	768	729.949	0	0
lcl|NW_015392344.1_cds_XP_015685089.1_21770	1263	1222.29	15.1364	1.15332
lcl|NW_015392349.1_cds_XP_015685090.1_21771	1185	1121.08	0.796324	0.0661538
lcl|NW_015392358.1_cds_XP_015685091.1_21772	472	421.42	4	0.883989
lcl|NW_015392359.1_cds_XP_015685092.1_21773	684	662.352	2	0.281217
lcl|NW_015392363.1_cds_XP_015685094.2_21774	581	555.401	0	0
lcl|NW_015392364.1_cds_XP_015685095.1_21775	1002	934.51	191.33	19.0678
lcl|NW_015392365.1_cds_XP_015685096.1_21776	831	791.043	3.76481	0.443245
lcl|NW_015392368.1_cds_XP_015685097.1_21777	850	799.767	13.8866	1.61708
lcl|NW_015392371.1_cds_XP_029142804.1_21778	2895	3034.53	3.81736	0.117158
lcl|NW_015392374.1_cds_XP_015685099.1_21779	642	573.771	13	2.11011
lcl|NW_015392378.1_cds_XP_015685100.1_21780	396	366.028	0.00901351	0.00229341
lcl|NW_015392382.1_cds_XP_015685101.1_21781	2397	2195	16	0.67887
lcl|NW_015392385.1_cds_XP_029142805.1_21782	981	942.949	0	0
lcl|NW_015392385.1_cds_XP_015685104.1_21783	831	792.949	0	0
lcl|NW_015392385.1_cds_XP_015685102.1_21784	675	588.301	3	0.474923
lcl|NW_015392385.1_cds_XP_015685103.1_21785	792	695.364	1	0.133934
lcl|NW_015392389.1_cds_XP_015685105.1_21786	816	788.897	79.725	9.41186
lcl|NW_015392390.1_cds_XP_015685106.1_21787	1712	1673.95	0	0
lcl|NW_015392393.1_cds_XP_015685107.1_21788	672	606.521	130.864	20.0945
lcl|NW_015392397.1_cds_XP_015685108.1_21789	1209	1155.3	6	0.483678
lcl|NW_015392397.1_cds_XP_015685109.2_21790	747	694.419	0	0
lcl|NW_015392407.1_cds_XP_015685111.1_21791	795	756.949	0	0
lcl|NW_015392410.1_cds_XP_015685112.1_21792	240	201.949	0	0
lcl|NW_015392411.1_cds_XP_029142806.1_21793	3681	3642.95	0	0
lcl|NW_015392414.1_cds_XP_015685114.1_21794	627	554.174	4.69282	0.788659
lcl|NW_015392419.1_cds_XP_015685115.2_21795	3009	2949.01	14	0.442133
lcl|NW_015392419.1_cds_XP_015685116.1_21796	1563	1549.76	61	3.66578
lcl|NW_015392425.1_cds_XP_015685117.1_21797	598	519.823	97.2965	17.4318
lcl|NW_015392425.1_cds_XP_015685118.1_21798	598	519.823	97.2965	17.4318
lcl|NW_015392430.1_cds_XP_015685119.1_21799	1680	1640.02	290.268	16.4836
lcl|NW_015392435.1_cds_XP_015685121.1_21800	1614	1538.1	6	0.363302
lcl|NW_015392437.1_cds_XP_015685122.1_21801	363	324.949	0	0
lcl|NW_015392438.1_cds_XP_015685123.1_21802	1229	1182.78	10.7266	0.844617
lcl|NW_015392440.1_cds_XP_015685124.1_21803	903	854.291	12	1.30821
lcl|NW_015392453.1_cds_XP_029142807.1_21804	1653	1584.21	8.2819	0.486877
lcl|NW_015392455.1_cds_XP_015685127.1_21805	480	397.746	1.20638	0.282475
lcl|NW_015392457.1_cds_XP_015685128.1_21806	648	564.893	7.20112	1.18723
lcl|NW_015392459.1_cds_XP_029142808.1_21807	498	454.815	4	0.81908
lcl|NW_015392462.1_cds_XP_015685130.1_21808	1290	1287.58	35	2.53161
lcl|NW_015392465.1_cds_XP_015685132.2_21809	1821	1672.49	14	0.779591
lcl|NW_015392472.1_cds_XP_015685133.1_21810	1568	1442.42	4.8772	0.314905
lcl|NW_015392473.1_cds_XP_015685135.1_21811	237	206.042	75.9876	34.3469
lcl|NW_015392473.1_cds_XP_015685134.1_21812	651	612.949	0	0
lcl|NW_015392475.1_cds_XP_029142812.1_21813	1059	1023.59	1.55142	0.141157
lcl|NW_015392475.1_cds_XP_029142811.1_21814	1308	1268.37	22.3234	1.63913
lcl|NW_015392475.1_cds_XP_029142810.1_21815	1311	1288.54	1.0374	0.0749807
lcl|NW_015392478.1_cds_XP_015685137.1_21816	631	584.872	5.48352	0.873173
lcl|NW_015392480.1_cds_XP_015685138.1_21817	1494	1436.96	12	0.777748
lcl|NW_015392484.1_cds_XP_015685139.1_21818	2535	2537	3.73672	0.137174
lcl|NW_015392486.1_cds_XP_015685140.1_21819	1060	1090.68	95.6012	8.16335
lcl|NW_015392489.1_cds_XP_015685142.1_21820	456	383.392	0	0
lcl|NW_015392490.1_cds_XP_015685143.1_21821	1776	1737.95	0	0
lcl|NW_015392496.1_cds_XP_029142813.1_21822	663	598.736	5.34278	0.831061
lcl|NW_015392497.1_cds_XP_015685145.1_21823	850	752.136	14.9765	1.85445
lcl|NW_015392503.1_cds_XP_015685146.1_21824	1941	1759.68	2.03542	0.107726
lcl|NW_015392505.1_cds_XP_015685147.1_21825	1435	1364.25	1.69132	0.11546
lcl|NW_015392508.1_cds_XP_029142814.1_21826	519	467.039	1	0.199411
lcl|NW_015392512.1_cds_XP_015685149.1_21827	1176	1081	9.96505	0.858527
lcl|NW_015392516.1_cds_XP_015685150.1_21828	249	207.951	51.5	23.0647
lcl|NW_015392516.1_cds_XP_015685151.1_21829	249	207.951	51.5	23.0647
lcl|NW_015392517.1_cds_XP_015685153.1_21830	678	639.949	0	0
lcl|NW_015392519.1_cds_XP_015685154.1_21831	837	742.254	3.55651	0.446245
lcl|NW_015392520.1_cds_XP_015685155.1_21832	1995	1956.95	0	0
lcl|NW_015392522.1_cds_XP_015685156.1_21833	808	769.949	0	0
lcl|NW_015392530.1_cds_XP_015685157.1_21834	675	636.949	0	0
lcl|NW_015392532.1_cds_XP_015685158.1_21835	845	806.949	0	0
lcl|NW_015392533.1_cds_XP_015685159.1_21836	800	724.774	1	0.128499
lcl|NW_015392535.1_cds_XP_015685160.1_21837	2415	2262.5	171.079	7.04223
lcl|NW_015392536.1_cds_XP_015685161.1_21838	972	889.927	5	0.523259
lcl|NW_015392538.1_cds_XP_015685162.1_21839	1332	1398.63	16.8132	1.11956
lcl|NW_015392539.1_cds_XP_029142815.1_21840	1092	1186.09	1.39868	0.109826
lcl|NW_015392540.1_cds_XP_015685167.1_21841	798	744.693	14	1.75086
lcl|NW_015392540.1_cds_XP_015685166.1_21842	561	495.147	1	0.188091
lcl|NW_015392545.1_cds_XP_029142816.1_21843	525	492.875	2	0.377915
lcl|NW_015392549.1_cds_XP_015685168.2_21844	567	484.842	51.415	9.87623
lcl|NW_015392549.1_cds_XP_015685169.2_21845	567	528.949	0	0
lcl|NW_015392551.1_cds_XP_015685170.1_21846	256	217.949	0	0
lcl|NW_015392559.1_cds_XP_015685171.1_21847	636	633.419	18	2.64656
lcl|NW_015392561.1_cds_XP_015685172.1_21848	891	852.949	0	0
lcl|NW_015392562.1_cds_XP_015685173.1_21849	576	537.949	0	0
lcl|NW_015392574.1_cds_XP_015685175.1_21850	1287	1248.95	0	0
lcl|NW_015392577.1_cds_XP_015685176.2_21851	852	813.949	0	0
lcl|NW_015392582.1_cds_XP_015685177.1_21852	657	610.917	1	0.152447
lcl|NW_015392584.1_cds_XP_015685179.1_21853	699	648.852	110.103	15.8036
lcl|NW_015392586.1_cds_XP_015685180.1_21854	702	663.949	0	0
lcl|NW_015392586.1_cds_XP_029142817.1_21855	1632	1593.95	0	0
lcl|NW_015392592.1_cds_XP_029142818.1_21856	405	356.061	4.2921	1.12266
lcl|NW_015392598.1_cds_XP_015685183.1_21857	1611	1572.95	0	0
lcl|NW_015392609.1_cds_XP_015685184.1_21858	487	398.102	8.23063e-07	1.92548e-07
lcl|NW_015392613.1_cds_XP_015685185.1_21859	1422	1383.95	0	0
lcl|NW_015392613.1_cds_XP_015685187.1_21860	945	894.131	20.179	2.10184
lcl|NW_015392614.1_cds_XP_015685188.1_21861	538	470.421	2	0.395954
lcl|NW_015392625.1_cds_XP_015685189.1_21862	1150	1091.72	1	0.0853077
lcl|NW_015392626.1_cds_XP_015685190.1_21863	551	494.884	7.8706	1.48117
lcl|NW_015392630.1_cds_XP_029142819.1_21864	696	619.941	9.54569	1.43403
lcl|NW_015392633.1_cds_XP_015685192.1_21865	582	528.381	13.549	2.38815
lcl|NW_015392635.1_cds_XP_015685194.1_21866	1131	1036.9	0	0
lcl|NW_015392638.1_cds_XP_029142820.1_21867	792	753.949	0	0
lcl|NW_015392642.1_cds_XP_015685195.1_21868	635	596.949	0	0
lcl|NW_015392645.1_cds_XP_029142821.1_21869	978	884.281	0	0
lcl|NW_015392649.1_cds_XP_029142822.1_21870	1821	1759.26	1.31848	0.0697983
lcl|NW_015392649.1_cds_XP_015685198.1_21871	1695	1718.36	16.7824	0.90958
lcl|NW_015392653.1_cds_XP_015685199.1_21872	1701	1544.42	7.1542	0.431418
lcl|NW_015392659.1_cds_XP_029142823.1_21873	1776	1746.49	1.37871	0.0735205
lcl|NW_015392661.1_cds_XP_029142824.1_21874	2739	2700.95	0	0
lcl|NW_015392665.1_cds_XP_029142825.1_21875	690	651.949	0	0
lcl|NW_015392665.1_cds_XP_029142826.1_21876	363	304.882	10	3.0547
lcl|NW_015392669.1_cds_XP_015685207.1_21877	1066	994.873	2.79561	0.261704
lcl|NW_015392671.1_cds_XP_029142827.1_21878	876	837.949	0	0
lcl|NW_015392671.1_cds_XP_015685208.1_21879	654	605.673	29	4.45924
lcl|NW_015392672.1_cds_XP_029142828.1_21880	999	940.623	99.4461	9.84632
lcl|NW_015392673.1_cds_XP_015685209.1_21881	264	224.016	1.54501	0.642323
lcl|NW_015392681.1_cds_XP_015685211.2_21882	645	625.919	10.4333	1.55241
lcl|NW_015392697.1_cds_XP_015685212.1_21883	1125	1086.95	0	0
lcl|NW_015392703.1_cds_XP_015685213.1_21884	486	437.444	466.418	99.301
lcl|NW_015392708.1_cds_XP_015685215.1_21885	858	796.802	1	0.116883
lcl|NW_015392712.1_cds_XP_015685216.1_21886	1011	972.949	0	0
lcl|NW_015392717.1_cds_XP_015685217.1_21887	1320	1286.73	4.36642	0.316038
lcl|NW_015392725.1_cds_XP_015685218.1_21888	576	516.229	14	2.52573
lcl|NW_015392726.1_cds_XP_015685219.1_21889	711	675.463	0	0
lcl|NW_015392726.1_cds_XP_015685220.1_21890	555	520.93	2.41386	0.431553
lcl|NW_015392735.1_cds_XP_015685221.1_21891	400	315.866	27	7.9609
lcl|NW_015392747.1_cds_XP_015685223.1_21892	1008	969.949	0	0
lcl|NW_015392751.1_cds_XP_015685224.1_21893	381	345.765	1235.49	332.783
lcl|NW_015392761.1_cds_XP_015685225.1_21894	819	780.949	0	0
lcl|NW_015392765.1_cds_XP_015685226.1_21895	451	412.949	0	0
lcl|NW_015392769.1_cds_XP_015685227.2_21896	609	579.185	5.12252	0.823696
lcl|NW_015392777.1_cds_XP_015685228.1_21897	660	606.606	42.0156	6.45068
lcl|NW_015392785.1_cds_XP_029142829.1_21898	2190	2110.78	3	0.132367
lcl|NW_015392798.1_cds_XP_015685230.1_21899	1311	1272.95	0	0
lcl|NW_015392801.1_cds_XP_029142830.1_21900	1920	1781.88	6.31021	0.329812
lcl|NW_015392803.1_cds_XP_015685233.1_21901	1932	1893.95	0	0
lcl|NW_015392807.1_cds_XP_015685234.2_21902	2028	1918.04	40	1.94225
lcl|NW_015392809.1_cds_XP_015685237.1_21903	546	458.893	4.47688	0.908584
lcl|NW_015392812.1_cds_XP_029142831.1_21904	528	489.949	0	0
lcl|NW_015392819.1_cds_XP_015685239.1_21905	160	99.6164	164	153.326
lcl|NW_015392823.1_cds_XP_015685240.1_21906	522	483.949	0	0
lcl|NW_015392831.1_cds_XP_015685242.1_21907	627	637.139	68.4027	9.99864
lcl|NW_015392831.1_cds_XP_015685243.1_21908	417	382.608	54.9497	13.3756
lcl|NW_015392842.1_cds_XP_015685244.1_21909	326	269.934	2.91205	1.00471
lcl|NW_015392854.1_cds_XP_015685246.1_21910	1026	987.949	0	0
lcl|NW_015392859.1_cds_XP_015685247.1_21911	672	603.043	2.52324	0.389683
lcl|NW_015392862.1_cds_XP_015685248.1_21912	1008	1006.72	21.1134	1.95323
lcl|NW_015392869.1_cds_XP_015685249.1_21913	1464	1372.48	1.81074	0.122872
lcl|NW_015392873.1_cds_XP_015685251.1_21914	603	564.949	0	0
lcl|NW_015392891.1_cds_XP_029142833.1_21915	861	799.486	3.10546	0.361756
lcl|NW_015392891.1_cds_XP_029142832.1_21916	570	548.327	18.1224	3.07806
lcl|NW_015392899.1_cds_XP_015685252.1_21917	338	276.616	3	1.01006
lcl|NW_015392903.1_cds_XP_015685253.2_21918	688	649.949	0	0
lcl|NW_015392909.1_cds_XP_029142834.1_21919	957	906.849	0	0
lcl|NW_015392909.1_cds_XP_015685255.1_21920	448	409.949	0	0
lcl|NW_015392915.1_cds_XP_015685256.1_21921	1323	1184.72	21	1.65084
lcl|NW_015392918.1_cds_XP_015685258.1_21922	1395	1248.06	5	0.373109
lcl|NW_015392923.1_cds_XP_015685259.2_21923	471	420.092	46	10.198
lcl|NW_015392936.1_cds_XP_015685260.1_21924	277	218.152	0	0
lcl|NW_015392940.1_cds_XP_015685261.1_21925	1239	1267.98	2	0.146899
lcl|NW_015392941.1_cds_XP_015685263.1_21926	546	556.365	5	0.836973
lcl|NW_015392941.1_cds_XP_015685262.2_21927	867	771.28	440.656	53.2095
lcl|NW_015392953.1_cds_XP_015685264.1_21928	876	889.734	102.63	10.7427
lcl|NW_015392956.1_cds_XP_015685265.1_21929	518	452.394	0	0
lcl|NW_015392956.1_cds_XP_029142835.1_21930	1440	1393.77	3.1984	0.21372
lcl|NW_015392956.1_cds_XP_015685267.1_21931	915	870.015	1.99477	0.213535
lcl|NW_015392956.1_cds_XP_015685269.1_21932	915	870.015	1.99477	0.213535
lcl|NW_015392958.1_cds_XP_015685270.1_21933	2018	2001.79	0	0
lcl|NW_015392960.1_cds_XP_029142836.1_21934	1887	1848.95	0	0
lcl|NW_015392966.1_cds_XP_015685272.1_21935	981	911.204	8	0.817665
lcl|NW_015392967.1_cds_XP_015685273.1_21936	687	585.354	532	84.6436
lcl|NW_015392971.1_cds_XP_015685274.1_21937	590	543.404	8.47285	1.45214
lcl|NW_015392973.1_cds_XP_015685275.1_21938	363	273.871	3	1.02018
lcl|NW_015392973.1_cds_XP_015685277.1_21939	899	810.49	2	0.229818
lcl|NW_015392980.1_cds_XP_015685278.1_21940	567	528.949	0	0
lcl|NW_015392987.1_cds_XP_015685279.1_21941	975	936.949	0	0
lcl|NW_015392987.1_cds_XP_015685281.1_21942	1122	1083.95	0	0
lcl|NW_015392987.1_cds_XP_015685282.1_21943	1188	1149.95	0	0
lcl|NW_015392987.1_cds_XP_015685283.1_21944	957	945.086	0.118932	0.0117201
lcl|NW_015392988.1_cds_XP_029142837.1_21945	2788	2564.56	0	0
lcl|NW_015392989.1_cds_XP_015685285.1_21946	485	449.155	949.565	196.893
lcl|NW_015392991.1_cds_XP_015685286.1_21947	1212	1184.84	1.18794	0.0933768
lcl|NW_015392991.1_cds_XP_029142838.1_21948	1284	1135.69	2	0.164011
lcl|NW_015392994.1_cds_XP_015685287.2_21949	2145	2106.95	0	0
lcl|NW_015392995.1_cds_XP_015685289.1_21950	2677	2638.95	0	0
lcl|NW_015393003.1_cds_XP_015685290.1_21951	776	691.979	4.65613	0.626663
lcl|NW_015393008.1_cds_XP_015685291.1_21952	1731	1765.39	39.7641	2.09774
lcl|NW_015393009.1_cds_XP_015685292.1_21953	297	224.842	23.1149	9.57452
lcl|NW_015393011.1_cds_XP_015685293.1_21954	1345	1306.95	0	0
lcl|NW_015393028.1_cds_XP_015685294.1_21955	1008	969.949	0	0
lcl|NW_015393029.1_cds_XP_015685295.1_21956	477	389.535	1.39424	0.333344
lcl|NW_015393030.1_cds_XP_015685296.1_21957	1312	1320.01	72.7953	5.13602
lcl|NW_015393031.1_cds_XP_015685297.1_21958	449	410.949	0	0
lcl|NW_015393032.1_cds_XP_015685298.1_21959	804	747.421	10.3876	1.29435
lcl|NW_015393038.1_cds_XP_015685300.2_21960	810	776.206	379.998	45.5937
lcl|NW_015393040.1_cds_XP_015685301.1_21961	1096	1057.95	0	0
lcl|NW_015393040.1_cds_XP_015685302.1_21962	1215	1152.88	12.2652	0.990806
lcl|NW_015393042.1_cds_XP_015685303.1_21963	786	726.693	33	4.22926
lcl|NW_015393047.1_cds_XP_015685304.2_21964	999	964.651	1	0.0965453
lcl|NW_015393050.1_cds_XP_015685305.1_21965	1563	1431.08	9.09402	0.591824
lcl|NW_015393057.1_cds_XP_015685306.1_21966	1176	1102.59	96.3487	8.13828
lcl|NW_015393063.1_cds_XP_029142840.1_21967	1189	1150.95	0	0
lcl|NW_015393064.1_cds_XP_029142841.1_21968	688	660.753	5.366	0.756332
lcl|NW_015393065.1_cds_XP_029142842.1_21969	772	733.949	0	0
lcl|NW_015393066.1_cds_XP_029142845.1_21970	1233	1175.94	7	0.55439
lcl|NW_015393066.1_cds_XP_029142843.1_21971	888	767.354	16	1.94189
lcl|NW_015393066.1_cds_XP_029142844.1_21972	879	758.658	0	0
lcl|NW_015393071.1_cds_XP_015685313.1_21973	141	103.143	11	9.93239
lcl|NW_015393073.1_cds_XP_029142846.1_21974	1683	1644.95	0	0
lcl|NW_015393075.1_cds_XP_015685314.2_21975	1657	1606.06	39.8239	2.30932
lcl|NW_015393079.1_cds_XP_015685315.1_21976	2058	2084.17	138.456	6.18699
lcl|NW_015393082.1_cds_XP_015685316.1_21977	957	850.855	61.821	6.76678
lcl|NW_015393083.1_cds_XP_015685317.1_21978	945	906.949	0	0
lcl|NW_015393083.1_cds_XP_015685319.1_21979	936	897.949	0	0
lcl|NW_015393087.1_cds_XP_015685320.1_21980	585	522.737	78.7961	14.0386
lcl|NW_015393095.1_cds_XP_015685321.1_21981	952	944.186	0.266104	0.026248
lcl|NW_015393101.1_cds_XP_015685322.1_21982	516	462.081	4	0.8062
lcl|NW_015393105.1_cds_XP_015685323.1_21983	1674	1572.9	20.6613	1.22337
lcl|NW_015393106.1_cds_XP_015685324.1_21984	2220	2115.34	2	0.0880546
lcl|NW_015393107.1_cds_XP_029142847.1_21985	1110	1071.15	40.9953	3.5644
lcl|NW_015393115.1_cds_XP_015685328.1_21986	1185	1129.74	17.7269	1.46136
lcl|NW_015393122.1_cds_XP_015685329.1_21987	468	425.119	0.128989	0.0282582
lcl|NW_015393123.1_cds_XP_015685330.1_21988	792	783.033	13.8648	1.64906
lcl|NW_015393127.1_cds_XP_029142848.1_21989	1698	1731.5	41.1451	2.21308
lcl|NW_015393128.1_cds_XP_015685332.1_21990	1380	1380.67	1045.84	70.5465
lcl|NW_015393131.1_cds_XP_015685333.1_21991	1332	1293.95	0	0
lcl|NW_015393139.1_cds_XP_015685334.1_21992	402	377.273	56	13.824
lcl|NW_015393152.1_cds_XP_015685336.1_21993	1360	1321.95	0	0
lcl|NW_015393153.1_cds_XP_015685337.1_21994	771	731.001	153.006	19.4936
lcl|NW_015393155.1_cds_XP_015685338.1_21995	441	402.949	0	0
lcl|NW_015393168.1_cds_XP_015685340.1_21996	483	463.349	38	7.63795
lcl|NW_015393168.1_cds_XP_029142849.1_21997	483	463.349	38	7.63795
lcl|NW_015393168.1_cds_XP_015685339.2_21998	483	444.949	0	0
lcl|NW_015393168.1_cds_XP_029142850.1_21999	459	426.981	1	0.218118
lcl|NW_015393172.1_cds_XP_015685341.1_22000	921	878.486	62	6.57291
lcl|NW_015393174.1_cds_XP_015685342.1_22001	336	310.04	2.74481	0.82451
lcl|NW_015393175.1_cds_XP_015685343.1_22002	516	493.617	10.5285	1.98646
lcl|NW_015393181.1_cds_XP_015685345.1_22003	1143	1104.95	0	0
lcl|NW_015393181.1_cds_XP_015685346.1_22004	1126	1087.95	0	0
lcl|NW_015393182.1_cds_XP_015685348.1_22005	402	324.323	53	15.2195
lcl|NW_015393182.1_cds_XP_015685347.1_22006	930	860.875	0	0
lcl|NW_015393183.1_cds_XP_015685349.1_22007	1047	1008.95	0	0
lcl|NW_015393185.1_cds_XP_015685350.1_22008	573	517.445	0	0
lcl|NW_015393195.1_cds_XP_015685351.1_22009	1014	961.932	11.2734	1.09147
lcl|NW_015393199.1_cds_XP_015685352.2_22010	829	790.949	0	0
lcl|NW_015393200.1_cds_XP_015685353.1_22011	366	327.978	316.322	89.8227
lcl|NW_015393206.1_cds_XP_015685354.1_22012	576	510.512	0	0
lcl|NW_015393209.1_cds_XP_015685356.1_22013	690	584.47	93	14.8191
lcl|NW_015393220.1_cds_XP_015685357.1_22014	4110	3610.69	4	0.103174
lcl|NW_015393227.1_cds_XP_015685358.1_22015	691	652.949	0	0
lcl|NW_015393235.1_cds_XP_015685359.1_22016	759	748.794	87.0568	10.8278
lcl|NW_015393242.1_cds_XP_015685360.1_22017	579	540.73	12.8661	2.216
lcl|NW_015393247.1_cds_XP_015685361.1_22018	447	388.794	76	18.2052
lcl|NW_015393247.1_cds_XP_015685362.1_22019	327	253.859	81	29.7163
lcl|NW_015393258.1_cds_XP_015685363.1_22020	261	200.113	87	40.4898
lcl|NW_015393261.1_cds_XP_015685364.2_22021	572	565.699	23.9964	3.95059
lcl|NW_015393262.1_cds_XP_015685366.1_22022	421	385.428	2	0.483268
lcl|NW_015393268.1_cds_XP_015685367.1_22023	585	502.081	2	0.370986
lcl|NW_015393271.1_cds_XP_015685368.2_22024	1185	1085.25	20.9908	1.80136
lcl|NW_015393272.1_cds_XP_015685369.1_22025	447	386.991	4.5386	1.09225
lcl|NW_015393279.1_cds_XP_029142851.1_22026	1089	1050.95	0	0
lcl|NW_015393279.1_cds_XP_015685371.1_22027	462	391.438	0.0879156	0.0209172
lcl|NW_015393285.1_cds_XP_015685372.1_22028	724	706.291	3.51002	0.462837
lcl|NW_015393295.1_cds_XP_015685373.1_22029	1722	1688.26	24.8693	1.37191
lcl|NW_015393298.1_cds_XP_015685374.1_22030	733	678.734	19.2874	2.64652
lcl|NW_015393301.1_cds_XP_015685377.1_22031	375	348.315	0	0
lcl|NW_015393305.1_cds_XP_015685378.1_22032	771	753.598	204.553	25.2794
lcl|NW_015393308.1_cds_XP_029142852.1_22033	1251	1212.95	0	0
lcl|NW_015393315.1_cds_XP_015685379.1_22034	602	583.381	0	0
lcl|NW_015393316.1_cds_XP_015685380.2_22035	1767	1699.5	10.4127	0.570613
lcl|NW_015393323.1_cds_XP_015685381.1_22036	1823	1749.27	57.327	3.05213
lcl|NW_015393326.1_cds_XP_015685382.1_22037	1365	1259.92	4.68166	0.346064
lcl|NW_015393330.1_cds_XP_015685384.1_22038	651	612.208	2.94885	0.448596
lcl|NW_015393336.1_cds_XP_015685385.1_22039	451	406.955	282.076	64.5538
lcl|NW_015393337.1_cds_XP_015685386.1_22040	849	830.849	2.66342	0.298551
lcl|NW_015393346.1_cds_XP_015685388.1_22041	448	409.949	0	0
lcl|NW_015393349.1_cds_XP_015685389.1_22042	1164	1107.12	9.92644	0.835022
lcl|NW_015393353.1_cds_XP_029142853.1_22043	2169	2101.34	79.1259	3.50691
lcl|NW_015393366.1_cds_XP_029142854.1_22044	324	285.949	0	0
lcl|NW_015393367.1_cds_XP_015685392.1_22045	336	291.522	39.9593	12.7658
lcl|NW_015393369.1_cds_XP_015685393.1_22046	585	524.353	27.2039	4.83179
lcl|NW_015393375.1_cds_XP_015685394.1_22047	504	462.41	41.637	8.38599
lcl|NW_015393377.1_cds_XP_015685395.1_22048	402	337.316	32.2808	8.9127
lcl|NW_015393380.1_cds_XP_015685396.2_22049	573	487.856	8.21592	1.56843
lcl|NW_015393381.1_cds_XP_015685398.1_22050	933	894.949	0	0
lcl|NW_015393394.1_cds_XP_015685399.1_22051	1131	1129.58	96	7.91511
lcl|NW_015393396.1_cds_XP_015685400.1_22052	1002	999.134	66.057	6.15739
lcl|NW_015393420.1_cds_XP_015685401.1_22053	978	957.298	0	0
lcl|NW_015393422.1_cds_XP_029142856.1_22054	690	659.204	32.4176	4.57997
lcl|NW_015393423.1_cds_XP_015685402.1_22055	852	778.106	0.891968	0.106761
lcl|NW_015393428.1_cds_XP_015685403.1_22056	1002	962.738	20.1858	1.95272
lcl|NW_015393431.1_cds_XP_015685405.1_22057	468	445.512	14.3718	3.00436
lcl|NW_015393433.1_cds_XP_029142857.1_22058	3135	3015.32	20.2349	0.624983
lcl|NW_015393440.1_cds_XP_015685407.1_22059	871	772.746	9.02353	1.08753
lcl|NW_015393441.1_cds_XP_015685408.1_22060	324	295.756	0	0
lcl|NW_015393447.1_cds_XP_015685409.1_22061	679	640.949	0	0
lcl|NW_015393450.1_cds_XP_015685410.1_22062	1152	1003.75	3	0.278354
lcl|NW_015393451.1_cds_XP_015685411.1_22063	354	315.949	0	0
lcl|NW_015393453.1_cds_XP_015685412.1_22064	307	269.176	1	0.345992
lcl|NW_015393458.1_cds_XP_015685413.1_22065	768	659.72	25.7841	3.63993
lcl|NW_015393459.1_cds_XP_015685414.1_22066	2368	2250.04	7.5209	0.311301
lcl|NW_015393462.1_cds_XP_015685416.1_22067	1085	1055.9	392	34.5751
lcl|NW_015393466.1_cds_XP_015685417.1_22068	1261	1227.65	29.4211	2.23196
lcl|NW_015393472.1_cds_XP_015685418.2_22069	1383	1344.95	0	0
lcl|NW_015393472.1_cds_XP_029142858.1_22070	1374	1335.95	0	0
lcl|NW_015393482.1_cds_XP_015685419.1_22071	696	636.272	43	6.294
lcl|NW_015393488.1_cds_XP_015685420.1_22072	1113	1082.93	65.9788	5.6742
lcl|NW_015393504.1_cds_XP_015685421.1_22073	3033	2994.95	0	0
lcl|NW_015393505.1_cds_XP_015685422.1_22074	1233	1109.99	73.6193	6.17698
lcl|NW_015393508.1_cds_XP_015685423.1_22075	288	212.56	0	0
lcl|NW_015393520.1_cds_XP_015685424.1_22076	723	620.816	194.209	29.1344
lcl|NW_015393521.1_cds_XP_015685426.1_22077	597	558.949	0	0
lcl|NW_015393527.1_cds_XP_015685427.1_22078	684	570.113	10.6544	1.74048
lcl|NW_015393528.1_cds_XP_015685428.1_22079	318	289.608	7.60235	2.44478
lcl|NW_015393528.1_cds_XP_015685429.1_22080	429	419.129	6.84704	1.52144
lcl|NW_015393533.1_cds_XP_015685430.1_22081	381	381.839	11.6505	2.84163
lcl|NW_015393534.1_cds_XP_015685431.2_22082	918	928.299	1	0.100326
lcl|NW_015393534.1_cds_XP_015685432.1_22083	930	959.518	0	0
lcl|NW_015393534.1_cds_XP_015685433.1_22084	954	915.949	0	0
lcl|NW_015393548.1_cds_XP_015685434.1_22085	423	386.342	4.99671	1.20452
lcl|NW_015393548.1_cds_XP_015685435.1_22086	423	386.342	4.99671	1.20452
lcl|NW_015393562.1_cds_XP_015685437.2_22087	1008	1009.11	118.046	10.8946
lcl|NW_015393564.1_cds_XP_029142860.1_22088	1428	1239.73	3	0.225369
lcl|NW_015393571.1_cds_XP_015685439.1_22089	1443	1404.95	0	0
lcl|NW_015393580.1_cds_XP_015685440.1_22090	975	931.695	0	0
lcl|NW_015393581.1_cds_XP_015685441.1_22091	684	640.974	101.627	14.7662
lcl|NW_015393600.1_cds_XP_015685442.2_22092	597	528.798	0	0
lcl|NW_015393607.1_cds_XP_015685443.1_22093	1306	1243.05	0.0133355	0.000999128
lcl|NW_015393609.1_cds_XP_015685444.1_22094	138	107.399	9.52859	8.26287
lcl|NW_015393616.1_cds_XP_015685445.1_22095	468	429.949	0	0
lcl|NW_015393627.1_cds_XP_015685447.1_22096	735	674.909	35.0907	4.84225
lcl|NW_015393628.1_cds_XP_015685449.1_22097	477	424.153	133.138	29.2334
lcl|NW_015393628.1_cds_XP_015685448.1_22098	561	522.949	0	0
lcl|NW_015393629.1_cds_XP_015685450.1_22099	669	595.082	2.25707	0.353241
lcl|NW_015393633.1_cds_XP_015685451.1_22100	417	386.512	27.8055	6.69992
lcl|NW_015393636.1_cds_XP_015685452.1_22101	754	682.2	12.0067	1.63913
lcl|NW_015393661.1_cds_XP_015685453.1_22102	330	280.877	17.4588	5.78894
lcl|NW_015393661.1_cds_XP_015685454.1_22103	483	439.796	23.5	4.97643
lcl|NW_015393665.1_cds_XP_015685455.1_22104	498	459.949	0	0
lcl|NW_015393680.1_cds_XP_015685456.1_22105	513	474.949	0	0
lcl|NW_015393690.1_cds_XP_015685458.1_22106	543	504.949	0	0
lcl|NW_015393692.1_cds_XP_015685459.1_22107	745	648.782	7.9472	1.14082
lcl|NW_015393702.1_cds_XP_015685460.1_22108	474	420.903	56.1917	12.4334
lcl|NW_015393702.1_cds_XP_015685461.1_22109	852	760.389	25	3.062
lcl|NW_015393703.1_cds_XP_015685462.2_22110	1662	1496.11	10.7131	0.666891
lcl|NW_015393706.1_cds_XP_015685463.1_22111	360	321.949	0	0
lcl|NW_015393712.1_cds_XP_029142861.1_22112	846	807.949	0	0
lcl|NW_015393718.1_cds_XP_015685467.1_22113	726	687.949	0	0
lcl|NW_015393718.1_cds_XP_015685465.1_22114	252	213.949	0	0
lcl|NW_015393734.1_cds_XP_015685468.1_22115	672	633.949	0	0
lcl|NW_015393736.1_cds_XP_015685469.1_22116	504	462.41	41.637	8.38599
lcl|NW_015393738.1_cds_XP_015685470.1_22117	774	798.554	12.7132	1.4827
lcl|NW_015393742.1_cds_XP_029142862.1_22118	2076	2183.73	33.2757	1.41916
lcl|NW_015393751.1_cds_XP_015685471.1_22119	413	407.667	31.6059	7.22045
lcl|NW_015393752.1_cds_XP_015685473.1_22120	1767	1743.37	5.37242e-07	2.86999e-08
lcl|NW_015393752.1_cds_XP_015685472.1_22121	1683	1668.54	6.76737	0.377733
lcl|NW_015393762.1_cds_XP_015685474.1_22122	480	441.949	0	0
lcl|NW_015393765.1_cds_XP_029142863.1_22123	666	627.949	0	0
lcl|NW_015393770.1_cds_XP_015685478.1_22124	1086	1018.39	10	0.914503
lcl|NW_015393777.1_cds_XP_015685479.1_22125	501	425.475	5.45431	1.1939
lcl|NW_015393789.1_cds_XP_015685480.1_22126	444	396.349	24.647	5.79147
lcl|NW_015393791.1_cds_XP_015685481.2_22127	762	690.329	7	0.944373
lcl|NW_015393799.1_cds_XP_015685482.1_22128	429	400.955	0	0
lcl|NW_015393815.1_cds_XP_015685484.1_22129	1167	1145.77	18.1304	1.47371
lcl|NW_015393815.1_cds_XP_015685483.1_22130	1224	1176.03	80	6.33538
lcl|NW_015393817.1_cds_XP_015685486.1_22131	649	610.949	0	0
lcl|NW_015393821.1_cds_XP_015685487.1_22132	480	446.878	138	28.7601
lcl|NW_015393825.1_cds_XP_015685488.1_22133	327	279.24	2.82408	0.941891
lcl|NW_015393833.1_cds_XP_015685489.1_22134	395	356.949	0	0
lcl|NW_015393843.1_cds_XP_015685490.1_22135	897	811.274	92	10.5614
lcl|NW_015393843.1_cds_XP_015685491.1_22136	510	446.247	6	1.25221
lcl|NW_015393847.1_cds_XP_015685493.1_22137	606	502.351	3.78565	0.701834
lcl|NW_015393848.1_cds_XP_015685494.1_22138	618	556.886	18	3.01028
lcl|NW_015393849.1_cds_XP_015685495.1_22139	531	521.274	23.381	4.17732
lcl|NW_015393853.1_cds_XP_015685496.1_22140	228	195.069	2	0.954867
lcl|NW_015393857.1_cds_XP_029142864.1_22141	1620	1556.58	31.3025	1.87288
lcl|NW_015393859.1_cds_XP_015685497.1_22142	369	339.69	18	4.93505
lcl|NW_015393866.1_cds_XP_029142865.1_22143	837	888.158	19.5464	2.04965
lcl|NW_015393881.1_cds_XP_015685499.1_22144	525	522.823	2.24001	0.399021
lcl|NW_015393882.1_cds_XP_015685500.1_22145	1129	1090.95	0	0
lcl|NW_015393891.1_cds_XP_015685501.1_22146	701	610.858	10	1.52462
lcl|NW_015393893.1_cds_XP_015685502.1_22147	429	390.949	0	0
lcl|NW_015393895.1_cds_XP_029142866.1_22148	492	467.891	26.2869	5.23234
lcl|NW_015393896.1_cds_XP_029142867.1_22149	1668	1722.93	50.4347	2.72623
lcl|NW_015393897.1_cds_XP_015685503.1_22150	378	331.3	14.6825	4.12744
lcl|NW_015393914.1_cds_XP_015685504.1_22151	726	687.949	0	0
lcl|NW_015393915.1_cds_XP_015685505.1_22152	723	678.161	18.9942	2.60849
lcl|NW_015393927.1_cds_XP_015685506.1_22153	957	918.949	0	0
lcl|NW_015393948.1_cds_XP_015685507.1_22154	702	573.122	6	0.975003
lcl|NW_015393950.1_cds_XP_015685508.1_22155	726	687.949	0	0
lcl|NW_015393958.1_cds_XP_015685509.2_22156	1767	1749.53	79.2326	4.21778
lcl|NW_015393960.1_cds_XP_029142869.1_22157	543	504.949	0	0
lcl|NW_015393984.1_cds_XP_015685512.1_22158	327	253.859	81	29.7163
lcl|NW_015393985.1_cds_XP_015685513.1_22159	639	613.275	2.15618	0.32744
lcl|NW_015393986.1_cds_XP_015685514.1_22160	858	737.521	1	0.126278
lcl|NW_015393994.1_cds_XP_015685515.1_22161	286	247.949	0	0
lcl|NW_015393996.1_cds_XP_015685516.1_22162	562	523.949	0	0
lcl|NW_015393999.1_cds_XP_015685517.1_22163	771	739.291	66.2403	8.34466
lcl|NW_015394000.1_cds_XP_015685518.1_22164	507	468.949	0	0
lcl|NW_015394013.1_cds_XP_029142870.1_22165	1962	1887.89	33.4189	1.64861
lcl|NW_015394021.1_cds_XP_015685521.1_22166	560	511.253	35.9357	6.54624
lcl|NW_015394024.1_cds_XP_015685522.1_22167	660	598.933	5.45044	0.847529
lcl|NW_015394025.1_cds_XP_015685523.1_22168	1056	1017.95	0	0
lcl|NW_015394028.1_cds_XP_015685524.1_22169	947	876.241	4	0.425146
lcl|NW_015394030.1_cds_XP_015685525.1_22170	708	665.973	12.1335	1.6968
lcl|NW_015394032.1_cds_XP_015685526.1_22171	941	877.386	26.2052	2.78162
lcl|NW_015394035.1_cds_XP_015685527.1_22172	480	446.878	138	28.7601
lcl|NW_015394044.1_cds_XP_015685528.2_22173	396	330.964	65.7914	18.5135
lcl|NW_015394061.1_cds_XP_015685529.1_22174	168	129.949	0	0
lcl|NW_015394073.1_cds_XP_015685530.1_22175	642	619.956	12.7927	1.92178
lcl|NW_015394090.1_cds_XP_015685531.1_22176	624	601.765	3.51515	0.544024
lcl|NW_015394109.1_cds_XP_015685532.1_22177	583	545.139	363.538	62.1074
lcl|NW_015394122.1_cds_XP_015685533.1_22178	892	870.556	2	0.213961
lcl|NW_015394123.1_cds_XP_015685534.1_22179	624	572.408	337	54.8309
lcl|NW_015394125.1_cds_XP_015685535.1_22180	828	838.299	0	0
lcl|NW_015394127.1_cds_XP_015685536.1_22181	576	537.949	0	0
lcl|NW_015394132.1_cds_XP_015685537.1_22182	465	418.618	0.212338	0.0472401
lcl|NW_015394135.1_cds_XP_015685539.1_22183	267	207.156	26.7138	12.0099
lcl|NW_015394139.1_cds_XP_015685540.1_22184	253	206.77	9.17089	4.13071
lcl|NW_015394140.1_cds_XP_015685541.1_22185	555	476.293	0.969862	0.189643
lcl|NW_015394160.1_cds_XP_015685542.1_22186	1052	1013.95	0	0
lcl|NW_015394175.1_cds_XP_015685543.1_22187	657	618.949	0	0
lcl|NW_015394175.1_cds_XP_015685545.1_22188	1254	1215.95	0	0
lcl|NW_015394175.1_cds_XP_015685544.1_22189	1140	1101.95	0	0
lcl|NW_015394177.1_cds_XP_015685547.1_22190	360	328.339	0.0985076	0.0279414
lcl|NW_015394181.1_cds_XP_015685548.1_22191	372	333.949	0	0
lcl|NW_015394185.1_cds_XP_015685549.1_22192	490	451.949	0	0
lcl|NW_015394190.1_cds_XP_015685550.1_22193	672	630.794	5.17466	0.764004
lcl|NW_015394194.1_cds_XP_015685551.1_22194	329	289.285	37.5149	12.0776
lcl|NW_015394197.1_cds_XP_029142872.1_22195	717	646.057	31.1366	4.4885
lcl|NW_015394199.1_cds_XP_015685553.1_22196	597	574.131	0.552908	0.0896898
lcl|NW_015394201.1_cds_XP_029142873.1_22197	1527	1434.98	4	0.259607
lcl|NW_015394210.1_cds_XP_015685555.1_22198	1143	1088.32	2	0.171149
lcl|NW_015394212.1_cds_XP_015685557.1_22199	801	744.264	223.373	27.9515
lcl|NW_015394213.1_cds_XP_029142874.1_22200	756	721.03	40.6308	5.24811
lcl|NW_015394221.1_cds_XP_015685558.1_22201	1212	1173.95	0	0
lcl|NW_015394224.1_cds_XP_015685559.1_22202	717	668.63	2	0.278577
lcl|NW_015394227.1_cds_XP_015685560.1_22203	748	697.141	90	12.0233
lcl|NW_015394227.1_cds_XP_015685561.1_22204	693	625.139	30	4.46937
lcl|NW_015394230.1_cds_XP_015685562.2_22205	804	719.104	10	1.29512
lcl|NW_015394232.1_cds_XP_015685563.1_22206	802	763.949	0	0
lcl|NW_015394234.1_cds_XP_015685564.1_22207	510	471.949	0	0
lcl|NW_015394235.1_cds_XP_015685565.1_22208	324	285.949	0	0
lcl|NW_015394255.1_cds_XP_015685566.1_22209	310	267.535	9.04246	3.1478
lcl|NW_015394267.1_cds_XP_015685567.1_22210	627	555.59	1.59959	0.268136
lcl|NW_015394267.1_cds_XP_015685568.1_22211	261	213.53	1	0.436157
lcl|NW_015394268.1_cds_XP_015685569.1_22212	939	900.949	0	0
lcl|NW_015394268.1_cds_XP_015685570.1_22213	939	900.949	0	0
lcl|NW_015394271.1_cds_XP_015685571.2_22214	567	528.949	0	0
lcl|NW_015394274.1_cds_XP_029142875.1_22215	2877	2987.75	19.9748	0.622644
lcl|NW_015394284.1_cds_XP_015685575.1_22216	1956	1834	17.7432	0.901021
lcl|NW_015394287.1_cds_XP_015685576.1_22217	627	584.234	48.6521	7.75561
lcl|NW_015394295.1_cds_XP_015685577.1_22218	556	517.949	0	0
lcl|NW_015394302.1_cds_XP_015685578.1_22219	531	456.862	0	0
lcl|NW_015394315.1_cds_XP_029142876.1_22220	3156	3040.6	29.7651	0.911695
lcl|NW_015394316.1_cds_XP_015685580.1_22221	583	544.949	0	0
lcl|NW_015394321.1_cds_XP_015685581.1_22222	810	757.029	541.375	66.6019
lcl|NW_015394322.1_cds_XP_015685582.1_22223	957	912.106	0	0
lcl|NW_015394326.1_cds_XP_015685584.1_22224	658	600.972	133.947	20.7578
lcl|NW_015394326.1_cds_XP_015685585.2_22225	645	588.355	0	0
lcl|NW_015394344.1_cds_XP_029142877.1_22226	1122	1080.57	2	0.172377
lcl|NW_015394348.1_cds_XP_015685587.1_22227	1044	987.611	10155.1	957.637
lcl|NW_015394361.1_cds_XP_015685588.1_22228	164	121.529	2601.59	1993.71
lcl|NW_015394374.1_cds_XP_015685589.1_22229	702	663.949	0	0
lcl|NW_015394375.1_cds_XP_015685590.1_22230	873	783.173	52.6085	6.25605
lcl|NW_015394376.1_cds_XP_015685591.1_22231	1306	1236.91	0.986665	0.0742903
lcl|NW_015394380.1_cds_XP_015685592.1_22232	4275	4158.02	2.64546	0.0592538
lcl|NW_015394384.1_cds_XP_015685594.1_22233	588	549.949	0	0
lcl|NW_015394391.1_cds_XP_015685595.1_22234	559	520.949	0	0
lcl|NW_015394396.1_cds_XP_015685596.1_22235	1595	1548.56	111.909	6.73037
lcl|NW_015394398.1_cds_XP_015685597.1_22236	474	435.949	0	0
lcl|NW_015394408.1_cds_XP_015685598.1_22237	477	440.508	0	0
lcl|NW_015394410.1_cds_XP_029142878.1_22238	994	947.991	1	0.098242
lcl|NW_015394414.1_cds_XP_015685599.1_22239	807	793.603	27.7656	3.25841
lcl|NW_015394424.1_cds_XP_015685600.1_22240	369	318.393	1	0.292508
lcl|NW_015394426.1_cds_XP_015685601.1_22241	434	402.897	2.73951	0.633258
lcl|NW_015394443.1_cds_XP_015685603.1_22242	455	393.617	12.0047	2.84039
lcl|NW_015394447.1_cds_XP_029142880.1_22243	883	844.949	0	0
lcl|NW_015394457.1_cds_XP_015685605.1_22244	1140	1005.01	1	0.0926683
lcl|NW_015394470.1_cds_XP_015685606.1_22245	291	247.703	9.21776	3.46573
lcl|NW_015394491.1_cds_XP_015685607.1_22246	417	374.176	142.001	35.3441
lcl|NW_015394493.1_cds_XP_015685608.1_22247	723	665.62	97.4697	13.6378
lcl|NW_015394499.1_cds_XP_015685609.1_22248	364	314.133	1	0.296475
lcl|NW_015394511.1_cds_XP_015685610.1_22249	1476	1464.98	569.737	36.2197
lcl|NW_015394518.1_cds_XP_015685611.1_22250	558	526.646	9.75516	1.72511
lcl|NW_015394518.1_cds_XP_015685612.1_22251	504	471.756	319.177	63.0108
lcl|NW_015394520.1_cds_XP_015685614.1_22252	867	828.949	0	0
lcl|NW_015394525.1_cds_XP_029142881.1_22253	1270	1216.2	9.48397	0.72625
lcl|NW_015394530.1_cds_XP_015685616.1_22254	1428	1415.29	215.57	14.1855
lcl|NW_015394531.1_cds_XP_015685617.1_22255	975	935.54	76	7.56576
lcl|NW_015394537.1_cds_XP_015685618.1_22256	811	738.171	35.3934	4.46546
lcl|NW_015394538.1_cds_XP_015685619.1_22257	369	330.367	1.93903	0.546624
lcl|NW_015394548.1_cds_XP_015685620.1_22258	969	930.949	0	0
lcl|NW_015394555.1_cds_XP_015685621.1_22259	430	391.949	0	0
lcl|NW_015394570.1_cds_XP_015685622.1_22260	271	232.949	0	0
lcl|NW_015394572.1_cds_XP_015685624.2_22261	876	832.029	3.96436	0.443748
lcl|NW_015394575.1_cds_XP_015685625.1_22262	1542	1372.96	3	0.2035
lcl|NW_015394579.1_cds_XP_015685626.1_22263	555	478.153	0.0301377	0.00587009
lcl|NW_015394593.1_cds_XP_015685627.1_22264	2118	1906.4	1.83477	0.0896331
lcl|NW_015394600.1_cds_XP_015685628.1_22265	447	393.353	3.64453	0.862902
lcl|NW_015394602.1_cds_XP_015685629.1_22266	776	737.949	0	0
lcl|NW_015394608.1_cds_XP_029142882.1_22267	2715	2676.95	0	0
lcl|NW_015394609.1_cds_XP_029142884.1_22268	423	384.949	0	0
lcl|NW_015394622.1_cds_XP_015685630.1_22269	345	297.514	4.97461	1.55723
lcl|NW_015394625.1_cds_XP_015685631.1_22270	468	363.184	1	0.256433
lcl|NW_015394626.1_cds_XP_015685632.1_22271	363	317.782	0.534341	0.156599
lcl|NW_015394628.1_cds_XP_015685633.1_22272	345	298.237	32.4365	10.1292
lcl|NW_015394628.1_cds_XP_015685635.1_22273	345	298.237	32.4365	10.1292
lcl|NW_015394649.1_cds_XP_015685636.1_22274	559	520.949	0	0
lcl|NW_015394650.1_cds_XP_029142885.1_22275	951	903.947	3.46858e-08	3.57363e-09
lcl|NW_015394657.1_cds_XP_015685637.1_22276	435	401.326	34.7714	8.06912
lcl|NW_015394658.1_cds_XP_015685638.1_22277	804	765.949	0	0
lcl|NW_015394664.1_cds_XP_029142886.1_22278	966	922.689	2.43651	0.245932
lcl|NW_015394665.1_cds_XP_015685640.1_22279	714	675.949	0	0
lcl|NW_015394673.1_cds_XP_015685641.1_22280	381	342.949	0	0
lcl|NW_015394688.1_cds_XP_015685643.1_22281	613	574.949	0	0
lcl|NW_015394694.1_cds_XP_015685645.2_22282	581	557.168	8	1.33723
lcl|NW_015394704.1_cds_XP_029142887.1_22283	631	592.949	0	0
lcl|NW_015394706.1_cds_XP_015685646.1_22284	591	533.072	157.446	27.5073
lcl|NW_015394717.1_cds_XP_015685647.1_22285	509	470.949	0	0
lcl|NW_015394720.1_cds_XP_015685648.1_22286	253	229.779	20.7659	8.41671
lcl|NW_015394726.1_cds_XP_029142888.1_22287	849	810.158	12.9899	1.49327
lcl|NW_015394740.1_cds_XP_015685650.1_22288	738	704.961	172.671	22.8116
lcl|NW_015394744.1_cds_XP_015685651.2_22289	2052	2017.31	93.7104	4.32631
lcl|NW_015394747.1_cds_XP_015685652.1_22290	538	499.949	0	0
lcl|NW_015394747.1_cds_XP_015685654.1_22291	723	684.949	0	0
lcl|NW_015394763.1_cds_XP_015685655.1_22292	766	751.479	12.2361	1.51644
lcl|NW_015394782.1_cds_XP_015685656.1_22293	420	381.949	0	0
lcl|NW_015394783.1_cds_XP_015685657.1_22294	2317	2278.95	0	0
lcl|NW_015394787.1_cds_XP_015685658.1_22295	963	905.266	1.33178	0.137012
lcl|NW_015394788.1_cds_XP_015685659.1_22296	843	803.72	333	38.587
lcl|NW_015394789.1_cds_XP_015685660.1_22297	1332	1273.71	5.16105	0.37737
lcl|NW_015394797.1_cds_XP_015685661.1_22298	1872	1827.91	18.5143	0.943311
lcl|NW_015394811.1_cds_XP_015685662.1_22299	688	649.949	0	0
lcl|NW_015394812.1_cds_XP_015685664.1_22300	474	443.967	731.536	153.457
lcl|NW_015394824.1_cds_XP_015685665.2_22301	2097	2058.95	0	0
lcl|NW_015394826.1_cds_XP_015685666.1_22302	784	745.949	0	0
lcl|NW_015394828.1_cds_XP_015685667.1_22303	1129	1054.42	25	2.20815
lcl|NW_015394837.1_cds_XP_015685668.1_22304	972	916.445	220	22.3572
lcl|NW_015394839.1_cds_XP_029142889.1_22305	174	119.7	40.8163	31.757
lcl|NW_015394839.1_cds_XP_029142890.1_22306	423	380.704	20	4.89265
lcl|NW_015394841.1_cds_XP_015685671.1_22307	276	237.949	0	0
lcl|NW_015394842.1_cds_XP_015685672.1_22308	883	844.949	0	0
lcl|NW_015394846.1_cds_XP_015685675.1_22309	390	351.949	0	0
lcl|NW_015394855.1_cds_XP_015685676.1_22310	403	364.949	0	0
lcl|NW_015394856.1_cds_XP_015685677.1_22311	1026	987.949	0	0
lcl|NW_015394858.1_cds_XP_015685678.1_22312	396	357.949	0	0
lcl|NW_015394861.1_cds_XP_015685679.1_22313	759	731.034	39.612	5.0465
lcl|NW_015394870.1_cds_XP_029142891.1_22314	4305	4315.33	2.78162	0.0600323
lcl|NW_015394876.1_cds_XP_015685680.1_22315	724	685.949	0	0
lcl|NW_015394877.1_cds_XP_015685681.1_22316	525	507.627	4.39902	0.807072
lcl|NW_015394878.1_cds_XP_015685682.1_22317	390	306.469	3.08711	0.93814
lcl|NW_015394887.1_cds_XP_015685684.1_22318	612	577.083	67	10.8128
lcl|NW_015394888.1_cds_XP_015685685.1_22319	361	322.949	0	0
lcl|NW_015394897.1_cds_XP_029142892.1_22320	312	276.814	57	19.1773
lcl|NW_015394913.1_cds_XP_015685686.1_22321	1167	1028.25	113.974	10.3231
lcl|NW_015394920.1_cds_XP_015685687.1_22322	684	614.819	20.3098	3.07652
lcl|NW_015394920.1_cds_XP_015685688.1_22323	840	801.949	0	0
lcl|NW_015394921.1_cds_XP_015685689.1_22324	480	446.217	1.76941	0.369303
lcl|NW_015394928.1_cds_XP_015685690.1_22325	174	132.491	5.89623	4.14466
lcl|NW_015394931.1_cds_XP_015685691.1_22326	378	330.416	8.77565	2.47355
lcl|NW_015394938.1_cds_XP_015685693.1_22327	954	906.65	0	0
lcl|NW_015394940.1_cds_XP_015685694.1_22328	1074	1028.76	2865.28	259.391
lcl|NW_015394965.1_cds_XP_015685695.1_22329	741	700.96	219350	29143.7
lcl|NW_015394966.1_cds_XP_015685696.1_22330	687	578.198	0	0
lcl|NW_015394982.1_cds_XP_015685697.1_22331	564	525.949	0	0
lcl|NW_015394987.1_cds_XP_015685698.1_22332	408	377.924	12	2.95718
lcl|NW_015394994.1_cds_XP_029142893.1_22333	529	490.949	0	0
lcl|NW_015394999.1_cds_XP_029142894.1_22334	351	312.949	0	0
lcl|NW_015395003.1_cds_XP_015685700.1_22335	966	936.024	279.848	27.8443
lcl|NW_015395019.1_cds_XP_015685701.1_22336	711	689.944	28818.6	3890.1
lcl|NW_015395024.1_cds_XP_015685702.1_22337	760	736.465	242.795	30.7036
lcl|NW_015395026.1_cds_XP_015685704.2_22338	1965	2015.85	54.0048	2.49502
lcl|NW_015395026.1_cds_XP_029142896.1_22339	1884	1937.4	0	0
lcl|NW_015395026.1_cds_XP_029142897.1_22340	1800	1848.51	0.106618	0.00537168
lcl|NW_015395026.1_cds_XP_029142898.1_22341	1716	1761.31	0.0369568	0.00195416
lcl|NW_015395027.1_cds_XP_015685706.2_22342	708	662.427	36.4436	5.12371
lcl|NW_015395046.1_cds_XP_015685707.1_22343	907	890.142	1.97764	0.206913
lcl|NW_015395060.1_cds_XP_029142899.1_22344	423	384.949	0	0
lcl|NW_015395063.1_cds_XP_015685710.1_22345	432	408.916	146.172	33.2914
lcl|NW_015395065.1_cds_XP_015685711.1_22346	762	723.949	0	0
lcl|NW_015395070.1_cds_XP_015685712.2_22347	887	840.714	15.2406	1.68832
lcl|NW_015395071.1_cds_XP_015685713.1_22348	558	524.457	107.893	19.1595
lcl|NW_015395075.1_cds_XP_029142900.1_22349	903	811.616	2	0.229499
lcl|NW_015395092.1_cds_XP_015685716.1_22350	535	496.949	0	0
lcl|NW_015395095.1_cds_XP_015685717.1_22351	657	618.949	0	0
lcl|NW_015395100.1_cds_XP_015685718.1_22352	663	668.052	0	0
lcl|NW_015395102.1_cds_XP_015685720.1_22353	531	494.206	4.54789	0.857043
lcl|NW_015395106.1_cds_XP_015685721.1_22354	337	276.779	0	0
lcl|NW_015395110.1_cds_XP_029142901.1_22355	1355	1283.69	5.28521	0.383444
lcl|NW_015395114.1_cds_XP_015685723.1_22356	273	228.591	0	0
lcl|NW_015395114.1_cds_XP_015685724.1_22357	246	200.141	19.7717	9.20045
lcl|NW_015395128.1_cds_XP_015685725.2_22358	613	574.949	0	0
lcl|NW_015395137.1_cds_XP_015685726.1_22359	907	866.441	8.56508	0.920647
lcl|NW_015395139.1_cds_XP_015685727.1_22360	780	750.031	7.56259	0.939058
lcl|NW_015395144.1_cds_XP_029142903.1_22361	3009	2714.12	0	0
lcl|NW_015395158.1_cds_XP_015685729.1_22362	609	555.69	5	0.83799
lcl|NW_015395163.1_cds_XP_015685730.1_22363	517	478.949	0	0
lcl|NW_015395165.1_cds_XP_015685732.1_22364	542	506.022	3	0.552146
lcl|NW_015395170.1_cds_XP_015685733.1_22365	349	310.949	0	0
lcl|NW_015395172.1_cds_XP_015685734.1_22366	456	378.746	3.47847	0.855345
lcl|NW_015395174.1_cds_XP_015685735.1_22367	753	711.645	23.5827	3.08626
lcl|NW_015395177.1_cds_XP_015685736.1_22368	480	441.949	0	0
lcl|NW_015395178.1_cds_XP_015685737.1_22369	906	846.88	1	0.109971
lcl|NW_015395180.1_cds_XP_029142904.1_22370	357	318.949	0	0
lcl|NW_015395187.1_cds_XP_015685738.1_22371	935	835.261	2.61984	0.292115
lcl|NW_015395192.1_cds_XP_015685739.1_22372	358	328.297	0.991411	0.281247
lcl|NW_015395196.1_cds_XP_015685740.1_22373	447	384.353	1611.71	390.533
lcl|NW_015395211.1_cds_XP_029142905.1_22374	615	576.949	0	0
lcl|NW_015395213.1_cds_XP_015685742.1_22375	936	897.949	0	0
lcl|NW_015395215.1_cds_XP_015685743.1_22376	786	726.114	49.5869	6.3601
lcl|NW_015395219.1_cds_XP_029142906.1_22377	1404	1365.95	0	0
lcl|NW_015395230.1_cds_XP_029142907.1_22378	1284	1282.77	4.76932	0.346266
lcl|NW_015395245.1_cds_XP_015685744.1_22379	616	553.545	9.68824	1.63002
lcl|NW_015395255.1_cds_XP_015685745.1_22380	198	160.798	1.31195	0.75987
lcl|NW_015395257.1_cds_XP_015685746.1_22381	1227	1098.81	12.9379	1.09658
lcl|NW_015395263.1_cds_XP_015685747.1_22382	408	378.3	0	0
lcl|NW_015395269.1_cds_XP_015685748.1_22383	654	615.949	0	0
lcl|NW_015395280.1_cds_XP_015685750.1_22384	477	441.907	0	0
lcl|NW_015395280.1_cds_XP_015685751.1_22385	423	384.949	0	0
lcl|NW_015395288.1_cds_XP_015685752.1_22386	981	959.437	6.98152	0.677696
lcl|NW_015395288.1_cds_XP_015685753.1_22387	501	447.362	917.454	190.997
lcl|NW_015395292.1_cds_XP_015685754.1_22388	362	318.315	0	0
lcl|NW_015395303.1_cds_XP_015685755.1_22389	642	579.927	113.897	18.2911
lcl|NW_015395307.1_cds_XP_029142908.1_22390	442	403.949	0	0
lcl|NW_015395308.1_cds_XP_029142910.1_22391	1074	1035.95	0	0
lcl|NW_015395309.1_cds_XP_015685756.1_22392	852	813.949	0	0
lcl|NW_015395310.1_cds_XP_015685757.1_22393	535	468.056	9	1.7908
lcl|NW_015395311.1_cds_XP_015685758.1_22394	276	237.949	0	0
lcl|NW_015395324.1_cds_XP_015685760.1_22395	585	542.458	11.3821	1.95415
lcl|NW_015395327.1_cds_XP_015685761.1_22396	693	665.546	261.219	36.5534
lcl|NW_015395328.1_cds_XP_015685762.1_22397	267	245.914	22	8.33185
lcl|NW_015395328.1_cds_XP_015685763.1_22398	402	369.048	22.6786	5.72316
lcl|NW_015395329.1_cds_XP_015685764.1_22399	612	615.253	2.84857	0.431196
lcl|NW_015395332.1_cds_XP_015685765.1_22400	363	276.584	164	55.2227
lcl|NW_015395334.1_cds_XP_015685766.1_22401	468	424.161	0.871011	0.191247
lcl|NW_015395338.1_cds_XP_015685767.1_22402	519	483.38	0	0
lcl|NW_015395340.1_cds_XP_029142911.1_22403	616	577.949	0	0
lcl|NW_015395347.1_cds_XP_015685768.1_22404	510	471.329	3.01086	0.594934
lcl|NW_015395347.1_cds_XP_015685770.1_22405	435	396.949	0	0
lcl|NW_015395350.1_cds_XP_015685771.1_22406	1431	1264.56	224.895	16.5631
lcl|NW_015395351.1_cds_XP_029142912.1_22407	132	93.9487	0	0
lcl|NW_015395354.1_cds_XP_015685773.1_22408	450	426.074	39.4862	8.63102
lcl|NW_015395369.1_cds_XP_015685774.1_22409	564	530.203	1.84147	0.323463
lcl|NW_015395369.1_cds_XP_015685775.1_22410	326	287.949	0	0
lcl|NW_015395378.1_cds_XP_029142913.1_22411	1185	1146.95	0	0
lcl|NW_015395382.1_cds_XP_015685777.1_22412	531	439.799	23	4.87051
lcl|NW_015395383.1_cds_XP_015685778.1_22413	804	770.608	12.3615	1.49396
lcl|NW_015395384.1_cds_XP_029142914.1_22414	1824	1639.53	8.88829	0.504892
lcl|NW_015395389.1_cds_XP_015685781.1_22415	360	286.662	8	2.59909
lcl|NW_015395395.1_cds_XP_029142915.1_22416	1554	1596	4	0.233415
lcl|NW_015395404.1_cds_XP_015685782.1_22417	555	515.003	3.71756	0.67228
lcl|NW_015395433.1_cds_XP_015685783.1_22418	1266	1137.57	2	0.163739
lcl|NW_015395434.1_cds_XP_015685784.1_22419	783	736.91	82.0046	10.3639
lcl|NW_015395436.1_cds_XP_015685785.1_22420	570	557.596	16.9473	2.83061
lcl|NW_015395446.1_cds_XP_015685786.1_22421	1059	1012.04	0.398448	0.036667
lcl|NW_015395448.1_cds_XP_015685788.1_22422	453	387.564	6	1.44181
lcl|NW_015395449.1_cds_XP_015685789.1_22423	371	330.108	20.0407	5.65403
lcl|NW_015395452.1_cds_XP_015685790.1_22424	535	496.949	0	0
lcl|NW_015395453.1_cds_XP_015685791.1_22425	642	603.949	0	0
lcl|NW_015395469.1_cds_XP_015685792.1_22426	369	330.949	0	0
lcl|NW_015395474.1_cds_XP_015685793.1_22427	1041	1002.95	0	0
lcl|NW_015395479.1_cds_XP_015685794.1_22428	447	400.794	14.8842	3.45864
lcl|NW_015395482.1_cds_XP_015685795.2_22429	1055	1016.95	0	0
lcl|NW_015395491.1_cds_XP_015685796.1_22430	1054	1017.07	46.5964	4.2668
lcl|NW_015395494.1_cds_XP_029142916.1_22431	366	309.457	2.28392	0.687357
lcl|NW_015395509.1_cds_XP_015685798.2_22432	291	258.134	0	0
lcl|NW_015395514.1_cds_XP_015685799.2_22433	276	228.775	124.544	50.7009
lcl|NW_015395520.1_cds_XP_015685800.1_22434	855	816.029	55.0503	6.28283
lcl|NW_015395521.1_cds_XP_015685801.1_22435	276	234.679	5.27263	2.09244
lcl|NW_015395523.1_cds_XP_015685802.1_22436	774	790.277	15401.3	1815.01
lcl|NW_015395528.1_cds_XP_015685803.1_22437	268	229.949	0	0
lcl|NW_015395530.1_cds_XP_015685804.1_22438	399	360.949	0	0
lcl|NW_015395532.1_cds_XP_015685805.1_22439	1212	1061.66	2	0.175446
lcl|NW_015395545.1_cds_XP_015685806.1_22440	417	346.607	142.906	38.3984
lcl|NW_015395548.1_cds_XP_015685808.1_22441	847	802.439	2.98764	0.346751
lcl|NW_015395551.1_cds_XP_015685809.1_22442	813	774.949	0	0
lcl|NW_015395556.1_cds_XP_015685810.1_22443	810	718.507	5.24768	0.680201
lcl|NW_015395559.1_cds_XP_015685811.1_22444	565	551.129	202.219	34.172
lcl|NW_015395562.1_cds_XP_015685812.1_22445	1056	1011.47	73	6.72155
lcl|NW_015395564.1_cds_XP_015685813.1_22446	1011	1010.33	24.1489	2.22606
lcl|NW_015395577.1_cds_XP_015685814.2_22447	388	386.14	12.6092	3.0412
lcl|NW_015395586.1_cds_XP_015685815.1_22448	927	927.703	19.9579	2.00358
lcl|NW_015395605.1_cds_XP_015685817.1_22449	1845	1742.38	156.122	8.3449
lcl|NW_015395605.1_cds_XP_029142917.1_22450	687	655.306	14.379	2.04355
lcl|NW_015395611.1_cds_XP_015685819.1_22451	1011	916.587	0	0
lcl|NW_015395621.1_cds_XP_015685820.1_22452	564	506.033	0	0
lcl|NW_015395640.1_cds_XP_015685821.1_22453	559	520.949	0	0
lcl|NW_015395642.1_cds_XP_029142918.1_22454	807	768.949	0	0
lcl|NW_015395646.1_cds_XP_015685823.1_22455	798	673.238	8	1.10668
lcl|NW_015395650.1_cds_XP_015685825.2_22456	456	417.949	0	0
lcl|NW_015395655.1_cds_XP_015685826.1_22457	567	509.136	54.6192	9.99109
lcl|NW_015395663.1_cds_XP_015685827.1_22458	1872	1750.25	6.03466	0.32111
lcl|NW_015395664.1_cds_XP_015685829.1_22459	168	116.603	37.856	30.2362
lcl|NW_015395664.1_cds_XP_015685828.1_22460	423	356.905	121.851	31.7964
lcl|NW_015395668.1_cds_XP_015685830.1_22461	744	692.413	0	0
lcl|NW_015395672.1_cds_XP_029142919.1_22462	1041	1002.95	0	0
lcl|NW_015395678.1_cds_XP_029142920.1_22463	1095	1056.95	0	0
lcl|NW_015395708.1_cds_XP_015685832.1_22464	1188	1149.95	0	0
lcl|NW_015395711.1_cds_XP_015685833.1_22465	300	229.433	53.7611	21.823
lcl|NW_015395719.1_cds_XP_015685834.1_22466	544	516.282	10.0024	1.80434
lcl|NW_015395738.1_cds_XP_015685836.1_22467	648	596.768	0	0
lcl|NW_015395739.1_cds_XP_015685837.1_22468	1248	1209.95	0	0
lcl|NW_015395741.1_cds_XP_015685838.1_22469	716	662.831	17.5755	2.46949
lcl|NW_015395743.1_cds_XP_015685839.1_22470	636	584	89.0925	14.2079
lcl|NW_015395750.1_cds_XP_015685840.1_22471	293	263.19	4.44284	1.57214
lcl|NW_015395751.1_cds_XP_015685841.1_22472	384	349.052	95.6986	25.5339
lcl|NW_015395752.1_cds_XP_015685842.1_22473	685	646.949	0	0
lcl|NW_015395767.1_cds_XP_015685843.1_22474	1263	1205.88	14	1.08125
lcl|NW_015395770.1_cds_XP_015685844.1_22475	264	210.092	4.61526	2.04592
lcl|NW_015395777.1_cds_XP_015685846.1_22476	576	527.667	139	24.5333
lcl|NW_015395780.1_cds_XP_015685847.1_22477	522	514.624	2.93457	0.531074
lcl|NW_015395783.1_cds_XP_015685848.1_22478	1065	1026.95	0	0
lcl|NW_015395785.1_cds_XP_015685849.1_22479	585	546.949	0	0
lcl|NW_015395794.1_cds_XP_015685850.1_22480	442	403.949	0	0
lcl|NW_015395806.1_cds_XP_015685851.1_22481	807	799.063	1.37273	0.159995
lcl|NW_015395807.1_cds_XP_015685852.1_22482	449	387.902	3.63948	0.873811
lcl|NW_015395815.1_cds_XP_015685853.1_22483	792	746.642	38.5091	4.80344
lcl|NW_015395830.1_cds_XP_015685854.1_22484	756	717.949	0	0
lcl|NW_015395832.1_cds_XP_029142921.1_22485	387	330.01	678.218	191.4
lcl|NW_015395832.1_cds_XP_015685856.1_22486	663	614.229	6.39484	0.969618
lcl|NW_015395842.1_cds_XP_015685858.1_22487	1530	1491.95	0	0
lcl|NW_015395843.1_cds_XP_015685859.1_22488	751	658.48	9	1.27292
lcl|NW_015395850.1_cds_XP_015685861.2_22489	981	971.801	97.413	9.33557
lcl|NW_015395851.1_cds_XP_015685862.1_22490	493	439.522	2.49016	0.527653
lcl|NW_015395857.1_cds_XP_015685863.1_22491	444	389.096	5.58303	1.33633
lcl|NW_015395878.1_cds_XP_029142922.1_22492	612	573.949	0	0
lcl|NW_015395883.1_cds_XP_029142923.1_22493	1206	1167.95	0	0
lcl|NW_015395893.1_cds_XP_015685865.1_22494	264	246.752	212.867	80.3434
lcl|NW_015395900.1_cds_XP_015685867.1_22495	535	503.28	3.83214	0.709141
lcl|NW_015395906.1_cds_XP_015685868.1_22496	433	338.149	10.3456	2.84936
lcl|NW_015395906.1_cds_XP_015685869.1_22497	930	877.842	22	2.33404
lcl|NW_015395906.1_cds_XP_015685870.1_22498	513	474.949	0	0
lcl|NW_015395909.1_cds_XP_015685871.2_22499	1491	1524.04	45.1597	2.75966
lcl|NW_015395922.1_cds_XP_015685872.1_22500	735	732.908	17.0526	2.16692
lcl|NW_015395923.1_cds_XP_015685874.1_22501	852	780.03	0.108032	0.0128986
lcl|NW_015395928.1_cds_XP_015685875.1_22502	292	222.504	6.72415	2.8145
lcl|NW_015395934.1_cds_XP_015685876.1_22503	381	309.943	3	0.901449
lcl|NW_015395936.1_cds_XP_015685877.1_22504	438	359.205	10.0265	2.59961
lcl|NW_015395943.1_cds_XP_015685878.1_22505	920	859.526	6.09122	0.660005
lcl|NW_015395949.1_cds_XP_015685879.1_22506	631	596.462	6.06658	0.947245
lcl|NW_015395950.1_cds_XP_015685880.1_22507	408	336.217	1	0.277001
lcl|NW_015395950.1_cds_XP_015685881.1_22508	516	429.811	1	0.216683
lcl|NW_015395960.1_cds_XP_015685883.1_22509	537	524.38	35.028	6.22115
lcl|NW_015395962.1_cds_XP_015685884.1_22510	732	693.949	0	0
lcl|NW_015395966.1_cds_XP_015685885.1_22511	774	709.234	7	0.9192
lcl|NW_015395971.1_cds_XP_015685886.1_22512	699	633.046	25.9716	3.8209
lcl|NW_015395974.1_cds_XP_015685888.1_22513	711	675.211	621.062	85.6637
lcl|NW_015395974.1_cds_XP_015685889.1_22514	333	305.123	8.58614	2.62074
lcl|NW_015395988.1_cds_XP_015685891.1_22515	723	741.024	0.0722142	0.00907595
lcl|NW_015395995.1_cds_XP_015685892.1_22516	546	507.949	0	0
lcl|NW_015395998.1_cds_XP_015685893.1_22517	816	742.852	36.6154	4.59053
lcl|NW_015396012.1_cds_XP_015685894.1_22518	525	463.405	415.124	83.4291
lcl|NW_015396019.1_cds_XP_015685895.2_22519	729	591.183	1	0.157536
lcl|NW_015396028.1_cds_XP_015685898.1_22520	823	721.685	2.31834	0.299179
lcl|NW_015396040.1_cds_XP_015685899.1_22521	815	764.746	58.1196	7.07794
lcl|NW_015396047.1_cds_XP_015685900.1_22522	334	295.949	0	0
lcl|NW_015396061.1_cds_XP_029142924.1_22523	333	270.058	124	42.7628
lcl|NW_015396067.1_cds_XP_015685901.1_22524	573	534.949	0	0
lcl|NW_015396069.1_cds_XP_015685902.1_22525	269	261.553	24.6618	8.78147
lcl|NW_015396074.1_cds_XP_029142925.1_22526	876	837.949	0	0
lcl|NW_015396079.1_cds_XP_015685903.1_22527	261	204.627	0	0
lcl|NW_015396087.1_cds_XP_015685904.2_22528	539	452.968	3	0.616815
lcl|NW_015396098.1_cds_XP_015685905.2_22529	597	587.852	5.3468	0.847086
lcl|NW_015396119.1_cds_XP_015685907.1_22530	1000	961.949	0	0
lcl|NW_015396126.1_cds_XP_015685908.1_22531	522	444.274	1	0.209628
lcl|NW_015396127.1_cds_XP_015685909.1_22532	516	489.886	1.34106	0.254949
lcl|NW_015396141.1_cds_XP_015685910.1_22533	270	231.949	0	0
lcl|NW_015396150.1_cds_XP_029142926.1_22534	429	372.618	8607.29	2151.31
lcl|NW_015396170.1_cds_XP_015685912.1_22535	384	329.937	50.2056	14.1717
lcl|NW_015396173.1_cds_XP_015685913.1_22536	597	521.298	450.278	80.4445
lcl|NW_015396176.1_cds_XP_015685914.1_22537	468	450.705	3.22456	0.666315
lcl|NW_015396180.1_cds_XP_015685915.1_22538	645	585.681	0	0
lcl|NW_015396197.1_cds_XP_015685917.1_22539	669	621.414	22.8089	3.41842
lcl|NW_015396235.1_cds_XP_015685918.1_22540	237	200.585	3.85039	1.78776
lcl|NW_015396259.1_cds_XP_029142927.1_22541	441	388.874	35.1511	8.41845
lcl|NW_015396261.1_cds_XP_015685919.1_22542	476	409.485	19.9709	4.54213
lcl|NW_015396268.1_cds_XP_015685920.1_22543	240	193.836	0	0
lcl|NW_015396271.1_cds_XP_015685921.1_22544	366	364.2	130.086	33.2652
lcl|NW_015396273.1_cds_XP_015685922.1_22545	730	695.179	42	5.6267
lcl|NW_015396275.1_cds_XP_015685923.1_22546	602	563.949	0	0
lcl|NW_015396282.1_cds_XP_015685924.1_22547	649	638.021	3.83237	0.559415
lcl|NW_015396283.1_cds_XP_015685926.1_22548	750	698.659	384.306	51.2288
lcl|NW_015396297.1_cds_XP_015685927.1_22549	297	244.453	1.57793	0.601166
lcl|NW_015396302.1_cds_XP_015685928.1_22550	1026	947.094	2	0.19667
lcl|NW_015396304.1_cds_XP_015685929.2_22551	249	210.949	0	0
lcl|NW_015396305.1_cds_XP_015685930.1_22552	348	263.784	6.06657	2.14188
lcl|NW_015396322.1_cds_XP_015685931.1_22553	1113	1074.95	0	0
lcl|NW_015396331.1_cds_XP_015685932.1_22554	633	559.513	9.26987	1.543
lcl|NW_015396332.1_cds_XP_015685933.1_22555	940	901.949	0	0
lcl|NW_015396336.1_cds_XP_015685935.1_22556	390	329.159	6.35539	1.7982
lcl|NW_015396338.1_cds_XP_015685937.1_22557	765	757.476	92.4073	11.3616
lcl|NW_015396348.1_cds_XP_015685938.1_22558	969	930.949	0	0
lcl|NW_015396364.1_cds_XP_029142928.1_22559	2325	2286.95	0	0
lcl|NW_015396369.1_cds_XP_015685939.1_22560	489	392.658	5	1.18593
lcl|NW_015396375.1_cds_XP_015685940.1_22561	1070	1056.33	6.26643	0.552487
lcl|NW_015396387.1_cds_XP_015685941.1_22562	355	295.367	35.0461	11.0504
lcl|NW_015396417.1_cds_XP_015685942.1_22563	417	356.886	1.97245	0.514729
lcl|NW_015396418.1_cds_XP_015685943.1_22564	481	442.949	0	0
lcl|NW_015396419.1_cds_XP_015685944.1_22565	771	735.683	25.7597	3.261
lcl|NW_015396433.1_cds_XP_015685945.1_22566	268	224.518	0.320821	0.13308
lcl|NW_015396434.1_cds_XP_015685947.1_22567	1644	1605.95	0	0
lcl|NW_015396440.1_cds_XP_015685948.1_22568	342	312.441	5	1.4904
lcl|NW_015396443.1_cds_XP_015685949.1_22569	361	312.016	2	0.596974
lcl|NW_015396453.1_cds_XP_015685950.1_22570	271	232.949	0	0
lcl|NW_015396474.1_cds_XP_015685951.1_22571	747	708.949	0	0
lcl|NW_015396507.1_cds_XP_015685952.1_22572	948	863.109	4.0806	0.440311
lcl|NW_015396509.1_cds_XP_015685953.1_22573	658	596.856	149.145	23.2723
lcl|NW_015396514.1_cds_XP_015685954.1_22574	747	657.114	11.3301	1.60582
lcl|NW_015396524.1_cds_XP_015685956.1_22575	381	321.762	0	0
lcl|NW_015396526.1_cds_XP_015685957.1_22576	1853	1826.21	1.06866	0.0544991
lcl|NW_015396536.1_cds_XP_015685958.1_22577	1449	1382.14	103.01	6.94114
lcl|NW_015396549.1_cds_XP_015685959.1_22578	309	272.08	10.5716	3.61865
lcl|NW_015396550.1_cds_XP_015685960.1_22579	651	612.949	0	0
lcl|NW_015396569.1_cds_XP_015685961.1_22580	714	668.039	61.9262	8.63324
lcl|NW_015396570.1_cds_XP_015685962.1_22581	351	312.949	0	0
lcl|NW_015396578.1_cds_XP_015685963.1_22582	429	335.788	12.3188	3.41669
lcl|NW_015396578.1_cds_XP_029142931.1_22583	276	206.544	1	0.450909
lcl|NW_015396595.1_cds_XP_015685966.1_22584	666	605.976	0	0
lcl|NW_015396601.1_cds_XP_015685967.1_22585	492	423.266	64	14.0821
lcl|NW_015396608.1_cds_XP_015685968.1_22586	552	498.147	10.3371	1.9326
lcl|NW_015396623.1_cds_XP_015685969.1_22587	448	409.949	0	0
lcl|NW_015396658.1_cds_XP_015685972.1_22588	630	559.39	4.06432	0.676667
lcl|NW_015396663.1_cds_XP_015685973.1_22589	777	701.951	91.5716	12.1494
lcl|NW_015396667.1_cds_XP_015685975.1_22590	430	386.913	3.73791	0.89974
lcl|NW_015396695.1_cds_XP_015685976.1_22591	858	819.949	0	0
lcl|NW_015396699.1_cds_XP_015685977.1_22592	426	387.949	0	0
lcl|NW_015396700.1_cds_XP_015685978.2_22593	646	607.949	0	0
lcl|NW_015396706.1_cds_XP_029142933.1_22594	780	741.949	0	0
lcl|NW_015396721.1_cds_XP_015685979.1_22595	581	520.812	36.1711	6.46817
lcl|NW_015396722.1_cds_XP_015685980.1_22596	456	417.949	0	0
lcl|NW_015396727.1_cds_XP_015685981.1_22597	1281	1242.95	0	0
lcl|NW_015396736.1_cds_XP_015685983.2_22598	864	719.207	4	0.517974
lcl|NW_015396736.1_cds_XP_015685982.1_22599	408	335.49	0	0
lcl|NW_015396737.1_cds_XP_029142935.1_22600	795	756.949	0	0
lcl|NW_015396737.1_cds_XP_029142934.1_22601	313	274.949	0	0
lcl|NW_015396744.1_cds_XP_015685985.1_22602	429	390.949	0	0
lcl|NW_015396787.1_cds_XP_029142936.1_22603	516	477.949	0	0
lcl|NW_015396790.1_cds_XP_015685987.1_22604	363	312.877	2	0.59533
lcl|NW_015396790.1_cds_XP_029142937.1_22605	903	864.949	0	0
lcl|NW_015396793.1_cds_XP_029142938.1_22606	786	728.902	146.34	18.6979
lcl|NW_015396795.1_cds_XP_015685989.1_22607	777	691.758	10	1.34632
lcl|NW_015396801.1_cds_XP_015685991.1_22608	615	576.427	20.7271	3.34884
lcl|NW_015396837.1_cds_XP_015685993.1_22609	396	350.245	211.719	56.2974
lcl|NW_015396843.1_cds_22610	414	375.949	0	0
lcl|NW_015396847.1_cds_XP_015685994.1_22611	543	493.769	63.9255	12.0573
lcl|NW_015396847.1_cds_XP_015685995.1_22612	387	355.344	722	189.23
lcl|NW_015396868.1_cds_XP_015685996.1_22613	752	714.76	20.5339	2.67554
lcl|NW_015396869.1_cds_XP_015685998.1_22614	375	297.74	8.26338	2.58477
lcl|NW_015396869.1_cds_XP_015685997.1_22615	402	347.802	4.97138	1.33121
lcl|NW_015396877.1_cds_XP_015686000.1_22616	477	452.479	100.488	20.6833
lcl|NW_015396880.1_cds_XP_015686001.1_22617	237	190.113	32.8083	16.0721
lcl|NW_015396890.1_cds_XP_015686002.1_22618	264	179.756	21	10.8802
lcl|NW_015396890.1_cds_XP_029142940.1_22619	996	957.949	0	0
lcl|NW_015396899.1_cds_XP_015686004.2_22620	902	863.949	0	0
lcl|NW_015396900.1_cds_XP_015686005.1_22621	651	612.949	0	0
lcl|NW_015396909.1_cds_XP_015686006.1_22622	747	706.542	16.284	2.14647
lcl|NW_015396911.1_cds_XP_029142941.1_22623	465	423.598	124.761	27.43
lcl|NW_015396920.1_cds_XP_015686007.1_22624	360	321.949	0	0
lcl|NW_015396944.1_cds_XP_015686008.1_22625	417	373.332	33.8969	8.45601
lcl|NW_015396950.1_cds_XP_015686010.1_22626	271	232.949	0	0
lcl|NW_015396954.1_cds_XP_015686011.1_22627	306	267.949	0	0
lcl|NW_015396984.1_cds_XP_015686013.2_22628	582	543.949	0	0
lcl|NW_015396988.1_cds_XP_015686014.1_22629	999	960.949	0	0
lcl|NW_015396988.1_cds_XP_015686015.1_22630	999	960.949	0	0
lcl|NW_015396990.1_cds_XP_015686016.1_22631	492	435.094	31.6113	6.76645
lcl|NW_015396997.1_cds_XP_015686017.1_22632	555	541.829	144.014	24.7539
lcl|NW_015397004.1_cds_XP_015686018.1_22633	369	295.548	1	0.315118
lcl|NW_015397012.1_cds_XP_015686020.1_22634	639	606.299	1.92076	0.295045
lcl|NW_015397024.1_cds_XP_015686021.1_22635	933	806.133	8	0.92424
lcl|NW_015397040.1_cds_XP_029142942.1_22636	672	664.47	57.0986	8.00298
lcl|NW_015397046.1_cds_XP_015686023.1_22637	1371	1332.95	0	0
lcl|NW_015397054.1_cds_XP_015686024.1_22638	276	237.949	0	0
lcl|NW_015397066.1_cds_XP_015686025.1_22639	503	500.956	4.10725	0.763578
lcl|NW_015397070.1_cds_XP_015686026.1_22640	423	382.771	28.0254	6.81889
lcl|NW_015397084.1_cds_XP_015686027.1_22641	321	275.426	44.9777	15.2088
lcl|NW_015397093.1_cds_XP_015686028.1_22642	972	933.949	0	0
lcl|NW_015397093.1_cds_XP_029142943.1_22643	960	933.897	0	0
lcl|NW_015397094.1_cds_XP_015686029.1_22644	258	223.446	26.664	11.1135
lcl|NW_015397109.1_cds_XP_015686031.1_22645	558	511.006	7	1.27577
lcl|NW_015397120.1_cds_XP_015686032.1_22646	579	537.617	16.0642	2.78283
lcl|NW_015397129.1_cds_XP_015686034.1_22647	459	420.949	0	0
lcl|NW_015397138.1_cds_XP_015686035.1_22648	376	341.996	7.50577	2.04397
lcl|NW_015397156.1_cds_XP_015686036.2_22649	614	596.747	16	2.49707
lcl|NW_015397165.1_cds_XP_015686037.1_22650	829	759.117	3	0.368056
lcl|NW_015397184.1_cds_XP_015686038.1_22651	455	424.542	1	0.219372
lcl|NW_015397191.1_cds_XP_015686039.1_22652	711	672.949	0	0
lcl|NW_015397193.1_cds_XP_029142944.1_22653	978	900.063	1	0.103473
lcl|NW_015397213.1_cds_XP_015686042.1_22654	453	433.512	17.7943	3.82279
lcl|NW_015397215.1_cds_XP_015686043.1_22655	1875	1836.95	0	0
lcl|NW_015397231.1_cds_XP_015686044.2_22656	565	512.407	10.8649	1.97475
lcl|NW_015397266.1_cds_XP_015686045.1_22657	1124	991.721	17.0816	1.60413
lcl|NW_015397267.1_cds_XP_015686046.1_22658	362	327.492	4.90935	1.39612
lcl|NW_015397269.1_cds_XP_015686047.1_22659	468	414.937	1.9294	0.433053
lcl|NW_015397274.1_cds_XP_015686048.1_22660	356	319.271	3.76064	1.09699
lcl|NW_015397291.1_cds_XP_015686050.1_22661	1941	1761.38	0.964579	0.0510017
lcl|NW_015397300.1_cds_XP_015686052.1_22662	585	546.949	0	0
lcl|NW_015397303.1_cds_XP_015686053.1_22663	738	709.731	5.69858	0.747781
lcl|NW_015397327.1_cds_XP_015686054.1_22664	639	607.192	15.7961	2.42284
lcl|NW_015397334.1_cds_XP_015686055.2_22665	537	478.709	24.512	4.76878
lcl|NW_015397410.1_cds_XP_015686057.1_22666	948	909.949	0	0
lcl|NW_015397421.1_cds_XP_015686060.1_22667	686	685.527	109.113	14.8236
lcl|NW_015397433.1_cds_XP_015686062.1_22668	858	819.949	0	0
lcl|NW_015397484.1_cds_XP_015686064.1_22669	694	593.854	2	0.313654
lcl|NW_015397497.1_cds_XP_015686066.1_22670	960	921.949	0	0
lcl|NW_015397504.1_cds_XP_015686067.1_22671	384	323.605	0	0
lcl|NW_015397508.1_cds_XP_015686068.1_22672	351	312.949	0	0
lcl|NW_015397521.1_cds_XP_015686070.1_22673	421	361.548	102.054	26.2884
lcl|NW_015397551.1_cds_XP_015686071.1_22674	807	775.077	170.029	20.4305
lcl|NW_015397559.1_cds_XP_015686072.1_22675	508	418.04	4	0.891135
lcl|NW_015397563.1_cds_XP_015686073.1_22676	300	251.724	0	0
lcl|NW_015397572.1_cds_XP_015686074.1_22677	876	864.002	5.05846	0.545261
lcl|NW_015397594.1_cds_XP_015686075.1_22678	441	402.949	0	0
lcl|NW_015397601.1_cds_XP_015686076.1_22679	627	576.919	13.1837	2.12825
lcl|NW_015397601.1_cds_XP_015686077.1_22680	669	630.949	0	0
lcl|NW_015397622.1_cds_XP_015686078.1_22681	310	241.839	2.63777	1.01581
lcl|NW_015397636.1_cds_XP_015686079.1_22682	270	201.348	1.49218e-06	6.90199e-07
lcl|NW_015397659.1_cds_XP_015686081.1_22683	423	384.949	0	0
lcl|NW_015397672.1_cds_XP_029142945.1_22684	231	174.673	8	4.26545
lcl|NW_015397674.1_cds_XP_015686082.1_22685	278	239.949	0	0
lcl|NW_015397687.1_cds_XP_015686084.1_22686	714	677.163	37.0677	5.09805
lcl|NW_015397687.1_cds_XP_015686085.1_22687	360	316.224	45.2115	13.3154
lcl|NW_015397733.1_cds_XP_015686087.1_22688	402	345.636	4.51994	1.21791
lcl|NW_015397756.1_cds_XP_015686088.1_22689	531	463.257	0	0
lcl|NW_015397774.1_cds_XP_015686090.1_22690	743	641.104	10.0528	1.46036
lcl|NW_015397778.1_cds_XP_029142946.1_22691	663	614.015	27	4.09531
lcl|NW_015397800.1_cds_XP_015686092.1_22692	444	405.71	0	0
lcl|NW_015397834.1_cds_XP_015686093.1_22693	687	626.565	0.950072	0.141219
lcl|NW_015397838.1_cds_XP_015686094.1_22694	654	615.949	0	0
lcl|NW_015397844.1_cds_XP_015686095.1_22695	1182	1109.52	6.72366	0.564383
lcl|NW_015397852.1_cds_XP_015686097.1_22696	380	339.374	21.5037	5.90113
lcl|NW_015397859.1_cds_XP_015686098.1_22697	579	540.949	0	0
lcl|NW_015397883.1_cds_XP_015686099.1_22698	441	360.716	2.29617	0.592843
lcl|NW_015397885.1_cds_XP_015686100.1_22699	336	269.66	8.66769	2.99356
lcl|NW_015397887.1_cds_XP_015686101.1_22700	732	636.374	0.0314066	0.00459632
lcl|NW_015397905.1_cds_XP_015686103.1_22701	721	682.949	0	0
lcl|NW_015397908.1_cds_XP_029142947.1_22702	662	623.949	0	0
lcl|NW_015397911.1_cds_XP_015686105.2_22703	720	668.068	16.7706	2.33792
lcl|NW_015397957.1_cds_XP_015686107.1_22704	1737	1708.29	80.3584	4.38099
lcl|NW_015397965.1_cds_XP_015686108.1_22705	253	205.437	3.50406	1.58852
lcl|NW_015397969.1_cds_XP_015686109.1_22706	558	489.319	1.56458	0.297788
lcl|NW_015397981.1_cds_XP_015686111.1_22707	345	320.976	3.22657	0.936202
lcl|NW_015397981.1_cds_XP_015686112.1_22708	345	320.976	3.22657	0.936202
lcl|NW_015397981.1_cds_XP_015686113.1_22709	345	320.976	3.22657	0.936202
lcl|NW_015398002.1_cds_XP_015686114.1_22710	432	334.631	3	0.834941
lcl|NW_015398005.1_cds_XP_015686115.1_22711	795	689.434	2	0.270171
lcl|NW_015398005.1_cds_XP_015686117.1_22712	367	316.168	874.543	257.611
lcl|NW_015398045.1_cds_XP_015686118.1_22713	726	687.949	0	0
lcl|NW_015398069.1_cds_XP_015686119.1_22714	420	356.121	3.5654	0.93242
lcl|NW_015398073.1_cds_XP_015686120.1_22715	1311	1272.95	0	0
lcl|NW_015398074.1_cds_XP_015686121.1_22716	423	390.303	95.1797	22.7114
lcl|NW_015398093.1_cds_XP_015686122.1_22717	440	401.949	0	0
lcl|NW_015398110.1_cds_XP_029142949.1_22718	327	302.617	10.7153	3.2977
lcl|NW_015398134.1_cds_XP_015686123.1_22719	355	324.016	2.47652	0.711833
lcl|NW_015398140.1_cds_XP_015686124.1_22720	554	515.949	0	0
lcl|NW_015398179.1_cds_XP_015686126.1_22721	694	655.933	56.5439	8.02838
lcl|NW_015398204.1_cds_XP_015686127.1_22722	361	279.691	167.514	55.7794
lcl|NW_015398214.1_cds_XP_015686128.1_22723	261	214.105	3.14967	1.37006
lcl|NW_015398239.1_cds_XP_015686129.1_22724	579	540.949	0	0
lcl|NW_015398245.1_cds_XP_015686130.1_22725	300	255.324	613.362	223.732
lcl|NW_015398254.1_cds_XP_015686131.1_22726	291	252.949	0	0
lcl|NW_015398263.1_cds_XP_029142950.1_22727	1461	1483.95	37.0773	2.32696
lcl|NW_015398279.1_cds_XP_015686133.1_22728	270	198.092	0.999999	0.470146
lcl|NW_015398295.1_cds_22729	375	357.323	2.17373	0.56656
lcl|NW_015398298.1_cds_XP_015686135.1_22730	960	921.949	0	0
lcl|NW_015398312.1_cds_XP_015686136.1_22731	662	645.165	156.169	22.5437
lcl|NW_015398317.1_cds_XP_015686137.1_22732	930	871.529	7.24762	0.774488
lcl|NW_015398327.1_cds_XP_029142951.1_22733	1227	1197.46	5.41294	0.420993
lcl|NW_015398368.1_cds_XP_015686139.1_22734	598	557.847	49.485	8.26153
lcl|NW_015398399.1_cds_XP_015686140.2_22735	848	773.308	0.504528	0.0607624
lcl|NW_015398417.1_cds_XP_029142953.1_22736	2061	2022.95	0	0
lcl|NW_015398459.1_cds_22737	417	390.989	3.7816	0.900766
lcl|NW_015398474.1_cds_XP_015686144.1_22738	960	921.949	0	0
lcl|NW_015398480.1_cds_XP_015686145.1_22739	324	263.27	0.149309	0.0528183
lcl|NW_015398483.1_cds_XP_015686146.1_22740	555	514.409	2.96558	0.536911
lcl|NW_015398484.1_cds_XP_015686147.1_22741	258	210.522	1.49217	0.66012
lcl|NW_015398502.1_cds_XP_015686149.1_22742	351	269.681	79	27.2821
lcl|NW_015398502.1_cds_XP_015686148.1_22743	294	241.158	78.4368	30.2914
lcl|NW_015398548.1_cds_XP_015686153.1_22744	429	390.949	0	0
lcl|NW_015398551.1_cds_XP_015686154.1_22745	687	648.949	0	0
lcl|NW_015398553.1_cds_XP_015686155.1_22746	285	225.452	5.89838	2.43658
lcl|NW_015398584.1_cds_XP_015686156.1_22747	729	689.215	9	1.21615
lcl|NW_015398607.1_cds_XP_015686157.1_22748	363	279.955	0	0
lcl|NW_015398611.1_cds_XP_015686158.1_22749	621	583.449	0.328203	0.0523891
lcl|NW_015398634.1_cds_XP_015686161.1_22750	728	689.949	0	0
lcl|NW_015398649.1_cds_XP_015686162.1_22751	846	801.472	1	0.116202
lcl|NW_015398665.1_cds_XP_015686163.1_22752	705	704.773	0	0
lcl|NW_015398716.1_cds_XP_015686164.1_22753	371	314.781	1.32232	0.391227
lcl|NW_015398750.1_cds_XP_015686166.1_22754	687	648.949	0	0
lcl|NW_015398773.1_cds_XP_015686167.1_22755	357	293.422	275.761	87.5269
lcl|NW_015398816.1_cds_XP_015686169.1_22756	630	574.838	6.42447	1.04086
lcl|NW_015398845.1_cds_XP_015686170.1_22757	1058	1019.95	0	0
lcl|NW_015398862.1_cds_XP_015686171.1_22758	429	389.1	12	2.87224
lcl|NW_015398938.1_cds_XP_015686172.1_22759	393	334.833	0	0
lcl|NW_015398982.1_cds_XP_015686175.1_22760	446	407.949	0	0
lcl|NW_015398994.1_cds_XP_015686176.1_22761	852	735.888	47	5.94823
lcl|NW_015398996.1_cds_XP_029142954.1_22762	201	148.262	8	5.02529
lcl|NW_015399007.1_cds_XP_015686177.1_22763	210	156.636	4.10387	2.44008
lcl|NW_015399032.1_cds_XP_015686178.1_22764	1392	1302.66	68	4.86158
lcl|NW_015399082.1_cds_XP_015686179.1_22765	480	481.101	2666.8	516.245
lcl|NW_015399087.1_cds_XP_015686180.1_22766	339	290.108	17	5.45747
lcl|NW_015399095.1_cds_XP_029142955.1_22767	1089	1050.95	0	0
lcl|NW_015399099.1_cds_XP_015686182.1_22768	444	404.832	24.7268	5.68846
lcl|NW_015399114.1_cds_XP_015686184.1_22769	612	533.576	2.85164	0.497736
lcl|NW_015399138.1_cds_XP_015686185.1_22770	226	187.949	0	0
lcl|NW_015399154.1_cds_XP_029142956.1_22771	522	483.949	0	0
lcl|NW_015399157.1_cds_XP_015686186.1_22772	367	328.949	0	0
lcl|NW_015399181.1_cds_XP_015686188.1_22773	1746	1725.31	180	9.71645
lcl|NW_015399192.1_cds_XP_015686189.1_22774	574	549.785	0	0
lcl|NW_015399221.1_cds_XP_015686190.1_22775	2544	2495.09	0	0
lcl|NW_015399229.1_cds_XP_015686192.1_22776	383	351.283	13.6172	3.61019
lcl|NW_015399240.1_cds_XP_015686193.2_22777	462	410.993	5.4667	1.23877
lcl|NW_015399242.1_cds_XP_015686194.1_22778	457	432.495	6.26706	1.34954
lcl|NW_015399251.1_cds_XP_015686195.1_22779	712	598.314	1.6596	0.258331
lcl|NW_015399269.1_cds_XP_015686196.1_22780	450	413.844	11.0958	2.49703
lcl|NW_015399286.1_cds_XP_015686197.1_22781	531	492.949	0	0
lcl|NW_015399295.1_cds_XP_029142957.1_22782	267	228.949	0	0
lcl|NW_015399299.1_cds_XP_015686198.1_22783	553	461.313	15.12	3.05251
lcl|NW_015399334.1_cds_XP_015686199.1_22784	816	777.466	64.1556	7.68519
lcl|NW_015399390.1_cds_22785	489	467.418	18.5203	3.69014
lcl|NW_015399418.1_cds_XP_029142959.1_22786	414	375.949	0	0
lcl|NW_015399426.1_cds_XP_015686201.1_22787	423	364.331	101.48	25.9408
lcl|NW_015399436.1_cds_XP_015686202.1_22788	300	262.137	0	0
lcl|NW_015399439.1_cds_XP_015686203.1_22789	349	260.276	0.0971188	0.0347513
lcl|NW_015399445.1_cds_22790	354	315.18	70.7375	20.9022
lcl|NW_015399456.1_cds_XP_015686206.2_22791	738	683.423	0	0
lcl|NW_015399504.1_cds_XP_015686207.1_22792	372	333.624	1.956	0.546025
lcl|NW_015399517.1_cds_XP_015686208.1_22793	801	827.378	276.05	31.0731
lcl|NW_015399525.1_cds_XP_015686209.1_22794	985	966.424	6.54729	0.63095
lcl|NW_015399545.1_cds_XP_015686210.1_22795	933	796.015	0.328649	0.0384514
lcl|NW_015399567.1_cds_XP_015686212.1_22796	783	744.949	0	0
lcl|NW_015399568.1_cds_XP_015686213.1_22797	606	566.441	3	0.493251
lcl|NW_015399589.1_cds_XP_015686214.1_22798	288	266.62	0	0
lcl|NW_015399595.1_cds_XP_015686215.1_22799	366	327.949	0	0
lcl|NW_015399638.1_cds_XP_015686217.1_22800	408	340.37	27.8527	7.6211
lcl|NW_015399641.1_cds_XP_015686218.1_22801	442	358.518	1	0.259771
lcl|NW_015399642.1_cds_XP_015686220.1_22802	345	306.949	0	0
lcl|NW_015399677.1_cds_XP_029142960.1_22803	625	605.205	13.864	2.13347
lcl|NW_015399730.1_cds_XP_015686224.1_22804	693	628.971	2.68819	0.398043
lcl|NW_015399736.1_cds_XP_015686225.1_22805	420	381.949	0	0
lcl|NW_015399739.1_cds_XP_015686227.1_22806	444	405.949	0	0
lcl|NW_015399769.1_cds_XP_015686228.1_22807	378	316.812	17	4.99746
lcl|NW_015399774.1_cds_XP_015686229.1_22808	284	227.036	1	0.410211
lcl|NW_015399868.1_cds_XP_015686232.2_22809	483	429.509	1.34801	0.292295
lcl|NW_015399963.1_cds_XP_015686234.1_22810	462	416.852	21.5426	4.81301
lcl|NW_015399989.1_cds_XP_015686236.2_22811	789	750.949	0	0
lcl|NW_015399992.1_cds_XP_029142961.1_22812	656	597.671	3.16975	0.493928
lcl|NW_015400003.1_cds_XP_015686238.1_22813	393	354.949	0	0
lcl|NW_015400080.1_cds_XP_029142962.1_22814	1386	1395.97	0	0
lcl|NW_015400087.1_cds_XP_029142963.1_22815	2150	2111.95	0	0
lcl|NW_015400141.1_cds_XP_029142964.1_22816	837	811.724	4.42857	0.508108
lcl|NW_015400161.1_cds_XP_015686244.2_22817	798	759.949	0	0
lcl|NW_015400170.1_cds_XP_015686245.1_22818	748	615.165	5.31073	0.804014
lcl|NW_015400180.1_cds_XP_015686246.1_22819	436	375.119	3	0.744825
lcl|NW_015400181.1_cds_XP_015686248.2_22820	567	483.468	23.2822	4.48495
lcl|NW_015400185.1_cds_XP_015686249.1_22821	489	428.202	3.78331	0.822858
lcl|NW_015400190.1_cds_XP_015686250.1_22822	366	310.881	3.62808	1.08688
lcl|NW_015400215.1_cds_XP_015686251.1_22823	438	409.939	82.3112	18.7
lcl|NW_015400226.1_cds_XP_015686252.1_22824	283	244.949	0	0
lcl|NW_015400228.1_cds_XP_015686253.1_22825	456	384.284	0	0
lcl|NW_015400243.1_cds_XP_015686254.1_22826	574	530.107	0	0
lcl|NW_015400248.1_cds_XP_015686255.1_22827	674	584.015	0	0
lcl|NW_015400266.1_cds_XP_015686257.1_22828	282	233.31	8.61394	3.43851
lcl|NW_015400283.1_cds_XP_015686258.1_22829	453	414.949	0	0
lcl|NW_015400381.1_cds_XP_015686259.1_22830	888	849.949	0	0
lcl|NW_015400384.1_cds_XP_015686261.1_22831	515	510.245	2.89984	0.529294
lcl|NW_015400396.1_cds_XP_015686262.2_22832	696	659.761	13.1535	1.85676
lcl|NW_015400406.1_cds_XP_015686263.1_22833	324	296.046	564	177.428
lcl|NW_015400409.1_cds_XP_015686264.1_22834	855	816.949	0	0
lcl|NW_015400434.1_cds_XP_015686265.1_22835	280	241.949	0	0
lcl|NW_015400436.1_cds_XP_029142965.1_22836	562	523.949	0	0
lcl|NW_015400442.1_cds_XP_015686266.1_22837	675	656.043	1.50911	0.214235
lcl|NW_015400448.1_cds_XP_029142966.1_22838	183	138.897	73	48.9476
lcl|NW_015400459.1_cds_XP_015686267.1_22839	840	801.949	0	0
lcl|NW_015400461.1_cds_XP_015686268.1_22840	657	602.147	17.095	2.64404
lcl|NW_015400473.1_cds_XP_015686269.1_22841	686	653.601	0	0
lcl|NW_015400481.1_cds_XP_015686270.1_22842	816	777.949	0	0
lcl|NW_015400484.1_cds_XP_015686272.1_22843	231	192.949	0	0
lcl|NW_015400518.1_cds_XP_015686274.1_22844	378	326.923	2.93111	0.835004
lcl|NW_015400551.1_cds_XP_015686275.1_22845	321	284.483	13	4.25587
lcl|NW_015400552.1_cds_XP_029142967.1_22846	744	668.771	1.48795	0.207211
lcl|NW_015400596.1_cds_XP_015686276.1_22847	837	834.83	3.24757	0.362295
lcl|NW_015400606.1_cds_XP_015686277.1_22848	609	540.242	1.80616	0.311365
lcl|NW_015400616.1_cds_XP_015686278.1_22849	547	530.561	13.9406	2.44707
lcl|NW_015400644.1_cds_XP_029142968.1_22850	465	401.203	2.26181	0.525041
lcl|NW_015400672.1_cds_XP_015686280.1_22851	429	352.332	1	0.264331
lcl|NW_015400674.1_cds_XP_029142969.1_22852	261	232.466	23.8874	9.56996
lcl|NW_015400679.1_cds_XP_015686281.1_22853	450	377.746	5.53032	1.36349
lcl|NW_015400704.1_cds_XP_015686282.1_22854	449	387.976	4	0.960189
lcl|NW_015400708.1_cds_XP_015686283.1_22855	267	237.641	10.1958	3.99578
lcl|NW_015400718.1_cds_XP_015686284.1_22856	1413	1246.43	9.36269	0.699575
lcl|NW_015400745.1_cds_XP_015686285.1_22857	1614	1615.16	10.6579	0.614553
lcl|NW_015400764.1_cds_XP_015686286.1_22858	387	349.691	0	0
lcl|NW_015400765.1_cds_XP_015686287.1_22859	573	531.102	517.121	90.6809
lcl|NW_015400773.1_cds_XP_015686289.1_22860	1029	982.496	1.84239	0.174644
lcl|NW_015400791.1_cds_XP_015686290.1_22861	501	456.906	2.746	0.559725
lcl|NW_015400808.1_cds_XP_015686291.1_22862	429	402.142	51	11.8112
lcl|NW_015400818.1_cds_XP_029142970.1_22863	872	849.426	2.52969	0.27736
lcl|NW_015400821.1_cds_XP_015686293.1_22864	924	896.144	2	0.207852
lcl|NW_015400834.1_cds_XP_015686294.1_22865	708	669.949	0	0
lcl|NW_015400844.1_cds_XP_015686295.1_22866	591	589.207	17.2784	2.73109
lcl|NW_015400851.1_cds_XP_015686296.1_22867	582	552.872	13	2.18988
lcl|NW_015400851.1_cds_XP_015686297.1_22868	426	405.428	45.494	10.4506
lcl|NW_015400859.1_cds_XP_015686299.1_22869	636	587.274	0	0
lcl|NW_015400864.1_cds_XP_015686300.1_22870	849	827.524	6.06914	0.683043
lcl|NW_015400865.1_cds_XP_015686301.1_22871	414	375.949	0	0
lcl|NW_015400885.1_cds_XP_015686302.1_22872	699	699.531	1.90394	0.253482
lcl|NW_015400889.1_cds_XP_015686303.1_22873	432	405.654	0	0
lcl|NW_015400911.1_cds_XP_015686304.1_22874	634	595.949	0	0
lcl|NW_015400915.1_cds_XP_015686305.1_22875	426	354.6	5.10819	1.34162
lcl|NW_015400916.1_cds_XP_015686306.1_22876	1009	917.895	0	0
lcl|NW_015400917.1_cds_XP_015686307.1_22877	351	339.621	60.9955	16.7265
lcl|NW_015400920.1_cds_XP_015686308.1_22878	918	753.754	28.5361	3.52586
lcl|NW_015400925.1_cds_XP_015686309.1_22879	543	496.817	5.91891	1.10955
lcl|NW_015400926.1_cds_XP_015686310.1_22880	734	695.949	0	0
lcl|NW_015400946.1_cds_XP_015686311.1_22881	903	864.949	0	0
lcl|NW_015400948.1_cds_XP_029142972.1_22882	939	900.949	0	0
lcl|NW_015400956.1_cds_XP_015686312.1_22883	510	477.547	26.1605	5.10189
lcl|NW_015400973.1_cds_XP_015686313.1_22884	771	653.442	3626	516.799
lcl|NW_015400975.1_cds_XP_015686314.1_22885	408	391.839	276.976	65.8318
lcl|NW_015400978.1_cds_XP_015686315.1_22886	414	406.013	113.29	25.9868
lcl|NW_015400980.1_cds_XP_015686317.1_22887	630	591.949	0	0
lcl|NW_015400980.1_cds_XP_015686318.1_22888	411	372.949	0	0
lcl|NW_015400980.1_cds_XP_015686319.1_22889	312	273.949	0	0
lcl|NW_015400983.1_cds_XP_015686320.1_22890	348	302.117	1.60087	0.493495
lcl|NW_015400987.1_cds_XP_015686321.1_22891	370	326.764	337.044	96.0626
lcl|NW_015401017.1_cds_XP_015686323.1_22892	1398	1389.94	0	0
lcl|NW_015401041.1_cds_XP_029142973.1_22893	364	325.949	0	0
lcl|NW_015401045.1_cds_XP_015686325.1_22894	513	471.901	4.69588	0.926761
lcl|NW_015401049.1_cds_XP_015686326.1_22895	780	703.018	0	0
lcl|NW_015401091.1_cds_XP_015686328.1_22896	414	367.878	1	0.253162
lcl|NW_015401092.1_cds_XP_015686329.1_22897	360	310.475	6.10823	1.83227
lcl|NW_015401094.1_cds_XP_029142974.1_22898	397	358.949	0	0
lcl|NW_015401096.1_cds_XP_015686331.1_22899	433	363.127	44.6028	11.4394
lcl|NW_015401105.1_cds_XP_015686332.1_22900	444	400.389	0	0
lcl|NW_015401108.1_cds_XP_015686333.1_22901	623	558.919	3.58503	0.597373
lcl|NW_015401112.1_cds_XP_015686334.1_22902	330	291.949	0	0
lcl|NW_015401114.1_cds_XP_015686335.1_22903	477	456.385	1477.94	301.597
lcl|NW_015401121.1_cds_XP_015686337.1_22904	591	563.745	8.28958	1.36946
lcl|NW_015401126.1_cds_XP_015686338.1_22905	591	552.949	0	0
lcl|NW_015401135.1_cds_XP_015686339.1_22906	1242	1203.95	0	0
lcl|NW_015401143.1_cds_XP_015686340.1_22907	592	545.007	0	0
lcl|NW_015401169.1_cds_XP_015686341.1_22908	505	497.053	3.91121	0.732841
lcl|NW_015401175.1_cds_XP_015686342.2_22909	1156	1134.55	57.3369	4.70666
lcl|NW_015401193.1_cds_XP_015686344.1_22910	300	289.056	0	0
lcl|NW_015401198.1_cds_XP_015686345.1_22911	318	262.416	98	34.7806
lcl|NW_015401201.1_cds_XP_015686346.1_22912	696	656.672	14.4612	2.05096
lcl|NW_015401245.1_cds_XP_015686347.1_22913	486	428.272	3.68684	0.801744
lcl|NW_015401245.1_cds_XP_015686348.1_22914	240	204.485	15.9199	7.25072
lcl|NW_015401252.1_cds_XP_015686349.1_22915	405	373.871	5.57623	1.38906
lcl|NW_015401254.1_cds_XP_015686350.1_22916	399	350.747	16.0629	4.26513
lcl|NW_015401257.1_cds_XP_015686351.1_22917	762	723.949	0	0
lcl|NW_015401270.1_cds_XP_015686352.1_22918	473	441.8	23.7552	5.00764
lcl|NW_015401277.1_cds_XP_015686353.1_22919	549	512.891	54.7074	9.93396
lcl|NW_015401293.1_cds_XP_015686354.1_22920	591	575.23	0	0
lcl|NW_015401317.1_cds_XP_015686356.1_22921	315	296.153	2.53254	0.796418
lcl|NW_015401358.1_cds_XP_015686357.1_22922	512	450.791	33.6208	6.94598
lcl|NW_015401359.1_cds_XP_015686358.1_22923	1237	1198.95	0	0
lcl|NW_015401381.1_cds_XP_015686359.1_22924	930	883.952	33.9215	3.57394
lcl|NW_015401390.1_cds_XP_015686360.1_22925	552	486.16	1.56899	0.300567
lcl|NW_015401392.1_cds_XP_015686361.2_22926	579	540.949	0	0
lcl|NW_015401414.1_cds_XP_015686362.1_22927	408	338.883	41.2837	11.3456
lcl|NW_015401415.1_cds_XP_015686363.1_22928	240	201.949	0	0
lcl|NW_015401420.1_cds_XP_029142975.1_22929	804	700.515	1.21865	0.162017
lcl|NW_015401421.1_cds_XP_015686364.1_22930	471	432.949	0	0
lcl|NW_015401426.1_cds_XP_015686365.1_22931	261	219.355	0.0619029	0.0262823
lcl|NW_015401429.1_cds_XP_015686367.1_22932	267	209.398	6.79659	3.02287
lcl|NW_015401440.1_cds_XP_015686368.1_22933	462	421.605	0	0
lcl|NW_015401445.1_cds_XP_015686369.1_22934	304	264.281	0.48372	0.170463
lcl|NW_015401447.1_cds_XP_015686370.1_22935	461	422.949	0	0
lcl|NW_015401465.1_cds_XP_029142977.1_22936	465	407.071	1.4592	0.333845
lcl|NW_015401468.1_cds_XP_015686371.2_22937	684	645.949	0	0
lcl|NW_015401472.1_cds_XP_015686372.1_22938	409	350.826	17.386	4.61541
lcl|NW_015401482.1_cds_XP_015686373.1_22939	538	499.949	0	0
lcl|NW_015401486.1_cds_XP_015686374.1_22940	636	597.949	0	0
lcl|NW_015401515.1_cds_XP_015686375.1_22941	402	353.196	0	0
lcl|NW_015401516.1_cds_XP_029142978.1_22942	3168	3129.95	0	0
lcl|NW_015401516.1_cds_XP_029142979.1_22943	1176	1137.95	0	0
lcl|NW_015401530.1_cds_XP_015686378.1_22944	537	487.691	0	0
lcl|NW_015401532.1_cds_XP_015686379.1_22945	548	509.949	0	0
lcl|NW_015401546.1_cds_XP_015686380.1_22946	303	264.949	0	0
lcl|NW_015401581.1_cds_XP_015686382.1_22947	366	309.229	25.0499	7.54444
lcl|NW_015401598.1_cds_XP_015686383.1_22948	894	855.949	0	0
lcl|NW_015401655.1_cds_XP_015686384.1_22949	1149	1038.42	2.68979	0.241239
lcl|NW_015401659.1_cds_XP_015686385.1_22950	390	351.949	0	0
lcl|NW_015401668.1_cds_XP_015686387.1_22951	1188	1157.42	114.779	9.23575
lcl|NW_015401670.1_cds_XP_015686388.1_22952	498	416.768	6.60451	1.47587
lcl|NW_015401685.1_cds_XP_015686389.1_22953	753	711.702	2.62616	0.343656
lcl|NW_015401699.1_cds_XP_015686390.1_22954	611	572.949	0	0
lcl|NW_015401712.1_cds_XP_015686391.1_22955	339	326.777	6	1.71002
lcl|NW_015401715.1_cds_XP_015686393.1_22956	298	238.464	3.08109	1.20333
lcl|NW_015401723.1_cds_XP_015686394.1_22957	394	372.343	11.7369	2.93569
lcl|NW_015401731.1_cds_XP_015686395.1_22958	756	717.949	0	0
lcl|NW_015401740.1_cds_XP_015686396.1_22959	1065	1035.26	0	0
lcl|NW_015401742.1_cds_XP_015686397.1_22960	381	342.949	0	0
lcl|NW_015401773.1_cds_XP_015686399.1_22961	484	386.914	1	0.240706
lcl|NW_015401784.1_cds_XP_015686400.1_22962	246	188.097	109.17	54.0534
lcl|NW_015401835.1_cds_XP_015686402.1_22963	612	568.58	12.9018	2.1133
lcl|NW_015401865.1_cds_XP_015686403.2_22964	475	436.949	0	0
lcl|NW_015401869.1_cds_XP_015686404.1_22965	663	626.077	0	0
lcl|NW_015401880.1_cds_XP_015686405.1_22966	558	519.949	0	0
lcl|NW_015401881.1_cds_XP_015686406.1_22967	966	882.425	3.14307	0.331725
lcl|NW_015401892.1_cds_XP_015686409.1_22968	602	563.949	0	0
lcl|NW_015401907.1_cds_XP_015686410.1_22969	435	396.949	0	0
lcl|NW_015401913.1_cds_XP_015686411.1_22970	1081	1042.95	0	0
lcl|NW_015401921.1_cds_XP_015686412.1_22971	543	489.563	276.903	52.6769
lcl|NW_015401955.1_cds_XP_015686413.1_22972	1188	1158.93	1.22071	0.0980965
lcl|NW_015401960.1_cds_XP_015686414.1_22973	423	384.949	0	0
lcl|NW_015401968.1_cds_XP_015686415.1_22974	648	549.181	14.2224	2.41189
lcl|NW_015401983.1_cds_XP_015686416.1_22975	897	776.447	14	1.67926
lcl|NW_015401995.1_cds_22976	519	514.836	45.955	8.31313
lcl|NW_015401996.1_cds_XP_015686417.1_22977	285	260.684	2.48896	0.889213
lcl|NW_015402016.1_cds_XP_015686418.1_22978	299	260.949	0	0
lcl|NW_015402018.1_cds_XP_015686420.1_22979	528	450.631	3	0.620014
lcl|NW_015402062.1_cds_XP_015686421.1_22980	602	559.878	100.527	16.7221
lcl|NW_015402071.1_cds_XP_015686422.1_22981	603	564.949	0	0
lcl|NW_015402082.1_cds_XP_015686423.1_22982	520	486.08	24.7358	4.73936
lcl|NW_015402086.1_cds_XP_015686424.1_22983	234	168.667	6.18343	3.4143
lcl|NW_015402089.1_cds_XP_015686425.1_22984	702	663.949	0	0
lcl|NW_015402134.1_cds_XP_015686427.1_22985	453	414.949	0	0
lcl|NW_015402141.1_cds_XP_015686428.1_22986	616	551.518	3.33334	0.562886
lcl|NW_015402153.1_cds_XP_015686429.1_22987	292	251.706	5.53391	2.04758
lcl|NW_015402155.1_cds_XP_015686430.2_22988	393	365.13	8.00985	2.04305
lcl|NW_015402161.1_cds_XP_015686431.1_22989	1222	1183.95	0	0
lcl|NW_015402168.1_cds_XP_015686433.1_22990	456	420.531	28.5815	6.32977
lcl|NW_015402173.1_cds_XP_015686434.1_22991	354	290.221	17.8089	5.71492
lcl|NW_015402175.1_cds_XP_015686435.1_22992	271	217.828	0	0
lcl|NW_015402209.1_cds_XP_015686436.1_22993	612	585.318	1.2757	0.202982
lcl|NW_015402214.1_cds_XP_015686437.1_22994	282	243.949	0	0
lcl|NW_015402238.1_cds_XP_015686438.1_22995	357	332.637	0	0
lcl|NW_015402242.1_cds_XP_015686439.1_22996	525	457.897	6.33539	1.28857
lcl|NW_015402255.1_cds_XP_015686440.1_22997	639	600.949	0	0
lcl|NW_015402259.1_cds_XP_015686442.1_22998	423	374.208	5.46708	1.36064
lcl|NW_015402264.1_cds_XP_015686443.1_22999	644	605.949	0	0
lcl|NW_015402267.1_cds_XP_015686444.1_23000	373	275.864	10.4268	3.52013
lcl|NW_015402271.1_cds_XP_029142981.1_23001	1014	1021.76	0.0430389	0.00392294
lcl|NW_015402303.1_cds_XP_015686445.1_23002	486	435.39	0	0
lcl|NW_015402304.1_cds_XP_015686446.1_23003	316	275.549	0.498924	0.168631
lcl|NW_015402314.1_cds_XP_015686447.1_23004	322	275.749	6.03217	2.03733
lcl|NW_015402325.1_cds_XP_015686448.1_23005	365	326.949	0	0
lcl|NW_015402340.1_cds_XP_015686449.1_23006	1257	1218.95	0	0
lcl|NW_015402357.1_cds_XP_015686450.1_23007	894	855.949	0	0
lcl|NW_015402359.1_cds_XP_015686452.1_23008	280	241.949	0	0
lcl|NW_015402381.1_cds_XP_015686453.1_23009	455	413.997	1	0.224959
lcl|NW_015402384.1_cds_XP_015686454.1_23010	678	627.629	20.9598	3.11018
lcl|NW_015402448.1_cds_XP_015686455.1_23011	684	631.282	1	0.147529
lcl|NW_015402473.1_cds_XP_029142982.1_23012	816	777.949	0	0
lcl|NW_015402559.1_cds_XP_015686456.1_23013	432	391.721	8.918	2.12027
lcl|NW_015402599.1_cds_XP_015686457.1_23014	363	318.408	9.76893	2.85735
lcl|NW_015402618.1_cds_XP_015686458.1_23015	393	314.759	4.69708	1.3898
lcl|NW_015402622.1_cds_XP_029142983.1_23016	816	705.649	5	0.659906
lcl|NW_015402623.1_cds_XP_015686460.1_23017	660	653.314	1.49521	0.213148
lcl|NW_015402631.1_cds_XP_015686461.1_23018	474	429.067	50	10.8529
lcl|NW_015402659.1_cds_XP_029142984.1_23019	1269	1230.95	0	0
lcl|NW_015402665.1_cds_XP_029142985.1_23020	1324	1271.14	0.21186	0.0155223
lcl|NW_015402738.1_cds_XP_029142986.1_23021	520	481.186	1.09027	0.211019
lcl|NW_015402756.1_cds_XP_015686465.1_23022	271	232.949	0	0
lcl|NW_015402822.1_cds_XP_015686466.2_23023	858	819.949	0	0
lcl|NW_015402829.1_cds_XP_015686467.1_23024	240	208.918	41.5406	18.5182
lcl|NW_015402840.1_cds_XP_015686468.1_23025	144	107.291	91	78.991
lcl|NW_015402847.1_cds_XP_015686469.1_23026	312	273.949	0	0
lcl|NW_015402983.1_cds_XP_015686472.1_23027	385	346.949	0	0
lcl|NW_015403009.1_cds_XP_015686473.1_23028	690	652.431	11.2119	1.60047
lcl|NW_015403020.1_cds_XP_015686475.1_23029	379	297.018	1	0.313558
lcl|NW_015403035.1_cds_XP_015686476.2_23030	372	326.775	19.4225	5.53553
lcl|NW_015403091.1_cds_XP_015686477.1_23031	600	539.36	4.61037	0.796083
lcl|NW_015403094.1_cds_XP_015686478.1_23032	318	274.861	0	0
lcl|NW_015403146.1_cds_XP_015686481.1_23033	339	264.721	28.6952	10.0954
lcl|NW_015403190.1_cds_XP_015686482.1_23034	516	483.871	0	0
lcl|NW_015403193.1_cds_XP_029142987.1_23035	852	829.969	1.26355	0.141786
lcl|NW_015403303.1_cds_XP_015686484.1_23036	334	287.622	0.718238	0.232566
lcl|NW_015403324.1_cds_XP_015686487.1_23037	327	273.118	7.2534	2.47339
lcl|NW_015403332.1_cds_XP_015686488.1_23038	258	219.949	0	0
lcl|NW_015403366.1_cds_XP_015686489.1_23039	438	395.396	8.58718	2.02264
lcl|NW_015403369.1_cds_XP_015686490.1_23040	521	505.472	6.83678	1.25967
lcl|NW_015403380.1_cds_XP_029142988.1_23041	528	458.229	4.9814	1.01244
lcl|NW_015403381.1_cds_XP_015686491.1_23042	318	268.925	1.1302	0.391404
lcl|NW_015403440.1_cds_XP_015686492.1_23043	255	216.949	0	0
lcl|NW_015403463.1_cds_XP_015686493.1_23044	261	221.958	4	1.67838
lcl|NW_015403477.1_cds_XP_015686494.1_23045	792	753.949	0	0
lcl|NW_015403480.1_cds_XP_015686495.1_23046	498	451.333	9.01534	1.86032
lcl|NW_015403482.1_cds_XP_015686497.1_23047	373	352.04	0	0
lcl|NW_015403614.1_cds_23048	438	399.949	0	0
lcl|NW_015403631.1_cds_XP_015686498.1_23049	298	259.949	0	0
lcl|NW_015403665.1_cds_XP_029142990.1_23050	643	604.949	0	0
lcl|NW_015403678.1_cds_XP_015686499.1_23051	391	352.949	0	0
lcl|NW_015403711.1_cds_XP_015686500.2_23052	280	241.949	0	0
lcl|NW_015403716.1_cds_XP_015686501.1_23053	265	200.139	196.998	91.6709
lcl|NW_015403767.1_cds_XP_015686502.1_23054	309	244.556	384.106	146.276
lcl|NW_015403797.1_cds_XP_015686503.1_23055	309	256.365	14	5.08594
lcl|NW_015403816.1_cds_XP_015686505.1_23056	297	258.949	0	0
lcl|NW_015403827.1_cds_XP_015686506.1_23057	843	788.846	14.7881	1.74591
lcl|NW_015403934.1_cds_XP_015686508.1_23058	345	281.932	7	2.31236
lcl|NW_015404021.1_cds_XP_015686510.1_23059	342	293.421	1.90114	0.603426
lcl|NW_015404054.1_cds_XP_015686511.1_23060	324	265.812	79.3346	27.7965
lcl|NW_015404104.1_cds_XP_015686513.1_23061	799	760.949	0	0
lcl|NW_015404106.1_cds_XP_015686514.1_23062	324	274.919	4	1.35505
lcl|NW_015404130.1_cds_XP_015686515.1_23063	343	321.924	8.6771	2.51029
lcl|NW_015404146.1_cds_XP_015686516.1_23064	249	210.033	0	0
lcl|NW_015404154.1_cds_XP_015686517.1_23065	409	370.949	0	0
lcl|NW_015404172.1_cds_XP_015686518.1_23066	438	395.467	7.27047	1.7122
lcl|NW_015404182.1_cds_XP_015686519.2_23067	405	366.949	0	0
lcl|NW_015404225.1_cds_XP_015686520.1_23068	327	288.949	0	0
lcl|NW_015404266.1_cds_XP_015686522.1_23069	315	283.434	10.9006	3.58179
lcl|NW_015404299.1_cds_XP_015686524.1_23070	321	287.58	4.78801	1.55059
lcl|NW_015404316.1_cds_XP_015686525.1_23071	246	202.325	5.27571	2.42847
lcl|NW_015404327.1_cds_XP_015686526.1_23072	384	345.949	0	0
lcl|NW_015404366.1_cds_XP_015686527.1_23073	282	243.949	0	0
lcl|NW_015404369.1_cds_XP_015686528.1_23074	582	484.268	6.37642	1.22629
lcl|NW_015404404.1_cds_XP_015686529.1_23075	951	905.019	18	1.85232
lcl|NW_015404429.1_cds_XP_015686531.1_23076	417	375.499	2.28498	0.566728
lcl|NW_015404454.1_cds_XP_015686532.1_23077	291	283.731	4.33519	1.423
lcl|NW_015404456.1_cds_XP_015686534.1_23078	253	218.013	5.03806	2.1522
lcl|NW_015404484.1_cds_XP_015686535.1_23079	498	459.949	0	0
lcl|NW_015404532.1_cds_XP_015686536.1_23080	180	122.429	3286.45	2500.01
lcl|NW_015404585.1_cds_XP_015686537.1_23081	375	336.949	0	0
lcl|NW_015404620.1_cds_XP_015686538.1_23082	469	410.834	0	0
lcl|NW_015404622.1_cds_23083	417	395.578	3.31515	0.780501
lcl|NW_015404702.1_cds_XP_015686540.2_23084	422	394.943	41.18	9.71076
lcl|NW_015404725.1_cds_XP_015686541.1_23085	498	428.466	1.33353	0.289861
lcl|NW_015404748.1_cds_XP_015686542.1_23086	492	472.115	29.4716	5.81375
lcl|NW_015404808.1_cds_XP_015686543.1_23087	519	480.949	0	0
lcl|NW_015404857.1_cds_XP_015686545.1_23088	769	711.06	7.24099	0.948403
lcl|NW_015404877.1_cds_XP_029142991.1_23089	582	543.949	0	0
lcl|NW_015404931.1_cds_XP_015686548.1_23090	408	369.949	0	0
lcl|NW_015404958.1_cds_XP_015686549.1_23091	973	948.808	15.128	1.48492
lcl|NW_015404999.1_cds_23092	315	276.477	66.9575	22.5549
lcl|NW_015405029.1_cds_XP_015686550.1_23093	759	731.505	15	1.90974
lcl|NW_015405034.1_cds_XP_015686551.1_23094	258	212.107	4843.52	2126.71
lcl|NW_015405050.1_cds_XP_029142992.1_23095	1244	1226.49	2.59271	0.196875
lcl|NW_015405085.1_cds_XP_015686553.1_23096	570	531.949	0	0
lcl|NW_015405115.1_cds_XP_015686554.1_23097	647	546.594	4.20915	0.717186
lcl|NW_015405117.1_cds_XP_029142993.1_23098	906	852.394	1	0.10926
lcl|NW_015405127.1_cds_XP_015686555.1_23099	210	134.579	4.5	3.11412
lcl|NW_015405224.1_cds_XP_015686557.1_23100	327	288.949	0	0
lcl|NW_015405272.1_cds_XP_015686558.1_23101	712	673.949	0	0
lcl|NW_015405294.1_cds_XP_015686559.1_23102	498	459.949	0	0
lcl|NW_015405352.1_cds_XP_015686560.1_23103	444	361.242	13	3.35156
lcl|NW_015405357.1_cds_XP_015686561.1_23104	264	223.082	2	0.83496
lcl|NW_015405376.1_cds_XP_015686563.1_23105	478	439.949	0	0
lcl|NW_015405413.1_cds_XP_015686564.1_23106	432	393.949	0	0
lcl|NW_015405419.1_cds_XP_015686565.1_23107	171	135.888	2226	1525.62
lcl|NW_015405430.1_cds_XP_015686566.1_23108	364	338.478	20.4477	5.62621
lcl|NW_015405432.1_cds_XP_015686567.1_23109	444	378.435	0	0
lcl|NW_015405437.1_cds_XP_015686568.1_23110	526	452.77	4	0.822781
lcl|NW_015405500.1_cds_23111	420	422.954	0	0
lcl|NW_015405500.1_cds_23112	420	425.11	32.2962	7.0754
lcl|NW_015405539.1_cds_XP_015686570.1_23113	477	458.475	179.495	36.4618
lcl|NW_015405640.1_cds_XP_015686571.1_23114	360	319.199	1.17778	0.343641
lcl|NW_015405778.1_cds_XP_015686572.1_23115	305	259.376	4.75569	1.7076
lcl|NW_015405787.1_cds_XP_015686573.1_23116	189	167.925	3.68711	2.04491
lcl|NW_015405807.1_cds_XP_015686574.1_23117	321	288.589	33.4504	10.795
lcl|NW_015405818.1_cds_XP_015686575.1_23118	282	237.756	20	7.83431
lcl|NW_015405828.1_cds_XP_015686576.1_23119	315	274.596	5	1.69581
lcl|NW_015405963.1_cds_XP_015686578.1_23120	370	331.949	0	0
lcl|NW_015406017.1_cds_XP_015686579.1_23121	279	243.964	0	0
lcl|NW_015406097.1_cds_XP_015686580.1_23122	237	195.002	8.65572	4.13396
lcl|NW_015406165.1_cds_XP_015686581.1_23123	871	832.949	0	0
lcl|NW_015406281.1_cds_XP_015686582.1_23124	604	527.512	1.68768	0.29796
lcl|NW_015406317.1_cds_XP_029142994.1_23125	880	713.408	4	0.522184
lcl|NW_015406383.1_cds_XP_015686584.1_23126	438	399.949	0	0
lcl|NW_015406389.1_cds_XP_029142995.1_23127	246	211.014	4	1.76543
lcl|NW_015406457.1_cds_XP_015686585.1_23128	240	200.053	100091	46596.2
lcl|NW_015406459.1_cds_XP_015686586.1_23129	390	331.674	0	0
lcl|NW_015406508.1_cds_XP_015686587.1_23130	588	549.949	0	0
lcl|NW_015406571.1_cds_XP_029142996.1_23131	432	360.9	1.12612	0.290603
lcl|NW_015406579.1_cds_XP_015686588.1_23132	360	328.79	897	254.083
lcl|NW_015406602.1_cds_XP_015686589.1_23133	870	712.93	0	0
lcl|NW_015406604.1_cds_XP_015686590.2_23134	528	524.054	3.27562	0.582129
lcl|NW_015406646.1_cds_XP_015686592.1_23135	1560	1607.75	24.6483	1.42781
lcl|NW_015406703.1_cds_XP_015686593.1_23136	402	315.834	0	0
lcl|NW_015406766.1_cds_XP_015686595.1_23137	525	486.949	0	0
lcl|NW_015406774.1_cds_XP_015686596.1_23138	642	599.418	5.57337	0.865943
lcl|NW_015406884.1_cds_XP_015686597.1_23139	402	334.442	4.14676	1.15475
lcl|NW_015406906.1_cds_XP_015686598.1_23140	522	483.949	0	0
lcl|NW_015406929.1_cds_XP_015686599.1_23141	288	264.317	4.29786	1.51436
lcl|NW_015406954.1_cds_XP_029142997.1_23142	336	297.949	0	0
lcl|NW_015407044.1_cds_XP_015686601.1_23143	495	456.949	0	0
lcl|NW_015407106.1_cds_XP_015686602.1_23144	369	330.949	0	0
lcl|NW_015407157.1_cds_XP_015686603.1_23145	407	360.963	1.27687	0.329446
lcl|NW_015407225.1_cds_XP_015686605.1_23146	417	392.07	3	0.712622
lcl|NW_015407226.1_cds_XP_015686606.1_23147	324	285.949	0	0
lcl|NW_015407229.1_cds_XP_029142998.1_23148	202	172.945	36.015	19.3945
lcl|NW_015407261.1_cds_XP_015686608.1_23149	342	293.45	3	0.952114
lcl|NW_015407294.1_cds_XP_015686609.1_23150	354	298.151	89.5768	27.9808
lcl|NW_015407354.1_cds_XP_029142999.1_23151	180	141.949	0	0
lcl|NW_015407420.1_cds_XP_015686610.1_23152	526	452.77	4	0.822781
lcl|NW_015407428.1_cds_XP_015686611.1_23153	792	753.949	0	0
lcl|NW_015407476.1_cds_XP_015686612.1_23154	246	207.949	0	0
lcl|NW_015407499.1_cds_XP_015686613.1_23155	347	308.949	0	0
lcl|NW_015407521.1_cds_XP_015686614.1_23156	579	540.949	0	0
lcl|NW_015407610.1_cds_XP_015686616.1_23157	999	960.949	0	0
lcl|NW_015407621.1_cds_XP_015686617.1_23158	477	439.561	16.1823	3.42864
lcl|NW_015407676.1_cds_XP_015686618.1_23159	390	378.195	200.162	49.2909
lcl|NW_015407729.1_cds_XP_029143000.1_23160	480	441.949	0	0
lcl|NW_015407764.1_cds_XP_015686621.1_23161	522	483.949	0	0
lcl|NW_015407766.1_cds_XP_015686622.1_23162	327	289.378	2.7885	0.897441
lcl|NW_015407806.1_cds_XP_015686623.1_23163	632	593.949	0	0
lcl|NW_015407814.1_cds_XP_015686624.1_23164	369	330.949	0	0
lcl|NW_015407818.1_cds_XP_015686626.1_23165	237	177.62	47	24.6438
lcl|NW_015407885.1_cds_XP_015686628.1_23166	380	371.325	1	0.250811
lcl|NW_015407888.1_cds_XP_015686629.1_23167	318	286.117	2	0.65101
lcl|NW_015407893.1_cds_XP_015686630.1_23168	391	346.658	1	0.268658
lcl|NW_015407914.1_cds_XP_015686631.1_23169	441	402.949	0	0
lcl|NW_015407951.1_cds_XP_015686632.1_23170	318	280.651	30.9327	10.2649
lcl|NW_015407972.1_cds_23171	348	335.453	43.0675	11.9569
lcl|NW_015408023.1_cds_XP_015686633.1_23172	525	486.949	0	0
lcl|NW_015408041.1_cds_XP_015686635.1_23173	375	331.915	5.87416	1.64824
lcl|NW_015408159.1_cds_XP_015686636.1_23174	909	717.08	4	0.519509
lcl|NW_015408342.1_cds_XP_015686637.1_23175	1221	1115.1	15.3565	1.28256
lcl|NW_015408499.1_cds_XP_029143001.1_23176	465	446.242	4	0.834816
lcl|NW_015408566.1_cds_XP_015686638.1_23177	358	269.922	2	0.69007
lcl|NW_015408651.1_cds_XP_029143002.1_23178	622	583.949	0	0
lcl|NW_015408711.1_cds_XP_015686641.1_23179	177	135.641	12.2059	8.38076
lcl|NW_015408721.1_cds_XP_015686642.1_23180	810	771.949	0	0
lcl|NW_015408782.1_cds_XP_015686644.1_23181	501	419.52	38.7661	8.60598
lcl|NW_015408882.1_cds_XP_015686645.1_23182	432	393.949	0	0
lcl|NW_015408911.1_cds_XP_015686646.1_23183	186	143.676	0	0
lcl|NW_015408964.1_cds_XP_029143003.1_23184	528	489.949	0	0
lcl|NW_015409053.1_cds_XP_029143004.1_23185	180	141.949	0	0
lcl|NW_015409155.1_cds_XP_029143005.1_23186	213	147.644	11.0822	6.99057
lcl|NW_015409156.1_cds_XP_015686647.1_23187	604	598.075	87.4197	13.613
lcl|NW_015409159.1_cds_XP_015686648.1_23188	462	423.949	0	0
lcl|NW_015409163.1_cds_XP_015686649.1_23189	463	382.3	0	0
lcl|NW_015409164.1_cds_XP_015686650.1_23190	457	418.949	0	0
lcl|NW_015409177.1_cds_23191	418	405.393	12.7725	2.93428
lcl|NW_015409293.1_cds_XP_015686652.1_23192	492	453.949	0	0
lcl|NW_015409350.1_cds_XP_015686653.1_23193	271	232.949	0	0
lcl|NW_015409355.1_cds_XP_015686654.2_23194	1074	1074.94	19.9861	1.7316
lcl|NW_015409367.1_cds_XP_015686655.2_23195	837	798.949	0	0
lcl|NW_015409423.1_cds_XP_015686656.2_23196	1086	1047.95	0	0
lcl|NW_015409462.1_cds_XP_015686657.1_23197	234	202.594	1274	585.659
lcl|NW_015409540.1_cds_XP_029143006.1_23198	689	613.964	0	0
lcl|NW_015409607.1_cds_XP_015686658.1_23199	516	473.092	3	0.590577
lcl|NW_015409667.1_cds_XP_015686659.1_23200	240	186.773	14	6.98095
lcl|NW_015409761.1_cds_XP_015686660.1_23201	592	553.949	0	0
lcl|NW_015409821.1_cds_XP_015686663.1_23202	447	408.949	0	0
lcl|NW_015409952.1_cds_XP_015686664.1_23203	678	634.265	50.5277	7.41926
lcl|NW_015409962.1_cds_XP_015686665.1_23204	414	356.3	14.2382	3.7217
lcl|NW_015410133.1_cds_XP_029143007.1_23205	681	598.417	1	0.155631
lcl|NW_015410260.1_cds_XP_015686666.1_23206	351	326.899	50.8689	14.4924
lcl|NW_015410335.1_cds_XP_015686667.1_23207	570	504.881	63.0286	11.6265
lcl|NW_015410390.1_cds_XP_015686668.1_23208	365	326.949	0	0
lcl|NW_015410474.1_cds_XP_015686670.1_23209	291	218.435	5.91124	2.52033
lcl|NW_015410497.1_cds_XP_015686671.1_23210	271	232.949	0	0
lcl|NW_015410528.1_cds_XP_015686672.1_23211	465	426.949	0	0
lcl|NW_015410669.1_cds_XP_015686673.1_23212	121	68.2103	78	106.499
lcl|NW_015410685.1_cds_XP_015686674.1_23213	405	361.631	5.41035	1.39335
lcl|NW_015410687.1_cds_XP_015686675.1_23214	183	149.027	4271	2669.1
lcl|NW_015410720.1_cds_XP_015686676.1_23215	255	196.324	56.4232	26.7662
lcl|NW_015410788.1_cds_XP_015686680.1_23216	261	222.949	0	0
lcl|NW_015410815.1_cds_XP_015686681.1_23217	375	336.949	0	0
lcl|NW_015410930.1_cds_XP_015686682.1_23218	311	248.28	7.56432	2.83745
lcl|NW_015410992.1_cds_XP_015686683.1_23219	384	321.266	1.10838	0.321311
lcl|NW_015411007.1_cds_XP_029143008.1_23220	280	241.949	0	0
lcl|NW_015411103.1_cds_XP_015686685.1_23221	414	333.803	9.80028	2.73432
lcl|NW_015411157.1_cds_XP_029143009.1_23222	258	219.949	0	0
lcl|NW_015411158.1_cds_XP_015686686.1_23223	414	382.137	23.0855	5.62628
lcl|NW_015411191.1_cds_XP_015686687.1_23224	405	343.663	0	0
lcl|NW_015411239.1_cds_XP_015686689.1_23225	418	379.949	0	0
lcl|NW_015411262.1_cds_XP_029143010.1_23226	447	438.442	10.0043	2.12508
lcl|NW_015411274.1_cds_XP_015686691.1_23227	293	243.4	7.90348	3.02412
lcl|NW_015411281.1_cds_XP_015686692.2_23228	276	240.162	18153.3	7039.69
lcl|NW_015411520.1_cds_XP_015686696.2_23229	1086	1047.95	0	0
lcl|NW_015411554.1_cds_XP_015686697.1_23230	258	210.777	0.50783	0.224387
lcl|NW_015411561.1_cds_XP_015686698.1_23231	423	384.949	0	0
lcl|NW_015411584.1_cds_XP_015686699.1_23232	450	403.351	0	0
lcl|NW_015411586.1_cds_XP_029143011.1_23233	633	591.576	44	6.92697
lcl|NW_015411628.1_cds_XP_015686700.1_23234	361	321.796	6.67822	1.93278
lcl|NW_015411802.1_cds_XP_015686702.1_23235	939	900.949	0	0
lcl|NW_015411822.1_cds_XP_015686703.1_23236	192	139.472	419	279.788
lcl|NW_015411879.1_cds_XP_015686704.1_23237	168	105.343	166	146.759
lcl|NW_015411898.1_cds_23238	315	269.211	0	0
lcl|NW_015411937.1_cds_XP_029143012.1_23239	1094	1106.05	2.49171	0.209809
lcl|NW_015412001.1_cds_XP_015686706.1_23240	456	401.456	5	1.15994
lcl|NW_015412008.1_cds_XP_015686707.1_23241	330	291.949	0	0
lcl|NW_015412084.1_cds_XP_015686709.1_23242	945	906.949	0	0
lcl|NW_015412147.1_cds_XP_029143013.1_23243	253	217.744	5	2.13858
lcl|NW_015412208.1_cds_XP_029143014.1_23244	398	359.949	0	0
lcl|NW_015412351.1_cds_XP_015686711.1_23245	483	444.949	0	0
lcl|NW_015412380.1_cds_XP_015686712.1_23246	939	900.949	0	0
lcl|NW_015412492.1_cds_XP_015686713.1_23247	369	297.947	3	0.937742
lcl|NW_015412494.1_cds_XP_015686714.1_23248	663	624.949	0	0
lcl|NW_015412573.1_cds_XP_015686716.1_23249	456	417.949	0	0
lcl|NW_015412677.1_cds_XP_015686717.1_23250	294	267.851	40	13.9081
lcl|NW_015412828.1_cds_XP_015686718.1_23251	477	438.949	0	0
lcl|NW_015412925.1_cds_XP_029143015.1_23252	1017	997.842	11.099	1.03591
lcl|NW_015412970.1_cds_XP_029143016.1_23253	1077	1038.95	0	0
lcl|NW_015412986.1_cds_23254	314	275.949	0	0
lcl|NW_015413068.1_cds_XP_015686722.1_23255	718	651.007	15.9814	2.28628
lcl|NW_015413292.1_cds_XP_015686723.1_23256	585	520.834	0	0
lcl|NW_015413773.1_cds_XP_029143017.1_23257	1152	1197.12	3.4585	0.26906
lcl|NW_015413800.1_cds_XP_015686726.1_23258	294	255.949	0	0
lcl|NW_015413815.1_cds_XP_015686727.1_23259	231	194.924	7.35055e-05	3.51201e-05
lcl|NW_015413825.1_cds_XP_015686728.2_23260	344	286.656	0	0
lcl|NW_015413921.1_cds_XP_015686729.2_23261	234	181.407	1	0.513391
lcl|NW_015413933.1_cds_XP_015686730.1_23262	237	187.392	17	8.44886
lcl|NW_015414007.1_cds_XP_015686732.1_23263	277	220.822	1	0.421753
lcl|NW_015414079.1_cds_XP_015686733.1_23264	225	176.528	7.12357	3.75825
lcl|NW_015414202.1_cds_XP_015686734.1_23265	132	99.056	54	50.7708
lcl|NW_015414211.1_cds_XP_015686735.1_23266	492	421.839	10.297	2.27334
lcl|NW_015414338.1_cds_XP_015686736.1_23267	645	606.949	0	0
lcl|NW_015414451.1_cds_XP_029143018.1_23268	240	201.949	0	0
lcl|NW_015414516.1_cds_XP_015686737.1_23269	283	219.406	12.5509	5.32755
lcl|NW_015414519.1_cds_XP_015686738.1_23270	267	204.15	6.13696	2.79965
lcl|NW_015414564.1_cds_XP_015686739.1_23271	304	269.619	1	0.345422
lcl|NW_015414617.1_cds_XP_015686740.2_23272	498	408.244	18	4.10633
lcl|NW_015414678.1_cds_XP_029143019.1_23273	660	621.949	0	0
lcl|NW_015414796.1_cds_23274	315	277.017	374.647	125.956
lcl|NW_015414963.1_cds_XP_015686744.1_23275	606	571.763	40	6.51546
lcl|NW_015414983.1_cds_XP_015686745.1_23276	499	462.738	5.19085	1.04473
lcl|NW_015415051.1_cds_XP_029143020.1_23277	417	358.69	1.0644	0.276367
lcl|NW_015415137.1_cds_XP_015686746.1_23278	603	564.949	0	0
lcl|NW_015415219.1_cds_XP_015686747.1_23279	858	811.523	6	0.688575
lcl|NW_015415471.1_cds_XP_015686751.1_23280	396	313.465	1	0.297106
lcl|NW_015415582.1_cds_XP_015686752.1_23281	527	434.425	5.04229	1.08097
lcl|NW_015415657.1_cds_XP_015686753.1_23282	271	232.949	0	0
lcl|NW_015415777.1_cds_XP_029143021.1_23283	321	282.949	0	0
lcl|NW_015415815.1_cds_XP_015686754.1_23284	939	900.949	0	0
lcl|NW_015416002.1_cds_XP_015686755.1_23285	703	640.113	12.1724	1.77101
lcl|NW_015416013.1_cds_XP_015686756.1_23286	1221	1112.9	20.6435	1.72755
lcl|NW_015416014.1_cds_XP_015686757.1_23287	447	408.949	0	0
lcl|NW_015416188.1_cds_XP_015686759.1_23288	323	278.703	7.70897	2.57606
lcl|NW_015416282.1_cds_XP_015686762.1_23289	678	639.949	0	0
lcl|NW_015416358.1_cds_XP_015686763.1_23290	549	510.949	0	0
lcl|NW_015416583.1_cds_XP_015686765.2_23291	1499	1462.06	6.84818	0.436225
lcl|NW_015416679.1_cds_XP_015686767.1_23292	289	251.777	12	4.43882
lcl|NW_015416811.1_cds_XP_015686768.1_23293	330	291.949	0	0
lcl|NW_015416913.1_cds_XP_015686769.1_23294	1591	1519.43	2.67282	0.163829
lcl|NW_015416935.1_cds_XP_015686770.1_23295	375	336.949	0	0
lcl|NW_015417411.1_cds_XP_015686773.1_23296	321	263.726	1	0.353141
lcl|NW_015417535.1_cds_XP_015686775.2_23297	996	973.839	0	0
lcl|NW_015417661.1_cds_XP_015686776.1_23298	492	446.535	1.92276	0.401024
lcl|NW_015417813.1_cds_XP_029143022.1_23299	468	429.949	0	0
lcl|NW_015418011.1_cds_XP_015686777.1_23300	528	489.603	16.5081	3.14018
lcl|NW_015418188.1_cds_XP_015686779.1_23301	342	303.949	0	0
lcl|NW_015418325.1_cds_XP_015686780.1_23302	672	633.949	0	0
lcl|NW_015418332.1_cds_XP_015686781.1_23303	732	663.496	8.02599	1.12658
lcl|NW_015418483.1_cds_XP_029143024.1_23304	376	346.139	1	0.269061
lcl|NW_015418863.1_cds_XP_015686783.1_23305	233	165.245	169	95.2488
lcl|NW_015418915.1_cds_XP_015686784.1_23306	969	936.226	11.4036	1.13439
lcl|NW_015419022.1_cds_XP_015686785.2_23307	393	354.949	0	0
lcl|NW_015419075.1_cds_XP_015686787.2_23308	233	165.245	169	95.2488
lcl|NW_015419300.1_cds_XP_015686789.1_23309	951	912.949	0	0
lcl|NW_015419434.1_cds_XP_015686790.1_23310	1152	1186.43	31.4292	2.46713
lcl|NW_015419628.1_cds_XP_015686792.1_23311	960	921.949	0	0
lcl|NW_015419722.1_cds_XP_015686793.1_23312	342	303.949	0	0
lcl|NW_015419861.1_cds_XP_015686794.1_23313	253	214.949	0	0
lcl|NW_015419958.1_cds_XP_015686795.1_23314	1398	1470.23	1.76281	0.111666
lcl|NW_015420124.1_cds_XP_029143025.1_23315	240	176.663	0.5	0.263588
lcl|NW_015420333.1_cds_XP_015686797.1_23316	327	288.949	0	0
lcl|NW_015420346.1_cds_XP_015686798.2_23317	375	336.949	0	0
lcl|NW_015420489.1_cds_XP_015686799.1_23318	283	223.729	1.5	0.624411
lcl|NW_015420682.1_cds_XP_015686800.2_23319	864	725.09	0	0
lcl|NW_015420730.1_cds_XP_015686801.1_23320	708	669.949	0	0
lcl|NW_015420881.1_cds_XP_015686802.1_23321	300	261.949	0	0
lcl|NW_015420896.1_cds_XP_015686803.2_23322	716	673.107	6.08403	0.841799
lcl|NW_015420952.1_cds_XP_029143026.1_23323	597	558.949	0	0
lcl|NW_015421098.1_cds_XP_015686805.1_23324	255	202.351	1	0.460252
lcl|NW_015421208.1_cds_XP_015686806.1_23325	283	258.605	0	0
lcl|NW_015421213.1_cds_XP_015686807.1_23326	286	232.962	1177.55	470.756
lcl|NW_015421473.1_cds_XP_015686808.1_23327	286	232.962	1177.55	470.756
lcl|NW_015421627.1_cds_XP_015686810.1_23328	312	273.949	0	0
lcl|NW_015421669.1_cds_23329	420	417.249	17.0762	3.8115
lcl|NW_015421816.1_cds_XP_015686811.2_23330	359	312.515	6	1.78806
lcl|NW_015421845.1_cds_XP_029143027.1_23331	528	461.316	0.018603	0.00375565
lcl|NW_015421902.1_cds_XP_015686812.1_23332	273	234.949	0	0
lcl|NW_015422009.1_cds_XP_015686814.2_23333	1244	1225.03	2	0.152049
lcl|NW_015422141.1_cds_XP_015686815.1_23334	267	222.7	1.16781	0.488373
lcl|NW_015422208.1_cds_XP_015686816.1_23335	468	429.949	0	0
lcl|NW_015422590.1_cds_23336	366	347.851	0	0
lcl|NW_015422828.1_cds_XP_029143028.1_23337	636	597.949	0	0
lcl|NW_015422872.1_cds_XP_015686818.2_23338	280	241.949	0	0
lcl|NW_015422975.1_cds_XP_015686819.1_23339	306	262.663	1.33186	0.472238
lcl|NW_015422980.1_cds_XP_015686820.1_23340	488	439.988	40.4062	8.5528
lcl|NW_015423147.1_cds_XP_015686822.1_23341	244	205.949	0	0
lcl|NW_015423170.1_cds_XP_015686823.1_23342	300	261.949	0	0
lcl|NW_015423192.1_cds_XP_015686824.1_23343	331	287.285	26.0431	8.44269
lcl|NW_015423270.1_cds_XP_015686825.2_23344	710	637.066	0	0
lcl|NW_015423310.1_cds_XP_015686826.1_23345	258	219.949	0	0
lcl|NW_015423323.1_cds_XP_029143030.1_23346	339	300.949	0	0
lcl|NW_015423354.1_cds_XP_029143031.1_23347	339	300.949	0	0
lcl|NW_015423476.1_cds_XP_015686827.1_23348	656	618.559	5	0.752818
lcl|NW_015423586.1_cds_XP_029143032.1_23349	549	510.949	0	0
lcl|NW_015423607.1_cds_XP_015686828.1_23350	1236	1197.95	0	0
lcl|NW_015423772.1_cds_XP_015686831.1_23351	939	900.949	0	0
lcl|NW_015424158.1_cds_XP_015686832.1_23352	549	510.949	0	0
lcl|NW_015424336.1_cds_XP_015686833.1_23353	1311	1226.13	14.7017	1.11669
lcl|NW_015424709.1_cds_XP_029143033.1_23354	240	176.663	0.5	0.263588
lcl|NW_015424720.1_cds_XP_015686834.1_23355	321	251.638	5.98452	2.2149
lcl|NW_015424920.1_cds_XP_029143034.1_23356	447	428.376	5.68211	1.23534
lcl|NW_015424944.1_cds_XP_015686835.1_23357	1250	1205.61	8.16572	0.630799
lcl|NW_015425105.1_cds_XP_015686836.1_23358	48	15.115	0	0
lcl|NW_015425274.1_cds_XP_029143035.1_23359	1005	966.949	0	0
lcl|NW_015425337.1_cds_XP_029143036.1_23360	1103	1047.74	33.2723	2.95753
lcl|NW_015425353.1_cds_XP_029143037.1_23361	552	513.701	4	0.725188
lcl|NW_015425441.1_cds_XP_015686839.1_23362	603	564.949	0	0
lcl|NW_015425665.1_cds_XP_015686840.1_23363	531	492.949	0	0
lcl|NW_015425692.1_cds_XP_015686841.1_23364	302	271.375	7.1472	2.45283
lcl|NW_015425854.1_cds_XP_015686842.1_23365	449	345.293	1.02611	0.276763
lcl|NW_015425926.1_cds_XP_015686843.1_23366	813	763.835	3.52556	0.429863
lcl|NW_015426058.1_cds_XP_029143038.1_23367	119	90.6289	2.45324	2.52101
lcl|NW_015426429.1_cds_XP_015686844.1_23368	514	500.879	34.8184	6.47407
lcl|NW_015426582.1_cds_23369	318	275.757	30.0307	10.1424
lcl|NW_015426716.1_cds_XP_015686845.1_23370	1242	1203.95	0	0
lcl|NW_015426756.1_cds_XP_015686846.1_23371	282	243.949	0	0
lcl|NW_015427296.1_cds_XP_015686849.2_23372	288	207.094	224	100.735
lcl|NW_015427353.1_cds_XP_015686850.1_23373	240	182.657	1568	799.485
lcl|NW_015427421.1_cds_XP_015686851.1_23374	357	262.579	26.4335	9.37552
lcl|NW_015427421.1_cds_XP_015686852.1_23375	297	216.618	27.5665	11.8519
lcl|NW_015427495.1_cds_XP_015686853.1_23376	247	208.949	0	0
lcl|NW_015427573.1_cds_XP_015686854.1_23377	312	273.949	0	0
lcl|NW_015427787.1_cds_XP_015686856.1_23378	510	471.949	0	0
lcl|NW_015428038.1_cds_XP_015686858.1_23379	334	237.241	1	0.392566
lcl|NW_015428178.1_cds_XP_015686859.1_23380	283	223.729	1.5	0.624411
lcl|NW_015428433.1_cds_XP_015686861.1_23381	271	232.949	0	0
lcl|NW_015428588.1_cds_XP_015686862.1_23382	279	240.949	0	0
lcl|NW_015428800.1_cds_XP_015686863.1_23383	1188	1269.14	1.56289	0.114689
lcl|NW_015428853.1_cds_XP_015686864.1_23384	282	243.949	0	0
lcl|NW_015428933.1_cds_XP_015686866.1_23385	316	277.949	0	0
lcl|NW_015428975.1_cds_XP_015686867.1_23386	756	757.965	1	0.122872
lcl|NW_015429017.1_cds_XP_015686868.1_23387	156	117.949	0	0
lcl|NW_015429083.1_cds_23388	301	253.475	0	0
lcl|NW_015429088.1_cds_XP_029143040.1_23389	907	919.782	8.0761	0.817745
lcl|NW_015429342.1_cds_XP_015686870.1_23390	75	37.0495	348	874.778
lcl|NW_015429460.1_cds_XP_015686871.1_23391	240	179.867	0	0
lcl|NW_015429637.1_cds_XP_015686872.1_23392	813	823.39	12353.1	1397.24
lcl|NW_015429766.1_cds_XP_015686873.1_23393	313	274.949	0	0
lcl|NW_015429798.1_cds_XP_015686874.1_23394	786	746.178	1	0.124813
lcl|NW_015430070.1_cds_XP_029143041.1_23395	660	621.949	0	0
lcl|NW_015430118.1_cds_XP_029143042.1_23396	636	581.852	116	18.5672
lcl|NW_015430269.1_cds_23397	301	262.408	0	0
lcl|NW_015430311.1_cds_XP_015686877.1_23398	679	640.949	0	0
lcl|NW_015430358.1_cds_XP_015686878.1_23399	273	234.949	0	0
lcl|NW_015430364.1_cds_XP_015686879.1_23400	465	445.785	179	37.3963
lcl|NW_015430392.1_cds_XP_015686880.1_23401	426	326.904	8	2.27914
lcl|NW_015430427.1_cds_XP_015686881.1_23402	237	198.949	0	0
lcl|NW_015430621.1_cds_XP_029143043.1_23403	900	878.315	3.73645	0.396196
lcl|NW_015430671.1_cds_XP_015686882.1_23404	291	243.671	2	0.764412
lcl|NW_015430722.1_cds_XP_015686883.1_23405	373	334.949	0	0
lcl|NW_015431212.1_cds_XP_015686886.1_23406	642	603.949	0	0
lcl|NW_015431766.1_cds_23407	304	263.736	11.035	3.89677
lcl|NW_015431815.1_cds_XP_015686887.1_23408	513	474.949	0	0
lcl|NW_015432155.1_cds_XP_015686889.1_23409	299	238.71	9.36082	3.65211
lcl|NW_015432335.1_cds_XP_015686891.1_23410	358	319.949	0	0
lcl|NW_015432358.1_cds_XP_015686892.2_23411	798	759.949	0	0
lcl|NW_015432464.1_cds_XP_015686893.1_23412	333	294.949	0	0
lcl|NW_015433052.1_cds_XP_015686896.1_23413	404	365.949	0	0
lcl|NW_015433350.1_cds_XP_015686897.1_23414	72	34.1368	2	5.45642
lcl|NW_015433386.1_cds_XP_015686898.1_23415	294	232.733	0	0
lcl|NW_015433434.1_cds_XP_029143044.1_23416	636	597.949	0	0
lcl|NW_015433606.1_cds_XP_015686901.1_23417	267	228.949	0	0
lcl|NW_015433882.1_cds_XP_015686902.2_23418	370	331.949	0	0
lcl|NW_015433992.1_cds_XP_015686903.1_23419	268	229.949	0	0
lcl|NW_015434287.1_cds_XP_015686904.1_23420	307	256.79	7.72177	2.80053
lcl|NW_015434321.1_cds_XP_029143045.1_23421	271	232.949	0	0
lcl|NW_015434537.1_cds_XP_015686907.1_23422	298	242.085	14.7127	5.66012
lcl|NW_015434857.1_cds_XP_015686908.2_23423	1047	1022.06	20.593	1.87648
lcl|NW_015435242.1_cds_XP_015686909.1_23424	627	587.163	0	0
lcl|NW_015435273.1_cds_XP_015686910.1_23425	711	672.949	0	0
lcl|NW_015435306.1_cds_XP_015686912.1_23426	627	581.214	0	0
lcl|NW_015435524.1_cds_XP_015686913.2_23427	471	434.913	9.84092	2.10734
lcl|NW_015435772.1_cds_XP_029143046.1_23428	564	596.509	363	56.675
lcl|NW_015435849.1_cds_XP_015686915.1_23429	271	204.883	0.206557	0.0938934
lcl|NW_015435876.1_cds_XP_015686916.1_23430	346	306.402	274.738	83.508
lcl|NW_015436254.1_cds_XP_015686918.2_23431	795	777.125	23.9579	2.87117
lcl|NW_015436271.1_cds_XP_015686920.1_23432	336	297.949	0	0
lcl|NW_015437096.1_cds_XP_029143047.1_23433	169	118.118	6.6546	5.24694
lcl|NW_015437145.1_cds_XP_015686921.2_23434	498	459.949	0	0
lcl|NW_015437231.1_cds_XP_015686922.1_23435	309	270.949	0	0
lcl|NW_015437492.1_cds_XP_015686923.1_23436	786	780.601	0	0
lcl|NW_015437829.1_cds_XP_029143048.1_23437	759	694.477	10.3619	1.38958
lcl|NC_021412.1_cds_YP_008081100.1_23438	961	1033.46	16552	1491.62
lcl|NC_021412.1_cds_YP_008081101.1_23439	1030	1075.54	31399	2718.89
lcl|NC_021412.1_cds_YP_008081102.1_23440	1602	1674.88	73324	4077.22
lcl|NC_021412.1_cds_YP_008081103.1_23441	685	666.15	3947	551.819
lcl|NC_021412.1_cds_YP_008081104.1_23442	165	121.739	261	199.669
lcl|NC_021412.1_cds_YP_008081105.1_23443	681	709.078	10688	1403.79
lcl|NC_021412.1_cds_YP_008081106.1_23444	784	829.437	22363	2511.01
lcl|NC_021412.1_cds_YP_008081107.1_23445	343	309.642	1280	384.992
lcl|NC_021412.1_cds_YP_008081108.1_23446	291	281.169	131	43.3916
lcl|NC_021412.1_cds_YP_008081109.1_23447	1338	1449.67	8840	567.918
lcl|NC_021412.1_cds_YP_008081110.1_23448	1788	1930.11	5355.92	258.437
lcl|NC_021412.1_cds_YP_008081111.1_23449	519	499.252	1999	372.902
lcl|NC_021412.1_cds_YP_008081112.1_23450	1114	1176.99	4705	372.294
